Name,Team,Position.X,Position.Y,Position.Z,ActiveWeapon,HP,Armour,Velocity.X,Velocity.Y,Velocity.Z,IsDucking,HasHelmet,HasDefuseKit,ViewDirectionX,ViewDirectionY,Map = de_inferno
FeTiSh[MB],Terrorist,-1547,464,-63.96875,Glock,100,0,0,0,0,False,False,False,262.9688,359.2969
FeTiSh[MB],Terrorist,-1547,464,-63.96875,Glock,100,0,0,0,0,False,False,False,262.9688,359.2969
FeTiSh[MB],Terrorist,-1547,464,-63.96875,Glock,100,0,0,0,0,False,False,False,262.9688,359.2969
FeTiSh[MB],Terrorist,-1547,464,-63.96875,Glock,100,0,0,0,0,False,False,False,262.9688,359.2969
FeTiSh[MB],Terrorist,-1547,464,-63.96875,Glock,100,0,0,0,0,False,False,False,291.7969,0
FeTiSh[MB],Terrorist,-1547,464,-63.96875,Glock,100,0,0,0,0,False,False,False,291.7969,0
FeTiSh[MB],Terrorist,-1547,464,-63.96875,Glock,100,0,0,0,0,False,False,False,291.7969,0
FeTiSh[MB],Terrorist,-1547,464,-63.96875,Glock,100,0,0,0,0,False,False,False,291.7969,0
FeTiSh[MB],Terrorist,-1547,464,-63.96875,Glock,100,0,0,0,0,False,False,False,291.7969,0
FeTiSh[MB],Terrorist,-1547,464,-63.96875,Glock,100,0,0,0,0,False,False,False,291.7969,0
FeTiSh[MB],Terrorist,-1547,464,-63.96875,Glock,100,0,0,0,0,False,False,False,291.7969,0
FeTiSh[MB],Terrorist,-1547,464,-63.96875,Glock,100,0,0,0,0,False,False,False,291.7969,0
FeTiSh[MB],Terrorist,-1547,464,-63.96875,Glock,100,0,0,0,0,False,False,False,291.7969,0
FeTiSh[MB],Terrorist,-1547,464,-63.96875,Glock,100,0,0,0,0,False,False,False,291.7969,0
FeTiSh[MB],Terrorist,-1547,464,-63.96875,Glock,100,0,0,0,0,False,False,False,291.7969,0
FeTiSh[MB],Terrorist,-1547,464,-63.96875,Glock,100,0,0,0,0,False,False,False,291.7969,0
FeTiSh[MB],Terrorist,-1547,464,-63.96875,Glock,100,0,0,0,0,False,False,False,291.7969,0
FeTiSh[MB],Terrorist,-1547,464,-63.96875,Glock,100,0,0,0,0,False,False,False,291.7969,0
FeTiSh[MB],Terrorist,-1547,464,-63.96875,Glock,100,0,0,0,0,False,False,False,291.7969,0
FeTiSh[MB],Terrorist,-1547,464,-63.96875,Glock,100,0,0,0,0,False,False,False,291.7969,0
FeTiSh[MB],Terrorist,-1547,464,-63.96875,Glock,100,0,0,0,0,False,False,False,291.7969,0
FeTiSh[MB],Terrorist,-1547,464,-63.96875,Glock,100,0,0,0,0,False,False,False,291.7969,0
FeTiSh[MB],Terrorist,-1547,464,-63.96875,Glock,100,0,0,0,0,False,False,False,291.7969,0
FeTiSh[MB],Terrorist,-1547,464,-63.96875,Glock,100,0,0,0,0,False,False,False,291.7969,0
FeTiSh[MB],Terrorist,-1547,464,-63.96875,Glock,100,0,0,0,0,False,False,False,291.7969,0
FeTiSh[MB],Terrorist,-1547,464,-63.96875,Glock,100,0,0,0,0,False,False,False,291.7969,0
FeTiSh[MB],Terrorist,-1547,464,-63.96875,Glock,100,0,0,0,0,False,False,False,291.7969,0
FeTiSh[MB],Terrorist,-1547,464,-63.96875,Glock,100,0,0,0,0,False,False,False,291.7969,0
FeTiSh[MB],Terrorist,-1547,464,-63.96875,Glock,100,0,0,0,0,False,False,False,291.7969,0
FeTiSh[MB],Terrorist,-1547,464,-63.96875,Glock,100,0,0,0,0,False,False,False,291.7969,0
FeTiSh[MB],Terrorist,-1547,464,-63.96875,Glock,100,0,0,0,0,False,False,False,291.7969,0
FeTiSh[MB],Terrorist,-1547,464,-63.96875,Glock,100,0,0,0,0,False,False,False,291.7969,0
FeTiSh[MB],Terrorist,-1547,464,-63.96875,Glock,100,0,0,0,0,False,False,False,291.7969,0
FeTiSh[MB],Terrorist,-1547,464,-63.96875,Glock,100,0,0,0,0,False,False,False,291.7969,0
FeTiSh[MB],Terrorist,-1547,464,-63.96875,Glock,100,0,0,0,0,False,False,False,291.7969,0
FeTiSh[MB],Terrorist,-1547,464,-63.96875,Glock,100,0,0,0,0,False,False,False,291.7969,0
FeTiSh[MB],Terrorist,-1547,464,-63.96875,Glock,100,0,0,0,0,False,False,False,291.7969,0
FeTiSh[MB],Terrorist,-1547,464,-63.96875,Glock,100,0,0,0,0,False,False,False,291.7969,0
FeTiSh[MB],Terrorist,-1547,464,-63.96875,Glock,100,0,0,0,0,False,False,False,291.7969,0
FeTiSh[MB],Terrorist,-1547,464,-63.96875,Glock,100,0,0,0,0,False,False,False,291.7969,0
FeTiSh[MB],Terrorist,-1547,464,-63.96875,Glock,100,0,0,0,0,False,False,False,291.7969,0
FeTiSh[MB],Terrorist,-1547,464,-63.96875,Glock,100,0,0,0,0,False,False,False,291.7969,0
FeTiSh[MB],Terrorist,-1547,464,-63.96875,Glock,100,0,0,0,0,False,False,False,291.7969,0
FeTiSh[MB],Terrorist,-1547,464,-63.96875,Glock,100,0,0,0,0,False,False,False,291.7969,0
FeTiSh[MB],Terrorist,-1547,464,-63.96875,Glock,100,0,0,0,0,False,False,False,291.7969,0
FeTiSh[MB],Terrorist,-1547,464,-63.96875,Glock,100,0,0,0,0,False,False,False,291.7969,0
FeTiSh[MB],Terrorist,-1547,464,-63.96875,Glock,100,0,0,0,0,False,False,False,291.7969,0
FeTiSh[MB],Terrorist,-1547,464,-63.96875,Glock,100,0,0,0,0,False,False,False,291.7969,0
FeTiSh[MB],Terrorist,-1547,464,-63.96875,Glock,100,0,0,0,0,False,False,False,291.7969,0
FeTiSh[MB],Terrorist,-1547,464,-63.96875,Glock,100,0,0,0,0,False,False,False,291.7969,0
FeTiSh[MB],Terrorist,-1547,464,-63.96875,Glock,100,0,0,0,0,False,False,False,291.7969,0
FeTiSh[MB],Terrorist,-1547,464,-63.96875,Glock,100,0,0,0,0,False,False,False,291.7969,0
FeTiSh[MB],Terrorist,-1547,464,-63.96875,Glock,100,0,0,0,0,False,False,False,291.7969,0
FeTiSh[MB],Terrorist,-1547,464,-63.96875,Glock,100,0,0,0,0,False,False,False,291.7969,0
FeTiSh[MB],Terrorist,-1547,464,-63.96875,Glock,100,0,0,0,0,False,False,False,291.7969,0
FeTiSh[MB],Terrorist,-1547,464,-63.96875,Glock,100,0,0,0,0,False,False,False,291.7969,0
FeTiSh[MB],Terrorist,-1547,464,-63.96875,Glock,100,0,0,0,0,False,False,False,291.7969,0
FeTiSh[MB],Terrorist,-1547,464,-63.96875,Glock,100,0,0,0,0,False,False,False,291.7969,0
FeTiSh[MB],Terrorist,-1547,464,-63.96875,Glock,100,0,0,0,0,False,False,False,291.7969,0
FeTiSh[MB],Terrorist,-1547,464,-63.96875,Glock,100,0,0,0,0,False,False,False,291.7969,0
FeTiSh[MB],Terrorist,-1547,464,-63.96875,Glock,100,0,0,0,0,False,False,False,291.7969,0
FeTiSh[MB],Terrorist,-1547,464,-63.96875,Glock,100,0,0,0,0,False,False,False,291.7969,0
FeTiSh[MB],Terrorist,-1547,464,-63.96875,Glock,100,0,0,0,0,False,False,False,291.7969,0
FeTiSh[MB],Terrorist,-1547,464,-63.96875,Glock,100,0,0,0,0,False,False,False,291.7969,0
FeTiSh[MB],Terrorist,-1547,464,-63.96875,Glock,100,0,0,0,0,False,False,False,291.7969,0
FeTiSh[MB],Terrorist,-1547,464,-63.96875,Glock,100,0,0,0,0,False,False,False,291.7969,0
FeTiSh[MB],Terrorist,-1547,464,-63.96875,Glock,100,0,0,0,0,False,False,False,291.7969,0
FeTiSh[MB],Terrorist,-1547,464,-63.96875,Glock,100,0,0,0,0,False,False,False,291.7969,0
FeTiSh[MB],Terrorist,-1547,464,-63.96875,Glock,100,0,0,0,0,False,False,False,291.7969,0
FeTiSh[MB],Terrorist,-1547,464,-63.96875,Glock,100,0,0,0,0,False,False,False,291.7969,0
FeTiSh[MB],Terrorist,-1547,464,-63.96875,Glock,100,0,0,0,0,False,False,False,291.7969,0
FeTiSh[MB],Terrorist,-1547,464,-63.96875,Glock,100,0,0,0,0,False,False,False,291.7969,0
FeTiSh[MB],Terrorist,-1547,464,-63.96875,Glock,100,0,0,0,0,False,False,False,291.7969,0
FeTiSh[MB],Terrorist,-1547,464,-63.96875,Glock,100,0,0,0,0,False,False,False,291.7969,0
FeTiSh[MB],Terrorist,-1547,464,-63.96875,Glock,100,0,0,0,0,False,False,False,291.7969,0
FeTiSh[MB],Terrorist,-1547,464,-63.96875,Glock,100,0,0,0,0,False,False,False,291.7969,0
FeTiSh[MB],Terrorist,-1547,464,-63.96875,Glock,100,0,0,0,0,False,False,False,291.7969,0
FeTiSh[MB],Terrorist,-1547,464,-63.96875,Glock,100,0,0,0,0,False,False,False,291.7969,0
FeTiSh[MB],Terrorist,-1547,464,-63.96875,Glock,100,0,0,0,0,False,False,False,291.7969,0
FeTiSh[MB],Terrorist,-1547,464,-63.96875,Glock,100,0,0,0,0,False,False,False,291.7969,0
FeTiSh[MB],Terrorist,-1547,464,-63.96875,Glock,100,0,0,0,0,False,False,False,291.7969,0
FeTiSh[MB],Terrorist,-1547,464,-63.96875,Glock,100,0,0,0,0,False,False,False,291.7969,0
FeTiSh[MB],Terrorist,-1547,464,-63.96875,Glock,100,0,0,0,0,False,False,False,291.7969,0
FeTiSh[MB],Terrorist,-1547,464,-63.96875,Glock,100,0,0,0,0,False,False,False,291.7969,0
FeTiSh[MB],Terrorist,-1547,464,-63.96875,Glock,100,0,0,0,0,False,False,False,291.7969,0
FeTiSh[MB],Terrorist,-1547,464,-63.96875,Glock,100,0,0,0,0,False,False,False,291.7969,0
FeTiSh[MB],Terrorist,-1547,464,-63.96875,Glock,100,0,0,0,0,False,False,False,291.7969,0
FeTiSh[MB],Terrorist,-1547,464,-63.96875,Glock,100,0,0,0,0,False,False,False,291.7969,0
FeTiSh[MB],Terrorist,-1547,464,-63.96875,Glock,100,0,0,0,0,False,False,False,291.7969,0
FeTiSh[MB],Terrorist,-1547,464,-63.96875,Glock,100,0,0,0,0,False,False,False,291.7969,0
FeTiSh[MB],Terrorist,-1547,464,-63.96875,Glock,100,0,0,0,0,False,False,False,291.7969,0
FeTiSh[MB],Terrorist,-1547,464,-63.96875,Glock,100,0,0,0,0,False,False,False,291.7969,0
FeTiSh[MB],Terrorist,-1547,464,-63.96875,Glock,100,0,0,0,0,False,False,False,291.7969,0
FeTiSh[MB],Terrorist,-1547,464,-63.96875,Glock,100,0,0,0,0,False,False,False,291.7969,0
FeTiSh[MB],Terrorist,-1547,464,-63.96875,Glock,100,0,0,0,0,False,False,False,291.7969,0
FeTiSh[MB],Terrorist,-1547,464,-63.96875,Glock,100,0,0,0,0,False,False,False,291.7969,0
FeTiSh[MB],Terrorist,-1547,464,-63.96875,Glock,100,0,0,0,0,False,False,False,291.7969,0
FeTiSh[MB],Terrorist,-1547,464,-63.96875,Glock,100,0,0,0,0,False,False,False,291.7969,0
FeTiSh[MB],Terrorist,-1547,464,-63.96875,Glock,100,0,0,0,0,False,False,False,291.7969,0
FeTiSh[MB],Terrorist,-1547,464,-63.96875,Glock,100,0,0,0,0,False,False,False,291.7969,0
FeTiSh[MB],Terrorist,-1547,464,-63.96875,Glock,100,0,0,0,0,False,False,False,291.7969,0
FeTiSh[MB],Terrorist,-1547,464,-63.96875,Glock,100,0,0,0,0,False,False,False,291.7969,0
FeTiSh[MB],Terrorist,-1547,464,-63.96875,Glock,100,0,0,0,0,False,False,False,291.7969,0
FeTiSh[MB],Terrorist,-1547,464,-63.96875,Glock,100,0,0,0,0,False,False,False,291.7969,0
FeTiSh[MB],Terrorist,-1547,464,-63.96875,Glock,100,0,0,0,0,False,False,False,291.7969,0
FeTiSh[MB],Terrorist,-1547,464,-63.96875,Glock,100,0,0,0,0,False,False,False,291.7969,0
FeTiSh[MB],Terrorist,-1547,464,-63.96875,Glock,100,0,0,0,0,False,False,False,291.7969,0
FeTiSh[MB],Terrorist,-1547,464,-63.96875,Glock,100,0,0,0,0,False,False,False,291.7969,0
FeTiSh[MB],Terrorist,-1547,464,-63.96875,Glock,100,0,0,0,0,False,False,False,291.7969,0
FeTiSh[MB],Terrorist,-1547,464,-63.96875,Glock,100,0,0,0,0,False,False,False,291.7969,0
FeTiSh[MB],Terrorist,-1547,464,-63.96875,Glock,100,0,0,0,0,False,False,False,291.7969,0
FeTiSh[MB],Terrorist,-1547,464,-63.96875,Glock,100,0,0,0,0,False,False,False,291.7969,0
FeTiSh[MB],Terrorist,-1547,464,-63.96875,Glock,100,0,0,0,0,False,False,False,291.7969,0
FeTiSh[MB],Terrorist,-1547,464,-63.96875,Glock,100,0,0,0,0,False,False,False,291.7969,0
FeTiSh[MB],Terrorist,-1547,464,-63.96875,Glock,100,0,0,0,0,False,False,False,291.7969,0
FeTiSh[MB],Terrorist,-1547,464,-63.96875,Glock,100,0,0,0,0,False,False,False,291.7969,0
FeTiSh[MB],Terrorist,-1547,464,-63.96875,Glock,100,0,0,0,0,False,False,False,291.7969,0
FeTiSh[MB],Terrorist,-1547,464,-63.96875,Glock,100,0,0,0,0,False,False,False,291.7969,0
FeTiSh[MB],Terrorist,-1547,464,-63.96875,Glock,100,0,0,0,0,False,False,False,291.7969,0
FeTiSh[MB],Terrorist,-1547,464,-63.96875,Glock,100,0,0,0,0,False,False,False,291.7969,0
FeTiSh[MB],Terrorist,-1547,464,-63.96875,Glock,100,0,0,0,0,False,False,False,291.7969,0
FeTiSh[MB],Terrorist,-1547,464,-63.96875,Glock,100,0,0,0,0,False,False,False,291.7969,0
FeTiSh[MB],Terrorist,-1547,464,-63.96875,Glock,100,0,0,0,0,False,False,False,291.7969,0
FeTiSh[MB],Terrorist,-1547,464,-63.96875,Glock,100,0,0,0,0,False,False,False,291.4453,359.6484
FeTiSh[MB],Terrorist,-1547,464,-63.96875,Glock,100,0,0,0,0,False,False,False,286.5234,0.3515625
FeTiSh[MB],Terrorist,-1547,464,-63.96875,Glock,100,0,0,0,0,False,False,False,281.25,1.054688
FeTiSh[MB],Terrorist,-1547,464,-63.96875,Glock,100,0,0,0,0,False,False,False,280.1953,1.054688
FeTiSh[MB],Terrorist,-1547,464,-63.96875,Glock,100,0,0,0,0,False,False,False,280.1953,1.054688
FeTiSh[MB],Terrorist,-1547,464,-63.96875,Glock,100,0,0,0,0,False,False,False,280.1953,1.054688
FeTiSh[MB],Terrorist,-1547,464,-63.96875,Glock,100,0,0,0,0,False,False,False,280.1953,1.054688
FeTiSh[MB],Terrorist,-1547,464,-63.96875,Glock,100,0,0,0,0,False,False,False,280.1953,1.054688
FeTiSh[MB],Terrorist,-1547,464,-63.96875,Glock,100,0,0,0,0,False,False,False,280.5469,1.054688
FeTiSh[MB],Terrorist,-1547,464,-63.96875,Glock,100,0,0,0,0,False,False,False,280.8984,1.054688
FeTiSh[MB],Terrorist,-1547,464,-63.96875,Glock,100,0,0,0,0,False,False,False,280.8984,1.054688
FeTiSh[MB],Terrorist,-1547,464,-63.96875,Glock,100,0,0,0,0,False,False,False,281.25,1.054688
FeTiSh[MB],Terrorist,-1547,464,-63.96875,Glock,100,0,0,0,0,False,False,False,281.25,1.054688
FeTiSh[MB],Terrorist,-1547,464,-63.96875,Glock,100,0,0,0,0,False,False,False,281.6016,1.054688
FeTiSh[MB],Terrorist,-1547,464,-63.96875,Glock,100,0,0,0,0,False,False,False,281.6016,1.054688
FeTiSh[MB],Terrorist,-1547,464,-63.96875,Glock,100,0,0,0,0,False,False,False,281.6016,1.054688
FeTiSh[MB],Terrorist,-1547,464,-63.96875,Glock,100,0,0,0,0,False,False,False,281.6016,1.054688
FeTiSh[MB],Terrorist,-1547,464,-63.96875,Glock,100,0,0,0,0,False,False,False,281.6016,1.054688
FeTiSh[MB],Terrorist,-1547,464,-63.96875,Glock,100,0,0,0,0,False,False,False,281.6016,1.054688
FeTiSh[MB],Terrorist,-1547,464,-63.96875,Glock,100,0,0,0,0,False,False,False,281.6016,1.054688
FeTiSh[MB],Terrorist,-1547,464,-63.96875,Glock,100,0,0,0,0,False,False,False,281.9531,1.054688
FeTiSh[MB],Terrorist,-1547,464,-63.96875,Glock,100,0,0,0,0,False,False,False,281.9531,1.054688
FeTiSh[MB],Terrorist,-1547,464,-63.96875,Glock,100,0,0,0,0,False,False,False,281.9531,1.054688
FeTiSh[MB],Terrorist,-1547,464,-63.96875,Glock,100,0,0,0,0,False,False,False,281.9531,1.054688
FeTiSh[MB],Terrorist,-1547,464,-63.96875,Glock,100,0,0,0,0,False,False,False,281.9531,1.054688
FeTiSh[MB],Terrorist,-1547,464,-63.96875,Glock,100,0,0,0,0,False,False,False,281.9531,0.703125
FeTiSh[MB],Terrorist,-1547,464,-63.96875,Glock,100,0,0,0,0,False,False,False,281.9531,0.703125
FeTiSh[MB],Terrorist,-1547,464,-63.96875,Glock,100,0,0,0,0,False,False,False,282.3047,0.703125
FeTiSh[MB],Terrorist,-1547,464,-63.96875,Glock,100,0,0,0,0,False,False,False,282.3047,0.703125
FeTiSh[MB],Terrorist,-1547,464,-63.96875,Glock,100,0,0,0,0,False,False,False,282.3047,0.703125
FeTiSh[MB],Terrorist,-1547,464,-63.96875,Glock,100,0,0,0,0,False,False,False,282.3047,0.703125
FeTiSh[MB],Terrorist,-1547,464,-63.96875,Glock,100,0,0,0,0,False,False,False,282.3047,0.703125
FeTiSh[MB],Terrorist,-1547,464,-63.96875,Glock,100,0,0,0,0,False,False,False,282.3047,0.703125
FeTiSh[MB],Terrorist,-1547,464,-63.96875,Glock,100,0,0,0,0,False,False,False,282.3047,0.703125
FeTiSh[MB],Terrorist,-1547,464,-63.96875,Glock,100,0,0,0,0,False,False,False,282.3047,0.703125
FeTiSh[MB],Terrorist,-1547,464,-63.96875,Glock,100,0,0,0,0,False,False,False,282.3047,0.703125
FeTiSh[MB],Terrorist,-1547,464,-63.96875,Glock,100,0,0,0,0,False,False,False,282.3047,0.703125
FeTiSh[MB],Terrorist,-1547,464,-63.96875,Glock,100,0,0,0,0,False,False,False,282.3047,0.703125
FeTiSh[MB],Terrorist,-1547,464,-63.96875,Glock,100,0,0,0,0,False,False,False,282.3047,0.703125
FeTiSh[MB],Terrorist,-1547,464,-63.96875,Glock,100,0,0,0,0,False,False,False,282.3047,0.703125
FeTiSh[MB],Terrorist,-1547,464,-63.96875,Glock,100,0,0,0,0,False,False,False,282.3047,0.703125
FeTiSh[MB],Terrorist,-1547,464,-63.96875,Glock,100,0,0,0,0,False,False,False,281.9531,0.703125
FeTiSh[MB],Terrorist,-1547,464,-63.96875,Glock,100,0,0,0,0,False,False,False,281.9531,0.703125
FeTiSh[MB],Terrorist,-1547,464,-63.96875,Glock,100,0,0,0,0,False,False,False,281.9531,0.703125
FeTiSh[MB],Terrorist,-1547,464,-63.96875,Glock,100,0,0,0,0,False,False,False,282.3047,0.703125
FeTiSh[MB],Terrorist,-1547,464,-63.96875,Glock,100,0,0,0,0,False,False,False,283.3594,0.703125
FeTiSh[MB],Terrorist,-1547,464,-63.96875,Glock,100,0,0,0,0,False,False,False,286.1719,0.703125
FeTiSh[MB],Terrorist,-1547,464,-63.96875,Glock,100,0,0,0,0,False,False,False,287.5781,0
FeTiSh[MB],Terrorist,-1547,464,-63.96875,Glock,100,0,0,0,0,False,False,False,287.5781,0
FeTiSh[MB],Terrorist,-1547,464,-63.96875,Glock,100,0,0,0,0,False,False,False,287.5781,0
FeTiSh[MB],Terrorist,-1547,464,-63.96875,Glock,100,0,0,0,0,False,False,False,287.5781,0
FeTiSh[MB],Terrorist,-1547,464,-63.96875,Glock,100,0,0,0,0,False,False,False,289.6875,359.2969
FeTiSh[MB],Terrorist,-1547,464,-63.96875,Glock,100,0,0,0,0,False,False,False,289.6875,359.2969
FeTiSh[MB],Terrorist,-1547,464,-63.96875,Glock,100,0,0,0,0,False,False,False,289.6875,359.2969
FeTiSh[MB],Terrorist,-1547,464,-63.96875,Glock,100,0,0,0,0,False,False,False,289.6875,359.2969
FeTiSh[MB],Terrorist,-1547,464,-63.96875,Glock,100,0,0,0,0,False,False,False,289.6875,359.2969
FeTiSh[MB],Terrorist,-1547,464,-63.96875,Glock,100,0,0,0,0,False,False,False,289.6875,359.2969
FeTiSh[MB],Terrorist,-1547,464,-63.96875,Glock,100,0,0,0,0,False,False,False,289.6875,359.2969
FeTiSh[MB],Terrorist,-1547,464,-63.96875,Glock,100,0,0,0,0,False,False,False,289.6875,359.2969
FeTiSh[MB],Terrorist,-1547,464,-63.96875,Glock,100,0,0,0,0,False,False,False,289.6875,359.2969
FeTiSh[MB],Terrorist,-1547,464,-63.96875,Glock,100,0,0,0,0,False,False,False,289.6875,359.2969
FeTiSh[MB],Terrorist,-1547,464,-63.96875,Glock,100,0,0,0,0,False,False,False,289.6875,359.2969
FeTiSh[MB],Terrorist,-1547,464,-63.96875,Glock,100,0,0,0,0,False,False,False,289.6875,359.2969
FeTiSh[MB],Terrorist,-1547,464,-63.96875,Glock,100,0,0,0,0,False,False,False,289.6875,359.2969
FeTiSh[MB],Terrorist,-1547,464,-63.96875,Glock,100,0,0,0,0,False,False,False,289.6875,359.2969
FeTiSh[MB],Terrorist,-1547,464,-63.96875,Glock,100,0,0,0,0,False,False,False,289.6875,359.2969
FeTiSh[MB],Terrorist,-1547,464,-63.96875,Glock,100,0,0,0,0,False,False,False,289.6875,359.2969
FeTiSh[MB],Terrorist,-1547,464,-63.96875,Glock,100,0,0,0,0,False,False,False,289.6875,359.2969
FeTiSh[MB],Terrorist,-1547,464,-63.96875,Glock,100,0,0,0,0,False,False,False,289.6875,359.2969
FeTiSh[MB],Terrorist,-1547,464,-63.96875,Glock,100,0,0,0,0,False,False,False,289.6875,359.2969
FeTiSh[MB],Terrorist,-1547,464,-63.96875,Glock,100,0,0,0,0,False,False,False,289.6875,359.2969
FeTiSh[MB],Terrorist,-1547,464,-63.96875,Glock,100,0,0,0,0,False,False,False,289.6875,359.2969
FeTiSh[MB],Terrorist,-1547,464,-63.96875,Glock,100,0,0,0,0,False,False,False,289.6875,359.2969
FeTiSh[MB],Terrorist,-1547,464,-63.96875,Glock,100,0,0,0,0,False,False,False,289.6875,359.2969
FeTiSh[MB],Terrorist,-1547,464,-63.96875,Glock,100,0,0,0,0,False,False,False,289.6875,359.2969
FeTiSh[MB],Terrorist,-1547,464,-63.96875,P250,100,0,0,0,0,False,False,False,289.6875,359.2969
FeTiSh[MB],Terrorist,-1547,464,-63.96875,P250,100,0,0,0,0,False,False,False,289.6875,359.2969
FeTiSh[MB],Terrorist,-1547,464,-63.96875,P250,100,0,0,0,0,False,False,False,289.6875,359.2969
FeTiSh[MB],Terrorist,-1547,464,-63.96875,P250,100,0,0,0,0,False,False,False,289.6875,359.2969
FeTiSh[MB],Terrorist,-1547,464,-63.96875,P250,100,0,0,0,0,False,False,False,289.6875,359.2969
FeTiSh[MB],Terrorist,-1547,464,-63.96875,P250,100,0,0,0,0,False,False,False,289.6875,359.2969
FeTiSh[MB],Terrorist,-1547,464,-63.96875,P250,100,0,0,0,0,False,False,False,289.6875,359.2969
FeTiSh[MB],Terrorist,-1547,464,-63.96875,P250,100,0,0,0,0,False,False,False,289.6875,359.2969
FeTiSh[MB],Terrorist,-1547,464,-63.96875,P250,100,0,0,0,0,False,False,False,289.6875,359.2969
FeTiSh[MB],Terrorist,-1547.648,463.7663,-63.96875,P250,100,0,-31.56957,-11.39313,0,False,False,False,289.6875,359.2969
FeTiSh[MB],Terrorist,-1551.648,462.3224,-63.96875,P250,100,0,-88.82207,-32.05497,0,False,False,False,289.6875,359.2969
FeTiSh[MB],Terrorist,-1558.889,459.7095,-63.96875,P250,100,0,-134.8066,-48.65031,0,False,False,False,289.6875,359.2969
FeTiSh[MB],Terrorist,-1567.071,456.7565,-63.96875,P250,100,0,-93.99904,-33.92329,0,False,False,False,289.6875,359.2969
FeTiSh[MB],Terrorist,-1569.349,455.9345,-63.96875,P250,100,0,7.433409,2.682638,0,False,False,False,289.6875,359.2969
FeTiSh[MB],Terrorist,-1567.854,456.4741,-63.96875,P250,100,0,6.022477,2.173449,0,False,False,False,289.6875,359.2969
FeTiSh[MB],Terrorist,-1569.842,455.7566,-63.96875,P250,100,0,-57.11666,-20.61281,0,False,False,False,289.6875,359.2969
FeTiSh[MB],Terrorist,-1575.347,453.7307,-63.96875,P250,100,0,-108.2469,-44.05735,0,False,False,False,289.6875,359.2969
FeTiSh[MB],Terrorist,-1582.217,448.9515,-63.96875,P250,100,0,-111.0859,-99.2187,0,False,False,False,289.6875,359.2969
FeTiSh[MB],Terrorist,-1587.999,441.201,-63.96875,P250,100,0,-69.30683,-141.8832,0,False,False,False,289.6875,359.2969
FeTiSh[MB],Terrorist,-1590.74,431.158,-63.96875,P250,100,0,-26.00835,-173.8891,0,False,False,False,289.6875,359.2969
FeTiSh[MB],Terrorist,-1591.195,419.4243,-63.96875,P250,100,0,5.883408,-197.4632,0,False,False,False,289.6875,359.2969
FeTiSh[MB],Terrorist,-1589.969,406.4435,-63.96875,P250,100,0,29.08218,-214.9306,0,False,False,False,289.3359,0.3515625
FeTiSh[MB],Terrorist,-1587.539,392.5327,-63.96875,P250,100,0,45.79781,-227.9282,0,False,False,False,289.3359,1.054688
FeTiSh[MB],Terrorist,-1583.823,378.2622,-63.96875,P250,100,0,79.2392,-219.4996,0,False,False,False,289.6875,1.40625
FeTiSh[MB],Terrorist,-1577.137,373.5319,-63.96875,P250,100,0,127.381,11.85032,0,False,False,False,285.8203,3.164063
FeTiSh[MB],Terrorist,-1567.739,374.5607,-63.96875,P250,100,0,166.8987,15.58502,0,False,False,False,266.4844,7.382813
FeTiSh[MB],Terrorist,-1556.309,374.73,-63.96875,P250,100,0,192.5735,-11.13669,0,False,False,False,242.2266,9.84375
FeTiSh[MB],Terrorist,-1544.403,372.3168,-63.96875,P250,100,0,174.2823,-66.22463,0,False,False,False,224.2969,11.25
FeTiSh[MB],Terrorist,-1535.435,366.1222,-63.96875,P250,100,0,120.257,-122.0377,0,False,False,False,216.211,11.60156
FeTiSh[MB],Terrorist,-1530.899,357.8518,-63.96875,P250,100,0,34.5178,-136.9915,0,False,False,False,218.6719,11.60156
FeTiSh[MB],Terrorist,-1530.942,348.6617,-63.96875,Flash,100,0,-21.86494,-157.4195,0,False,False,False,240.1172,10.54688
FeTiSh[MB],Terrorist,-1532.809,337.6995,-63.96875,Flash,100,0,-29.09545,-189.2179,0,False,False,False,272.4609,8.789063
FeTiSh[MB],Terrorist,-1533.726,325.0228,-63.96875,Flash,100,0,-0.1614255,-211.1499,0,False,False,False,294.6094,6.328125
FeTiSh[MB],Terrorist,-1532.321,311.4967,-63.96875,Flash,100,0,40.35818,-218.8827,0,False,False,False,306.2109,4.570313
FeTiSh[MB],Terrorist,-1528.554,297.704,-63.96875,Flash,100,0,74.21163,-221.9752,0,False,False,False,306.2109,3.867188
FeTiSh[MB],Terrorist,-1523.891,283.5295,-63.96875,Flash,100,0,62.10635,-233.2769,0,False,False,False,306.2109,3.867188
FeTiSh[MB],Terrorist,-1521.047,268.5406,-63.96875,Flash,100,0,33.55836,-242.6908,0,False,False,False,306.2109,3.867188
FeTiSh[MB],Terrorist,-1518.836,253.3976,-63.96875,Flash,100,0,49.67974,-239.9102,0,False,False,False,306.9141,4.21875
FeTiSh[MB],Terrorist,-1514.448,238.7431,-63.96875,Flash,100,0,86.40455,-229.2581,0,False,False,False,317.8125,5.273438
FeTiSh[MB],Terrorist,-1507.602,225.109,-63.96878,Smoke,100,0,128.048,-206.8228,0,False,False,False,337.8516,4.921875
FeTiSh[MB],Terrorist,-1498.161,213.5219,-63.96878,Smoke,100,0,167.924,-166.9579,0,False,False,False,354.7266,3.867188
FeTiSh[MB],Terrorist,-1486.536,204.4658,-63.96878,Smoke,100,0,198.7109,-129.4111,0,False,False,False,355.0781,3.515625
FeTiSh[MB],Terrorist,-1473.284,197.3931,-63.96878,Smoke,100,0,221.3872,-101.7558,0,False,False,False,355.0781,3.515625
FeTiSh[MB],Terrorist,-1459.092,191.88,-63.96878,P250,100,0,227.1604,-77.44783,0,False,False,False,355.0781,3.515625
FeTiSh[MB],Terrorist,-1444.704,187.6494,-63.96878,P250,100,0,232.197,-60.70049,0,False,False,False,356.1328,3.867188
FeTiSh[MB],Terrorist,-1430.037,184.5296,-63.96878,P250,100,0,236.6545,-39.93283,0,False,False,False,8.085938,4.570313
FeTiSh[MB],Terrorist,-1415.118,183.0731,-61.74733,P250,100,0,239.8166,-9.380401,0,False,False,False,20.03906,4.570313
FeTiSh[MB],Terrorist,-1400.14,183.6319,-58.0027,P250,100,0,238.9055,22.89441,0,False,False,False,26.36719,4.21875
FeTiSh[MB],Terrorist,-1385.363,186.1482,-54.30849,P250,100,0,233.873,53.88362,0,False,False,False,34.80469,4.21875
FeTiSh[MB],Terrorist,-1371.049,190.599,-50.73015,P250,100,0,224.8738,83.85557,0,False,False,False,39.375,4.21875
FeTiSh[MB],Terrorist,-1357.323,196.6346,-47.96875,P250,100,0,215.6855,105.2605,0,False,False,False,39.375,4.21875
FeTiSh[MB],Terrorist,-1344.123,203.7523,-47.96875,P250,100,0,207.9778,119.7715,0,False,False,False,39.02344,4.21875
FeTiSh[MB],Terrorist,-1331.343,211.6029,-47.96875,P250,100,0,201.9977,129.603,0,False,False,False,39.02344,4.21875
FeTiSh[MB],Terrorist,-1319.269,220.295,-47.96875,P250,100,0,176.1757,153.6243,0,False,False,False,42.89063,4.921875
FeTiSh[MB],Terrorist,-1309.944,231.1186,-47.96875,P250,100,0,129.4036,186.8999,0,False,False,False,46.75781,5.625
FeTiSh[MB],Terrorist,-1302.41,243.4106,-47.96875,P250,100,0,126.0014,199.5239,0,False,False,False,49.57031,5.625
FeTiSh[MB],Terrorist,-1294.132,255.887,-47.96875,P250,100,0,135.4275,198.1398,0,False,False,False,51.32813,5.976563
FeTiSh[MB],Terrorist,-1286.593,268.6915,-47.96875,P250,100,0,101.3853,213.8638,0,False,False,False,52.38281,6.328125
FeTiSh[MB],Terrorist,-1281.581,282.6758,-47.96875,P250,100,0,65.3082,230.6897,0,False,False,False,52.38281,6.328125
FeTiSh[MB],Terrorist,-1277.654,297.1471,-50.7716,P250,100,0,73.3882,228.5042,0,False,False,False,52.38281,6.328125
FeTiSh[MB],Terrorist,-1272.246,311.1331,-55.96875,P250,100,0,92.02826,221.6547,0,False,False,False,52.38281,6.328125
FeTiSh[MB],Terrorist,-1267.759,325.432,-55.96875,P250,100,0,57.42396,233.0289,0,False,False,False,52.38281,6.328125
FeTiSh[MB],Terrorist,-1264.756,340.1253,-55.96875,P250,100,0,54.46664,233.7379,0,False,False,False,51.67969,6.328125
FeTiSh[MB],Terrorist,-1260.233,354.4161,-55.96875,P250,100,0,84.84646,224.5018,0,False,False,False,50.625,5.976563
FeTiSh[MB],Terrorist,-1254.139,368.1164,-55.96875,P250,100,0,106.1942,215.2273,0,False,False,False,50.27344,5.976563
FeTiSh[MB],Terrorist,-1246.961,381.2844,-55.96875,P250,100,0,120.6953,207.4431,0,False,False,False,50.625,5.976563
FeTiSh[MB],Terrorist,-1239.078,394.0444,-55.96875,P250,100,0,129.5928,202.0042,0,False,False,False,52.03125,5.625
FeTiSh[MB],Terrorist,-1231.885,407.1628,-55.96875,P250,100,0,114.6964,210.8192,0,False,False,False,54.49219,5.273438
FeTiSh[MB],Terrorist,-1224.51,420.2245,-55.96875,P250,100,0,119.5156,208.125,0,False,False,False,58.35937,3.515625
FeTiSh[MB],Terrorist,-1217.053,433.2396,-55.96875,P250,100,0,118.3739,208.7765,0,False,False,False,63.28125,1.054688
FeTiSh[MB],Terrorist,-1208.875,445.3226,-44.90456,P250,100,0,136.3208,187.7621,267.6184,False,False,False,61.52344,1.054688
FeTiSh[MB],Terrorist,-1198.996,456.1547,-29.74092,P250,100,0,176.7296,158.9319,217.6184,False,False,False,49.21875,1.757813
FeTiSh[MB],Terrorist,-1186.679,464.7668,-17.70227,P250,100,0,211.6846,120.2418,167.6184,False,False,False,36.5625,2.8125
FeTiSh[MB],Terrorist,-1172.713,471.1464,-8.788624,P250,100,0,230.8088,89.42631,117.6184,False,False,False,28.125,4.21875
FeTiSh[MB],Terrorist,-1157.96,476.0675,-2.999975,P250,100,0,239.4584,71.29306,67.61838,False,False,False,23.55469,5.976563
FeTiSh[MB],Terrorist,-1142.745,479.8977,-0.3363402,P250,100,0,246.1881,53.79842,17.61838,False,False,False,18.98438,7.382813
FeTiSh[MB],Terrorist,-1127.182,482.702,-0.7977049,P250,100,0,251.0432,37.9404,-32.38162,False,False,False,15.46875,7.382813
FeTiSh[MB],Terrorist,-1111.454,484.9329,-4.384069,P250,100,0,251.6391,35.69348,-82.38162,False,False,False,13.71094,5.976563
FeTiSh[MB],Terrorist,-1095.727,487.1639,-11.09542,P250,100,0,251.6391,35.69348,-132.3816,False,False,False,13.71094,5.976563
FeTiSh[MB],Terrorist,-1079.999,489.3948,-20.93177,P250,100,0,251.6391,35.69348,-182.3816,False,False,False,13.71094,5.976563
FeTiSh[MB],Terrorist,-1064.271,491.6258,-33.89312,P250,100,0,251.6391,35.69348,-232.3816,False,False,False,13.71094,5.976563
FeTiSh[MB],Terrorist,-1051.081,493.563,-39.96875,P250,100,0,190.4152,30.28706,0,False,False,False,13.00781,6.679688
FeTiSh[MB],Terrorist,-1038.638,495.7029,-39.96875,P250,100,0,205.9635,37.10923,0,False,False,False,12.65625,6.679688
FeTiSh[MB],Terrorist,-1025.199,498.2496,-39.96875,P250,100,0,222.1023,43.52228,0,False,False,False,13.00781,7.03125
FeTiSh[MB],Terrorist,-1010.83,501.1575,-39.96875,P250,100,0,235.0364,48.55797,0,False,False,False,13.00781,7.03125
FeTiSh[MB],Terrorist,-996.1508,504.2427,-39.96875,P250,100,0,234.7607,49.87392,0,False,False,False,12.65625,6.679688
FeTiSh[MB],Terrorist,-981.4843,507.3883,-39.96875,P250,100,0,234.6066,50.59416,0,False,False,False,12.30469,6.679688
FeTiSh[MB],Terrorist,-966.8096,510.4949,-39.96875,P250,100,0,235.1893,47.81213,0,False,False,False,6.328125,6.328125
FeTiSh[MB],Terrorist,-952.0244,513.0059,-39.96875,P250,100,0,237.8639,31.94928,0,False,False,False,352.2656,6.328125
FeTiSh[MB],Terrorist,-937.0681,514.0063,-31.96875,P250,100,0,239.9927,1.87282,0,False,False,False,337.1484,5.976563
FeTiSh[MB],Terrorist,-922.1254,512.8665,-31.96875,P250,100,0,237.5979,-33.87096,0,False,False,False,328.0078,5.976563
FeTiSh[MB],Terrorist,-907.4922,509.6177,-31.96875,P250,100,0,231.074,-64.84441,0,False,False,False,325.5469,6.679688
FeTiSh[MB],Terrorist,-893.2849,504.8181,-31.96875,P250,100,0,224.9514,-83.64738,0,False,False,False,331.875,8.789063
FeTiSh[MB],Terrorist,-879.3553,499.2556,-20.90455,P250,100,0,222.3686,-90.28962,267.6184,False,False,False,339.6094,11.60156
FeTiSh[MB],Terrorist,-866.2913,491.5332,-5.740904,P250,100,0,200.7316,-140.9388,217.6184,False,False,False,331.875,13.71094
FeTiSh[MB],Terrorist,-854.7822,481.1494,6.297739,P250,100,0,169.2298,-185.4984,167.6184,False,False,False,319.2188,13.71094
FeTiSh[MB],Terrorist,-845.1516,468.5885,15.21137,P250,100,0,143.5452,-210.8032,117.6184,False,False,False,311.1328,15.11719
FeTiSh[MB],Terrorist,-836.7924,454.9174,21.00001,P250,100,0,127.9437,-223.1909,67.61838,False,False,False,306.5625,16.52344
FeTiSh[MB],Terrorist,-829.1812,440.6959,23.66364,P250,100,0,116.2977,-231.2634,17.61838,False,False,False,303.3984,17.92969
FeTiSh[MB],Terrorist,-822.2668,426.0185,23.20228,P250,100,0,109.0967,-235.7904,-32.38162,False,False,False,299.1797,18.28125
FeTiSh[MB],Terrorist,-815.4484,411.2817,19.61592,P250,100,0,109.0967,-235.7904,-82.38162,False,False,False,294.9609,16.17188
FeTiSh[MB],Terrorist,-808.6301,396.5449,12.90455,P250,100,0,109.0967,-235.7904,-132.3816,False,False,False,292.8516,11.60156
FeTiSh[MB],Terrorist,-802.1093,382.6611,5.771416,P250,100,0,90.04849,-181.1924,-9.375,False,False,False,293.2031,7.734375
FeTiSh[MB],Terrorist,-796.4814,371.3367,3.622978,P250,100,0,90.04849,-181.1924,-59.375,False,False,False,292.8516,5.976563
FeTiSh[MB],Terrorist,-790.8535,360.0122,-1.650459,P250,100,0,90.04849,-181.1924,-109.375,False,False,False,291.0938,4.921875
FeTiSh[MB],Terrorist,-785.2863,348.6663,-9.216263,P250,100,0,82.27409,-183.9324,0,False,False,False,290.0391,4.921875
FeTiSh[MB],Terrorist,-780.4439,336.4258,-9.539086,P250,100,0,79.95866,-204.449,0,False,False,False,290.0391,5.273438
FeTiSh[MB],Terrorist,-775.2908,323.0812,-7.507265,P250,100,0,84.13015,-219.9011,0,False,False,False,289.6875,5.976563
FeTiSh[MB],Terrorist,-769.9962,309.0815,-2.235599,P250,100,0,84.28952,-224.7115,0,False,False,False,289.3359,5.976563
FeTiSh[MB],Terrorist,-764.7726,295.0205,-2.583838,P250,100,0,82.98891,-225.1951,0,False,False,False,288.9844,5.625
FeTiSh[MB],Terrorist,-759.6465,280.9236,-2.925581,P250,100,0,81.23145,-225.835,0,False,False,False,288.2813,5.273438
FeTiSh[MB],Terrorist,-754.6248,266.7892,-3.195647,P250,100,0,79.71207,-226.3758,0,False,False,False,288.2813,5.273438
FeTiSh[MB],Terrorist,-749.6949,252.6225,-2.474187,P250,100,0,78.18629,-226.9073,0,False,False,False,287.5781,5.273438
FeTiSh[MB],Terrorist,-746.2709,238.2468,-1.823797,P250,100,0,30.80845,-232.102,0,False,False,False,285.8203,5.625
FeTiSh[MB],Terrorist,-745.817,223.6157,-1.386481,P250,100,0,1.105058,-236.8831,0,False,False,False,284.4141,5.976563
FeTiSh[MB],Terrorist,-745.095,208.6543,-1.101029,P250,100,0,18.80951,-239.2618,0,False,False,False,284.7656,6.328125
FeTiSh[MB],Terrorist,-743.2767,193.8336,-0.8897133,P250,100,0,45.15131,-230.6416,0,False,False,False,286.1719,6.679688
FeTiSh[MB],Terrorist,-738.4952,180.3872,-0.7185731,P250,100,0,98.73296,-203.8405,0,False,False,False,288.6328,6.679688
FeTiSh[MB],Terrorist,-730.8831,168.4051,-0.4648353,P250,100,0,133.5283,-187.1495,0,False,False,False,290.3906,6.679688
FeTiSh[MB],Terrorist,-724.7471,155.9936,-0.2603007,P250,100,0,71.28773,-206.1016,0,False,False,False,292.1484,6.679688
FeTiSh[MB],Terrorist,-721.9935,142.5939,-0.1751595,P250,100,0,25.51441,-220.4445,0,False,False,False,294.9609,6.679688
FeTiSh[MB],Terrorist,-719.3128,128.6746,-0.2012452,P250,100,0,62.58463,-215.4802,0,False,False,False,299.1797,5.976563
FeTiSh[MB],Terrorist,-713.4923,116.5326,-0.2514026,P250,100,0,104.344,-186.7167,0,False,False,False,303.3984,5.976563
FeTiSh[MB],Terrorist,-708.4393,104,-0.2125283,P250,100,0,65.10231,-210.3369,0,False,False,False,307.2656,5.976563
FeTiSh[MB],Terrorist,-705.254,90.21686,0.1060023,P250,100,0,47.55002,-225.8717,0,False,False,False,309.7266,5.976563
FeTiSh[MB],Terrorist,-700.988,76.22098,0.5326015,P250,100,0,83.03827,-222.3618,0,False,False,False,311.1328,6.328125
FeTiSh[MB],Terrorist,-696.2601,62.01614,0.02837536,P250,100,0,63.44979,-231.4608,0,False,False,False,311.8359,6.328125
FeTiSh[MB],Terrorist,-693.1058,47.35671,-0.3736262,P250,100,0,41.67218,-236.3544,0,False,False,False,312.8906,7.03125
FeTiSh[MB],Terrorist,-690.4145,32.93903,-0.4878358,P250,100,0,62.37168,-211.3984,0,False,False,False,315.7031,7.382813
FeTiSh[MB],Terrorist,-684.4131,21.87313,-0.3911293,P250,100,0,119.6164,-152.2919,0,False,False,False,318.8672,7.382813
FeTiSh[MB],Terrorist,-675.4029,14.07839,-0.21098,P250,100,0,161.2587,-104.8018,0,False,False,False,322.0313,7.03125
FeTiSh[MB],Terrorist,-664.2026,8.922381,-0.07302521,P250,100,0,191.7182,-66.2586,0,False,False,False,324.4922,6.679688
FeTiSh[MB],Terrorist,-651.4479,5.741337,-0.030049,P250,100,0,210.6731,-50.17384,0,False,False,False,326.9531,5.976563
FeTiSh[MB],Terrorist,-638.0283,1.645095,0.1891686,P250,100,0,217.7474,-76.00866,0,False,False,False,328.7109,5.625
FeTiSh[MB],Terrorist,-624.1443,-3.381386,0.3318318,P250,100,0,227.0685,-70.18901,0,False,False,False,330.1172,5.273438
FeTiSh[MB],Terrorist,-609.5432,-6.357856,0.7283244,P250,100,0,237.9218,-31.51567,0,False,False,False,331.1719,4.921875
FeTiSh[MB],Terrorist,-594.5776,-7.219117,1.368356,P250,100,0,239.9974,-1.110656,0,False,False,False,332.9297,4.921875
FeTiSh[MB],Terrorist,-579.9974,-8.054599,2.303223,P250,100,0,219.038,-41.06512,0,False,False,False,334.6875,4.570313
FeTiSh[MB],Terrorist,-568.9485,-11.98804,2.425056,P250,100,0,190.6443,-92.98749,0,False,False,False,336.0938,4.570313
FeTiSh[MB],Terrorist,-555.9363,-19.88301,1.906864,P250,100,0,192.3485,-114.8719,0,False,False,False,338.2031,4.21875
FeTiSh[MB],Terrorist,-543.2499,-26.93049,1.775298,P250,100,0,210.5596,-110.9886,0,False,False,False,339.6094,4.21875
FeTiSh[MB],Terrorist,-529.8139,-33.58799,1.722006,P250,100,0,217.0098,-102.5024,0,False,False,False,341.3672,4.21875
FeTiSh[MB],Terrorist,-516.1016,-39.66541,1.73719,P250,100,0,221.2208,-93.06631,0,False,False,False,344.1797,4.21875
FeTiSh[MB],Terrorist,-502.1368,-45.13807,1.843134,P250,100,0,225.0762,-83.3108,0,False,False,False,346.2891,4.21875
FeTiSh[MB],Terrorist,-487.9578,-50.02954,2.014636,P250,100,0,228.1073,-74.61256,0,False,False,False,347.3438,4.21875
FeTiSh[MB],Terrorist,-473.6226,-54.44407,2.244666,P250,100,0,230.2408,-67.74348,0,False,False,False,348.0469,4.21875
FeTiSh[MB],Terrorist,-459.17,-58.45766,2.523222,P250,100,0,231.9981,-61.45632,0,False,False,False,349.8047,4.21875
FeTiSh[MB],Terrorist,-444.6096,-62.05976,2.850966,P250,100,0,233.7314,-54.49415,0,False,False,False,352.2656,4.21875
FeTiSh[MB],Terrorist,-429.9392,-65.18359,3.320289,P250,100,0,235.4786,-46.36626,0,False,False,False,354.375,3.867188
FeTiSh[MB],Terrorist,-415.1701,-67.80183,4.314427,P250,100,0,236.8772,-38.59021,0,False,False,False,355.7813,3.515625
FeTiSh[MB],Terrorist,-400.33,-69.98325,5.427368,P250,100,0,237.82,-32.27465,0,False,False,False,356.1328,2.8125
FeTiSh[MB],Terrorist,-385.444,-71.82697,6.596512,P250,100,0,238.412,-27.56327,0,False,False,False,356.4844,2.8125
FeTiSh[MB],Terrorist,-370.5293,-73.42313,7.806376,P250,100,0,238.788,-24.08955,0,False,False,False,356.4844,2.8125
FeTiSh[MB],Terrorist,-355.6041,-74.75471,9.057795,P250,100,0,237.811,-13.25829,0,False,False,False,357.5391,2.460938
FeTiSh[MB],Terrorist,-341.0737,-73.59369,10.65252,P250,100,0,228.5471,41.13481,0,False,False,False,359.2969,1.757813
FeTiSh[MB],Terrorist,-327.055,-69.56886,12.63601,P250,100,0,223.6191,75.06149,0,False,False,False,0.3515625,0.703125
FeTiSh[MB],Terrorist,-312.6385,-65.59992,14.64974,P250,100,0,233.6101,55.01204,0,False,False,False,1.054688,0
FeTiSh[MB],Terrorist,-297.9236,-62.70021,16.4793,P250,100,0,236.5422,40.59275,0,False,False,False,1.757813,359.6484
FeTiSh[MB],Terrorist,-283.0836,-60.52177,18.1774,P250,100,0,237.9995,30.92288,0,False,False,False,1.757813,359.6484
FeTiSh[MB],Terrorist,-268.1833,-58.79652,25.99726,P250,100,0,238.5249,26.56866,280.1184,False,False,False,1.757813,0
FeTiSh[MB],Terrorist,-253.2756,-57.13597,41.94215,P250,100,0,238.5249,26.56866,230.1184,False,False,False,1.054688,1.757813
FeTiSh[MB],Terrorist,-238.3678,-55.47542,54.76203,P250,100,0,238.5249,26.56866,180.1184,False,False,False,0.3515625,2.8125
FeTiSh[MB],Terrorist,-223.4599,-53.81487,64.45692,P250,100,0,238.5249,26.56866,130.1184,False,False,False,0.3515625,2.8125
FeTiSh[MB],Terrorist,-208.5521,-52.15431,71.0268,P250,100,0,238.5249,26.56866,80.11838,False,False,False,0.3515625,2.8125
FeTiSh[MB],Terrorist,-193.6443,-50.49376,74.47169,P250,100,0,238.5249,26.56866,30.11838,False,False,False,0.3515625,2.8125
FeTiSh[MB],Terrorist,-178.7364,-48.83321,74.79157,P250,100,0,238.5249,26.56866,-19.88162,False,False,False,0.3515625,2.8125
FeTiSh[MB],Terrorist,-163.8286,-47.17265,71.98646,P250,100,0,238.5249,26.56866,-69.88162,False,False,False,0.3515625,2.460938
FeTiSh[MB],Terrorist,-148.9207,-45.5121,66.05634,P250,100,0,238.5249,26.56866,-119.8816,False,False,False,0.3515625,1.40625
FeTiSh[MB],Terrorist,-134.0129,-43.85155,57.00123,P250,100,0,238.5249,26.56866,-169.8816,False,False,False,0.703125,0.703125
FeTiSh[MB],Terrorist,-119.1051,-42.19099,44.82111,P250,100,0,238.5249,26.56866,-219.8816,False,False,False,0.703125,0.3515625
FeTiSh[MB],Terrorist,-104.9861,-41.0072,33.8749,Flash,100,0,189.3206,-3.304855,0,False,False,False,0.703125,0.3515625
FeTiSh[MB],Terrorist,-92.57621,-41.1545,34.59692,Flash,100,0,205.841,-1.683784,0,False,False,False,0.703125,0.3515625
FeTiSh[MB],Terrorist,-80.85262,-41.21032,35.2886,Smoke,100,0,220.8485,-0.5315488,0,False,False,False,0.703125,0.3515625
FeTiSh[MB],Terrorist,-64.57495,-41.19301,36.25991,Smoke,100,0,239.4006,0.8040087,0,False,False,False,0.703125,0.3515625
FeTiSh[MB],Terrorist,-49.3143,-41.11329,37.17786,Smoke,100,0,244.995,1.570635,0,False,False,False,0.703125,0.3515625
FeTiSh[MB],Terrorist,-34.00223,-40.99837,38.38037,Smoke,100,0,244.9916,2.02682,0,False,False,False,0.703125,0.3515625
FeTiSh[MB],Terrorist,-19.71461,-40.87251,39.52355,Smoke,100,0,202.373,1.799799,0,False,False,False,0.703125,0.3515625
FeTiSh[MB],Terrorist,-9.024058,-40.77743,40.37909,Smoke,100,0,149.0591,1.325653,0,False,False,False,0.703125,0
FeTiSh[MB],Terrorist,-2.057157,-40.71438,40.93681,Smoke,100,0,127.3944,1.191654,0,False,False,False,0.703125,358.2422
FeTiSh[MB],Terrorist,6.900073,-40.61292,41.65729,Smoke,100,0,127.3884,1.715744,0,False,False,False,1.757813,354.7266
FeTiSh[MB],Terrorist,14.86153,-40.48444,42.30413,Smoke,100,0,127.3792,2.301679,0,False,False,False,1.757813,351.9141
FeTiSh[MB],Terrorist,22.82242,-40.32445,42.5965,Smoke,100,0,127.3705,2.740914,0,False,False,False,1.757813,348.3984
FeTiSh[MB],Terrorist,30.78285,-40.14295,42.84493,Smoke,100,0,127.3647,2.999869,0,False,False,False,1.757813,344.8828
FeTiSh[MB],Terrorist,37.748,-39.97486,43.06387,Smoke,100,0,127.3614,3.136743,0,False,False,False,1.757813,341.7188
FeTiSh[MB],Terrorist,46.70287,-39.745,43.34766,Smoke,100,0,127.3554,3.369898,0,False,False,False,1.757813,338.9063
FeTiSh[MB],Terrorist,54.66243,-39.52902,43.60188,Smoke,100,0,127.3516,3.510067,0,False,False,False,1.757813,338.2031
FeTiSh[MB],Terrorist,61.62691,-39.33458,43.82523,Smoke,100,0,127.3498,3.576454,0,False,False,False,1.757813,338.2031
FeTiSh[MB],Terrorist,70.58128,-39.08632,44.11211,Smoke,100,0,127.353,3.45865,0,False,False,False,1.40625,340.6641
FeTiSh[MB],Terrorist,78.52621,-39.02928,44.33916,Smoke,100,0,126.059,-7.061537,0,False,False,False,1.054688,343.8281
FeTiSh[MB],Terrorist,86.24214,-40.42018,44.41017,Smoke,100,0,121.6432,-32.9028,0,False,False,False,1.054688,346.2891
FeTiSh[MB],Terrorist,93.73137,-43.06305,44.49109,Smoke,100,0,119.8811,-43.11922,0,False,False,False,1.757813,348.3984
FeTiSh[MB],Terrorist,100.4157,-45.01784,44.60695,Smoke,100,0,123.6625,-30.63247,0,False,False,False,2.460938,349.4531
FeTiSh[MB],Terrorist,109.2158,-46.67336,44.85863,Smoke,100,0,126.0588,-18.43716,0,False,False,False,3.164063,350.5078
FeTiSh[MB],Terrorist,117.131,-47.52772,45.15357,Smoke,100,0,126.9866,-10.25457,0,False,False,False,4.570313,351.2109
FeTiSh[MB],Terrorist,125.0828,-47.92227,45.49997,Smoke,100,0,127.3528,-3.46938,0,False,False,False,5.625,351.9141
FeTiSh[MB],Terrorist,133.0448,-47.96579,45.88477,Smoke,100,0,127.3946,1.169407,0,False,False,False,5.625,351.5625
FeTiSh[MB],Terrorist,141.0049,-47.77784,46.29449,Smoke,100,0,127.3285,4.266796,0,False,False,False,5.625,351.5625
FeTiSh[MB],Terrorist,148.9597,-47.43093,46.72112,Smoke,100,0,127.2375,6.432627,0,False,False,False,5.273438,351.9141
FeTiSh[MB],Terrorist,156.9089,-46.97053,47.15973,Smoke,100,0,127.1431,8.085714,0,False,False,False,5.976563,352.2656
FeTiSh[MB],Terrorist,164.8512,-46.40452,47.60941,Smoke,100,0,127.0221,9.804709,0,False,False,False,6.679688,352.6172
FeTiSh[MB],Terrorist,172.7855,-45.73602,48.06977,Smoke,100,0,126.8931,11.35396,0,False,False,False,7.03125,352.9688
FeTiSh[MB],Terrorist,180.7102,-45.01119,48.53574,Smoke,100,0,126.5447,8.585641,0,False,False,False,7.382813,352.9688
FeTiSh[MB],Terrorist,188.5634,-45.44519,48.87305,Smoke,100,0,125.0599,-17.79771,0,False,False,False,8.085938,353.3203
FeTiSh[MB],Terrorist,195.3461,-46.96756,49.04044,Smoke,100,0,122.6362,-34.51276,0,False,False,False,8.4375,353.3203
FeTiSh[MB],Terrorist,204.0773,-48.93349,49.25523,Smoke,100,0,125.7918,-20.17852,0,False,False,False,8.4375,353.6719
FeTiSh[MB],Terrorist,211.9942,-49.75924,49.55333,Smoke,100,0,127.1242,-8.378588,0,False,False,False,8.4375,353.6719
FeTiSh[MB],Terrorist,219.9524,-49.97496,49.91936,Smoke,100,0,127.4,-0.04970274,0,False,False,False,8.4375,353.6719
FeTiSh[MB],Terrorist,227.9115,-49.76304,50.33161,Smoke,100,0,127.2706,5.740096,0,False,False,False,8.4375,353.6719
FeTiSh[MB],Terrorist,235.8579,-49.26185,50.77449,Smoke,100,0,127.0402,9.567483,0,False,False,False,8.4375,353.6719
FeTiSh[MB],Terrorist,243.7899,-48.56705,51.38266,Smoke,100,0,126.8167,12.17718,0,False,False,False,8.4375,353.6719
FeTiSh[MB],Terrorist,251.7098,-47.74504,52.16029,Smoke,100,0,126.6552,13.75614,0,False,False,False,7.734375,353.6719
FeTiSh[MB],Terrorist,259.6237,-46.86628,52.94352,Flash,100,0,126.6161,14.11148,0,False,False,False,5.976563,353.3203
FeTiSh[MB],Terrorist,267.5392,-46.00337,53.72519,Flash,100,0,126.684,13.48834,0,False,False,False,4.921875,353.3203
FeTiSh[MB],Terrorist,275.46,-45.18912,54.50206,Flash,100,0,126.7662,12.6923,0,False,False,False,4.570313,353.3203
FeTiSh[MB],Terrorist,283.3866,-44.43632,55.27279,Flash,100,0,127.035,9.637111,0,False,False,False,4.921875,353.6719
FeTiSh[MB],Terrorist,291.2286,-44.86155,55.90894,Flash,100,0,124.4588,-18.24298,0,False,False,False,5.976563,353.3203
FeTiSh[MB],Terrorist,298.9308,-46.73241,56.3768,Flash,100,0,121.6477,-37.84962,0,False,False,False,6.679688,353.3203
FeTiSh[MB],Terrorist,306.363,-49.57945,56.71575,Flash,100,0,116.8483,-50.76646,0,False,False,False,7.382813,353.3203
FeTiSh[MB],Terrorist,313.5168,-53.07201,56.96076,Flash,100,0,112.7213,-59.36901,0,False,False,False,7.382813,353.3203
FeTiSh[MB],Terrorist,320.4428,-56.99861,57.13909,Flash,100,0,109.4606,-65.18534,0,False,False,False,7.382813,353.3203
FeTiSh[MB],Terrorist,327.1963,-61.21583,57.25648,Flash,100,0,107.0929,-69.00629,0,False,False,False,7.382813,353.3203
FeTiSh[MB],Terrorist,333.8282,-65.62229,57.45804,Flash,100,0,105.4262,-71.52676,0,False,False,False,7.382813,353.3203
FeTiSh[MB],Terrorist,340.3737,-70.15632,57.77866,Flash,100,0,104.268,-73.20483,0,False,False,False,7.734375,353.6719
FeTiSh[MB],Terrorist,346.8758,-74.75232,58.12031,Flash,100,0,104.025,-73.54975,0,False,False,False,10.54688,353.3203
FeTiSh[MB],Terrorist,353.3995,-79.31757,58.44279,Flash,100,0,104.7825,-72.46643,0,False,False,False,13.00781,351.5625
FeTiSh[MB],Terrorist,360.0028,-83.76668,58.65972,Flash,100,0,106.466,-69.9696,0,False,False,False,16.52344,349.8047
FeTiSh[MB],Terrorist,366.7385,-88.0123,58.89588,Flash,100,0,108.8196,-66.24998,0,False,False,False,19.33594,349.1016
FeTiSh[MB],Terrorist,373.6108,-92.03335,59.15263,Flash,100,0,110.7176,-63.02679,0,False,False,False,19.6875,349.1016
FeTiSh[MB],Terrorist,380.5771,-95.88948,59.42408,Flash,100,0,111.9685,-60.77683,0,False,False,False,19.6875,349.1016
FeTiSh[MB],Terrorist,387.6067,-99.62913,59.70572,Flash,100,0,112.82,-59.18114,0,False,False,False,19.33594,349.1016
FeTiSh[MB],Terrorist,394.6881,-103.2549,59.99661,Flash,100,0,114.4596,-54.08645,0,False,False,False,19.33594,349.1016
FeTiSh[MB],Terrorist,402.1179,-105.6231,60.37487,Flash,100,0,121.9608,-26.47539,0,False,False,False,19.6875,349.1016
FeTiSh[MB],Terrorist,409.9123,-106.8296,60.8367,Flash,100,0,125.576,-21.48062,0,False,False,False,21.79688,348.3984
FeTiSh[MB],Terrorist,417.6972,-108.4949,61.27833,Flash,100,0,123.7952,-30.09163,0,False,False,False,22.5,348.3984
FeTiSh[MB],Terrorist,425.3803,-110.5832,61.69311,Flash,100,0,122.3212,-35.61289,0,False,False,False,23.20313,348.3984
FeTiSh[MB],Terrorist,432.9864,-112.9379,62.08867,Flash,100,0,121.2591,-39.07679,0,False,False,False,23.20313,348.3984
FeTiSh[MB],Terrorist,439.595,-115.1441,62.42395,Flash,100,0,120.5549,-41.19786,0,False,False,False,23.20313,348.3984
FeTiSh[MB],Terrorist,447.1072,-117.7837,62.79817,Flash,100,0,119.9416,-42.95089,0,False,False,False,23.20313,348.3984
FeTiSh[MB],Terrorist,455.5198,-120.8609,63.21088,Flash,100,0,119.4341,-44.34261,0,False,False,False,23.20313,348.3984
FeTiSh[MB],Terrorist,462.9732,-123.6623,63.57262,Flash,100,0,119.1576,-45.08022,0,False,False,False,23.90625,347.6953
FeTiSh[MB],Terrorist,470.424,-126.4708,64.02659,Flash,100,0,119.3484,-44.57266,0,False,False,False,26.36719,345.5859
FeTiSh[MB],Terrorist,477.9102,-129.1827,64.50347,Flash,100,0,120.2226,-42.15772,0,False,False,False,30.23438,342.0703
FeTiSh[MB],Terrorist,485.4723,-131.6745,64.88421,Flash,100,0,121.6367,-37.88514,0,False,False,False,33.75,337.5
FeTiSh[MB],Terrorist,493.1256,-133.8701,65.25839,Flash,100,0,123.0447,-33.02657,0,False,False,False,35.85938,334.3359
FeTiSh[MB],Terrorist,500.8943,-134.89,80.07096,Flash,100,0,126.5944,-0.02425586,0,False,False,False,36.5625,332.9297
FeTiSh[MB],Terrorist,508.8566,-134.8915,80.07949,Flash,100,0,127.3972,-0.02407292,0,False,False,False,36.5625,332.9297
FeTiSh[MB],Terrorist,516.8167,-135.0562,80.03125,Flash,100,0,127.302,-4.996287,0,False,False,False,36.5625,332.9297
FeTiSh[MB],Terrorist,524.4187,-136.4964,67.15127,Flash,100,0,117.6482,-35.71205,0,False,False,False,36.5625,333.2813
FeTiSh[MB],Terrorist,531.5178,-139.5537,67.6976,Flash,100,0,110.8569,-58.09415,0,False,False,False,37.96875,332.9297
FeTiSh[MB],Terrorist,538.4922,-143.3289,68.27215,Flash,100,0,114.7332,-55.38103,0,False,False,False,39.375,332.2266
FeTiSh[MB],Terrorist,545.8677,-146.3192,68.83064,Flash,100,0,120.1366,-42.4023,0,False,False,False,40.78125,331.5234
FeTiSh[MB],Terrorist,553.496,-148.5938,69.36818,Flash,100,0,123.2954,-32.07824,0,False,False,False,42.1875,331.5234
FeTiSh[MB],Terrorist,561.2645,-150.3333,69.88732,Flash,100,0,124.1842,-28.0065,0,False,False,False,43.24219,331.5234
FeTiSh[MB],Terrorist,568.8062,-152.8562,70.43219,Flash,100,0,117.7263,-48.69567,0,False,False,False,44.64844,331.1719
FeTiSh[MB],Terrorist,575.9332,-156.3974,71.00379,Flash,100,0,111.3228,-61.95151,0,False,False,False,46.05469,331.1719
FeTiSh[MB],Terrorist,582.7595,-160.4931,71.50857,Flash,100,0,110.7018,-62.97491,0,False,False,False,47.10937,330.8203
FeTiSh[MB],Terrorist,590.0268,-163.725,71.99015,Flash,100,0,119.7484,-43.48659,0,False,False,False,48.86719,330.8203
FeTiSh[MB],Terrorist,597.6889,-165.8725,72.43614,Flash,100,0,124.3328,-27.78692,0,False,False,False,50.27344,330.8203
FeTiSh[MB],Terrorist,605.4858,-167.4759,72.86147,Flash,100,0,123.4907,-31.31761,0,False,False,False,51.67969,330.8203
FeTiSh[MB],Terrorist,613.0379,-169.9848,73.36378,Flash,100,0,118.7831,-46.05788,0,False,False,False,53.08593,330.4688
FeTiSh[MB],Terrorist,620.6844,-172.1788,73.88642,Flash,100,0,124.4529,-27.24404,0,False,False,False,54.14063,330.4688
FeTiSh[MB],Terrorist,628.1079,-172.4215,74.28282,Flash,100,0,114.6741,12.59881,0,False,False,False,55.19531,331.875
FeTiSh[MB],Terrorist,634.9896,-170.5419,74.52651,Flash,100,0,106.7986,42.4093,0,False,False,False,56.25,334.6875
FeTiSh[MB],Terrorist,641.434,-167.0734,74.65425,Flash,100,0,100.4452,64.73263,0,False,False,False,57.30469,337.8516
FeTiSh[MB],Terrorist,647.5266,-162.4152,74.68787,Flash,100,0,95.34302,81.44626,0,False,False,False,58.00781,340.6641
FeTiSh[MB],Terrorist,653.2751,-156.93,74.6672,Flash,100,0,88.77737,91.37471,0,False,False,False,58.00781,341.7188
FeTiSh[MB],Terrorist,658.5986,-151.0104,74.59307,Flash,100,0,82.6405,96.96033,0,False,False,False,58.00781,341.7188
FeTiSh[MB],Terrorist,663.6017,-144.8168,74.48633,Flash,100,0,78.30922,100.4909,0,False,False,False,57.65625,339.6094
FeTiSh[MB],Terrorist,668.397,-138.4605,74.35933,Flash,100,0,75.70565,102.4666,0,False,False,False,56.95313,336.7969
FeTiSh[MB],Terrorist,673.0709,-132.0142,74.30932,Flash,100,0,74.16717,103.5857,0,False,False,False,56.60156,334.3359
FeTiSh[MB],Terrorist,677.0958,-126.3272,75.53907,Flash,100,0,73.20157,104.2703,0,False,False,False,56.60156,332.9297
FeTiSh[MB],Terrorist,682.2007,-118.9665,77.12141,Flash,100,0,72.16223,104.9922,0,False,False,False,56.95313,332.9297
FeTiSh[MB],Terrorist,686.6857,-112.3872,78.52876,Flash,100,0,71.48213,105.4565,0,False,False,False,56.95313,332.5781
FeTiSh[MB],Terrorist,691.1442,-105.79,79.66125,Flash,100,0,71.34612,105.5485,0,False,False,False,55.54688,330.4688
FeTiSh[MB],Terrorist,695.6243,-99.20749,80.66855,Flash,100,0,72.06055,105.062,0,False,False,False,53.78907,327.6563
FeTiSh[MB],Terrorist,700.1729,-92.67214,81.66862,Flash,100,0,73.37828,104.146,0,False,False,False,52.38281,325.1953
FeTiSh[MB],Terrorist,704.807,-86.19716,82.65947,Flash,100,0,74.7138,103.1921,0,False,False,False,52.03125,322.3828
FeTiSh[MB],Terrorist,709.5162,-79.77656,83.64198,Flash,100,0,75.80966,102.3897,0,False,False,False,51.67969,319.5703
FeTiSh[MB],Terrorist,714.2901,-73.40387,84.61717,Flash,100,0,76.84187,101.6174,0,False,False,False,50.97656,316.0547
FeTiSh[MB],Terrorist,719.132,-67.08275,85.58447,Flash,100,0,77.95229,100.7681,0,False,False,False,50.27344,313.9453
FeTiSh[MB],Terrorist,724.0381,-60.81128,86.36642,Flash,100,0,78.88155,100.0423,0,False,False,False,50.27344,313.2422
FeTiSh[MB],Terrorist,728.9932,-54.57844,87.05948,Flash,100,0,79.5637,99.50063,0,False,False,False,50.27344,313.9453
FeTiSh[MB],Terrorist,733.59,-48.15307,87.79015,Flash,100,0,63.65821,108.3288,0,False,False,False,49.57031,314.2969
FeTiSh[MB],Terrorist,736.8427,-40.9681,88.66701,Flash,100,0,44.01711,119.5544,0,False,False,False,48.51563,314.6484
FeTiSh[MB],Terrorist,739.0563,-33.32401,89.63941,Flash,100,0,29.54954,123.9257,0,False,False,False,46.75781,315
FeTiSh[MB],Terrorist,740.3904,-26.48703,90.52959,Flash,100,0,21.01909,125.6541,0,False,False,False,45.35156,315.3516
FeTiSh[MB],Terrorist,741.5806,-17.60966,91.70263,Flash,100,0,14.22486,126.6034,0,False,False,False,44.29688,315.7031
FeTiSh[MB],Terrorist,742.3376,-9.683462,92.40105,Flash,100,0,10.68792,126.9509,0,False,False,False,44.29688,315.7031
FeTiSh[MB],Terrorist,742.9186,-1.74229,92.3927,Flash,100,0,8.362485,127.1252,0,False,False,False,43.94531,315.3516
FeTiSh[MB],Terrorist,742.5693,6.072404,92.55523,Flash,100,0,-18.26792,123.1268,0,False,False,False,43.24219,314.6484
FeTiSh[MB],Terrorist,740.6049,13.65091,93.01257,Flash,100,0,-40.61547,119.9945,0,False,False,False,42.53906,313.9453
FeTiSh[MB],Terrorist,737.5106,20.98042,93.61308,Flash,100,0,-55.38178,114.7328,0,False,False,False,42.1875,313.2422
FeTiSh[MB],Terrorist,733.8466,27.80165,94.28941,Flash,100,0,-55.15839,99.30817,0,False,False,False,42.1875,313.2422
FeTiSh[MB],Terrorist,730.9329,33.04771,94.82724,Flash,100,0,-40.62726,73.14605,0,False,False,False,41.83594,313.9453
FeTiSh[MB],Terrorist,728.7952,36.89628,95.29865,Flash,100,0,-29.39781,52.92834,0,False,False,False,41.83594,314.2969
FeTiSh[MB],Terrorist,727.3419,39.51279,95.75029,Flash,100,0,-18.47277,33.25872,0,False,False,False,42.1875,314.2969
FeTiSh[MB],Terrorist,726.5714,40.89995,95.98973,Flash,100,0,-7.547748,13.5891,0,False,False,False,42.1875,314.2969
FeTiSh[MB],Terrorist,726.4366,41.14264,96.01643,Flash,100,0,0,0,0,False,False,False,42.1875,314.2969
FeTiSh[MB],Terrorist,726.4366,41.14264,96.01643,Flash,100,0,0,0,0,False,False,False,42.1875,314.2969
FeTiSh[MB],Terrorist,726.4366,41.14264,96.01643,Flash,100,0,0,0,0,False,False,False,42.1875,314.2969
FeTiSh[MB],Terrorist,726.4366,41.14264,96.01643,Flash,100,0,0,0,0,False,False,False,42.1875,314.2969
FeTiSh[MB],Terrorist,726.4366,41.14264,96.01643,Flash,100,0,0,0,0,False,False,False,42.1875,314.6484
FeTiSh[MB],Terrorist,726.4366,41.14264,96.01643,Flash,100,0,0,0,0,False,False,False,42.1875,314.6484
FeTiSh[MB],Terrorist,726.4366,41.14264,96.01643,Flash,100,0,0,0,0,False,False,False,42.1875,314.6484
FeTiSh[MB],Terrorist,726.4366,41.14264,96.01643,Flash,100,0,0,0,0,False,False,False,42.53906,314.6484
FeTiSh[MB],Terrorist,726.4366,41.14264,96.01643,P250,100,0,0,0,0,False,False,False,42.53906,314.6484
FeTiSh[MB],Terrorist,726.4366,41.14264,96.01643,P250,100,0,0,0,0,False,False,False,42.53906,314.6484
FeTiSh[MB],Terrorist,726.4366,41.14264,96.01643,P250,100,0,0,0,0,False,False,False,42.53906,314.6484
FeTiSh[MB],Terrorist,726.4366,41.14264,96.01643,P250,100,0,0,0,0,False,False,False,42.53906,314.6484
FeTiSh[MB],Terrorist,726.4366,41.14264,96.01643,P250,100,0,0,0,0,False,False,False,42.53906,314.6484
FeTiSh[MB],Terrorist,726.4366,41.14264,96.01643,P250,100,0,0,0,0,False,False,False,42.53906,314.6484
FeTiSh[MB],Terrorist,725.252,42.51468,96.37408,P250,100,0,-30.89218,44.40572,0,False,False,False,42.89063,316.7578
FeTiSh[MB],Terrorist,723.7347,47.49413,96.92147,P250,100,0,-20.48824,105.2745,0,False,False,False,44.29688,321.6797
FeTiSh[MB],Terrorist,722.6462,55.76573,97.47275,Smoke,100,0,-15.5806,151.5198,0,False,False,False,46.05469,329.0625
FeTiSh[MB],Terrorist,721.7342,66.53354,98.06418,Smoke,100,0,-14.32035,186.8465,0,False,False,False,47.8125,337.8516
FeTiSh[MB],Terrorist,720.7919,79.16269,98.72598,Smoke,100,0,-16.00069,212.723,0,False,False,False,49.92188,346.2891
FeTiSh[MB],Terrorist,720.0069,93.15298,99.39442,Smoke,100,0,-2.069805,231.6394,0,False,False,False,50.625,350.5078
FeTiSh[MB],Terrorist,720.0069,108.1369,99.90014,Smoke,100,0,0,244.9977,0,False,False,False,50.625,350.5078
FeTiSh[MB],Terrorist,720.0069,123.4493,100.0293,Smoke,100,0,0,244.9978,0,False,False,False,50.625,350.5078
FeTiSh[MB],Terrorist,721.7578,138.5317,99.59277,Smoke,100,0,47.68165,238.7359,0,False,False,False,50.625,350.5078
FeTiSh[MB],Terrorist,725.3656,151.4103,98.38209,Smoke,100,0,78.16364,232.197,0,False,False,False,50.625,350.5078
FeTiSh[MB],Terrorist,731.5219,167.4953,96.17281,Smoke,100,0,80.32666,231.4576,0,False,False,False,48.51563,352.2656
FeTiSh[MB],Terrorist,735.5818,182.2525,94.54295,Smoke,100,0,54.57193,238.8449,0,False,False,False,46.40625,353.3203
FeTiSh[MB],Terrorist,738.9371,197.183,93.21366,Smoke,100,0,66.72212,235.7396,0,False,False,False,46.05469,354.0234
FeTiSh[MB],Terrorist,744.3322,211.5003,92.98998,Smoke,100,0,99.76282,223.7686,0,False,False,False,46.05469,354.0234
FeTiSh[MB],Terrorist,751.4028,225.0754,92.10615,Smoke,100,0,122.2558,212.317,0,False,False,False,46.05469,354.0234
FeTiSh[MB],Terrorist,759.6211,237.9915,91.07887,Smoke,100,0,137.9914,202.4435,0,False,False,False,45,353.6719
FeTiSh[MB],Terrorist,768.684,250.3312,89.62317,Smoke,100,0,149.93,193.7679,0,False,False,False,43.94531,352.9688
FeTiSh[MB],Terrorist,778.366,262.1926,88.04224,Smoke,100,0,158.323,186.9729,0,False,False,False,43.59375,352.9688
FeTiSh[MB],Terrorist,788.4671,273.7002,86.699,Smoke,100,0,163.8434,182.1548,0,False,False,False,43.59375,352.9688
FeTiSh[MB],Terrorist,798.8494,284.955,85.69839,Smoke,100,0,167.7317,178.5808,0,False,False,False,43.24219,351.9141
FeTiSh[MB],Terrorist,809.4413,296.013,84.69083,Smoke,100,0,170.7048,175.7409,0,False,False,False,43.24219,349.1016
FeTiSh[MB],Terrorist,820.1069,306.8362,83.94637,P250,100,0,169.2832,170.127,0,False,False,False,43.24219,347.3438
FeTiSh[MB],Terrorist,830.7462,317.4099,84.94342,P250,100,0,170.8896,168.5134,0,False,False,False,43.24219,347.3438
FeTiSh[MB],Terrorist,840.1241,326.5924,86.83611,P250,100,0,171.8523,167.5314,0,False,False,False,43.24219,348.0469
FeTiSh[MB],Terrorist,852.2247,338.3543,89.27286,P250,100,0,172.0843,167.2931,0,False,False,False,44.64844,350.1563
FeTiSh[MB],Terrorist,862.95,348.8409,90.63351,P250,100,0,171.0698,168.3304,0,False,False,False,46.05469,351.5625
FeTiSh[MB],Terrorist,873.5602,359.4431,91.6833,P250,100,0,166.1084,173.2282,0,False,False,False,46.75781,352.2656
FeTiSh[MB],Terrorist,882.2375,371.3011,92.58105,P250,100,0,119.613,201.3057,0,False,False,False,47.10937,353.3203
FeTiSh[MB],Terrorist,889.5928,384.1928,93.33487,P250,100,0,125.0137,204.8697,0,False,False,False,47.46093,354.375
FeTiSh[MB],Terrorist,897.8534,396.7108,94.14063,P250,100,0,137.2556,196.8779,0,False,False,False,46.40625,356.4844
FeTiSh[MB],Terrorist,906.8112,408.7398,94.80011,P250,100,0,148.1475,188.8182,0,False,False,False,42.1875,359.6484
FeTiSh[MB],Terrorist,916.5121,420.1763,95.44011,P250,100,0,161.1472,177.8527,0,False,False,False,35.15625,2.8125
FeTiSh[MB],Terrorist,927.1267,430.7673,96.14037,P250,100,0,176.876,162.2187,0,False,False,False,26.36719,5.625
FeTiSh[MB],Terrorist,938.7615,440.2232,96.0721,P250,100,0,193.2673,142.2946,0,False,False,False,18.63281,7.382813
FeTiSh[MB],Terrorist,951.36,448.3509,95.85564,P250,100,0,207.5388,120.5308,0,False,False,False,13.35938,8.4375
FeTiSh[MB],Terrorist,964.7202,455.1584,96.37663,P250,100,0,218.0396,100.2932,0,False,False,False,10.89844,9.140625
FeTiSh[MB],Terrorist,976.8497,460.1666,97.00639,P250,100,0,224.2338,85.55222,0,False,False,False,10.19531,9.140625
FeTiSh[MB],Terrorist,992.8156,465.6237,97.98717,P250,100,0,228.8532,72.29258,0,False,False,False,11.25,8.789063
FeTiSh[MB],Terrorist,1007.189,469.9122,98.84191,P250,100,0,230.6101,66.47547,0,False,False,False,13.00781,8.085938
FeTiSh[MB],Terrorist,1021.256,474.735,99.53036,P250,100,0,215.6899,95.8106,0,False,False,False,14.41406,7.382813
FeTiSh[MB],Terrorist,1034.01,482.1385,99.96148,P250,100,0,195.7972,134.4238,0,False,False,False,15.11719,6.679688
FeTiSh[MB],Terrorist,1046.833,489.8825,100.2328,P250,100,0,210.2019,115.8239,0,False,False,False,15.82031,6.328125
FeTiSh[MB],Terrorist,1060.23,496.6237,100.94,P250,100,0,216.8517,102.8364,0,False,False,False,18.63281,5.273438
FeTiSh[MB],Terrorist,1073.856,502.8961,101.681,P250,100,0,218.1174,100.1239,0,False,False,False,26.71875,3.867188
FeTiSh[MB],Terrorist,1087.359,509.4257,102.4036,P250,100,0,213.612,109.407,0,False,False,False,36.5625,2.8125
FeTiSh[MB],Terrorist,1100.479,516.6908,103.0718,P250,100,0,207.2798,120.9755,0,False,False,False,37.61719,2.460938
FeTiSh[MB],Terrorist,1114.116,522.7388,104.1023,P250,100,0,225.8449,79.77378,0,False,False,False,37.61719,2.460938
FeTiSh[MB],Terrorist,1128.359,527.4301,106.0585,P250,100,0,224.9036,83.7757,0,False,False,False,37.61719,2.460938
FeTiSh[MB],Terrorist,1142.115,533.4005,108.0277,P250,100,0,216.5048,103.5649,0,False,False,False,37.61719,2.460938
FeTiSh[MB],Terrorist,1155.392,540.3738,109.9958,P250,100,0,209.5211,117.0508,0,False,False,False,37.61719,2.460938
FeTiSh[MB],Terrorist,1168.289,548.0311,111.9566,P250,100,0,204.1103,126.2496,0,False,False,False,37.61719,2.460938
FeTiSh[MB],Terrorist,1180.903,556.1475,113.9091,P250,100,0,200.2397,132.3029,0,False,False,False,37.61719,2.460938
FeTiSh[MB],Terrorist,1193.316,564.5679,115.9661,P250,100,0,197.4646,136.4101,0,False,False,False,37.96875,2.109375
FeTiSh[MB],Terrorist,1206.222,571.9846,117.6527,P250,100,0,215.6787,100.1081,0,False,False,False,40.07813,2.109375
FeTiSh[MB],Terrorist,1220.26,577.1409,119.2223,P250,100,0,229.1871,71.22704,0,False,False,False,47.46093,1.40625
FeTiSh[MB],Terrorist,1234.497,579.2331,120.2463,P250,100,0,227.9503,8.508078,0,False,False,False,56.95313,1.054688
FeTiSh[MB],Terrorist,1248.883,578.3272,120.9038,P250,100,0,232.3097,-29.62221,0,False,False,False,62.92969,0.703125
FeTiSh[MB],Terrorist,1263.538,575.6069,121.3492,P250,100,0,234.2289,-52.3145,0,False,False,False,66.09375,359.6484
FeTiSh[MB],Terrorist,1278.061,571.8594,121.6591,P250,100,0,231.0634,-64.88242,0,False,False,False,67.85156,359.2969
FeTiSh[MB],Terrorist,1292.426,567.5449,121.224,P250,100,0,229.0711,-71.59917,0,False,False,False,68.90625,359.2969
FeTiSh[MB],Terrorist,1306.697,562.9256,120.6471,P250,100,0,227.8417,-75.41982,0,False,False,False,69.25781,359.6484
FeTiSh[MB],Terrorist,1320.913,558.1391,119.5304,P250,100,0,227.2602,-77.15426,0,False,False,False,70.66406,0
FeTiSh[MB],Terrorist,1335.183,553.8682,118.1841,P250,100,0,230.6945,-49.09408,0,False,False,False,71.01563,0
FeTiSh[MB],Terrorist,1349.807,552.4564,117.3055,P250,100,0,236.2947,-3.981517,0,False,False,False,71.01563,0
FeTiSh[MB],Terrorist,1364.695,553.424,117.6369,P250,100,0,238.246,28.96312,0,False,False,False,70.66406,0
FeTiSh[MB],Terrorist,1379.513,555.7389,117.9885,P250,100,0,238.1254,29.93825,0,False,False,False,72.07031,0
FeTiSh[MB],Terrorist,1394.484,556.5118,118.3147,P250,100,0,239.9993,0.5984924,0,False,False,False,74.53125,359.6484
FeTiSh[MB],Terrorist,1409.473,556.1703,119.3313,P250,100,0,239.6364,2.924018,0,False,False,False,77.34375,359.6484
FeTiSh[MB],Terrorist,1424.36,557.8148,120.7884,P250,100,0,236.1067,43.05379,0,False,False,False,79.80469,359.6484
FeTiSh[MB],Terrorist,1438.855,561.6309,122.2482,P250,100,0,228.3551,73.85096,0,False,False,False,82.26563,359.6484
FeTiSh[MB],Terrorist,1452.943,566.7739,123.6051,P250,100,0,227.5726,76.22805,0,False,False,False,84.375,0
FeTiSh[MB],Terrorist,1465.623,570.1407,124.8203,P250,100,0,234.3554,51.74489,0,False,False,False,86.13281,0
FeTiSh[MB],Terrorist,1482.206,573.2414,126.4095,P250,100,0,234.168,52.58647,0,False,False,False,86.48438,359.6484
FeTiSh[MB],Terrorist,1494.74,577.1046,127.6107,P250,100,0,225.2685,82.78941,0,False,False,False,86.48438,359.6484
FeTiSh[MB],Terrorist,1510.116,584.0342,129.0842,P250,100,0,213.5881,109.4537,0,False,False,False,86.48438,359.6484
FeTiSh[MB],Terrorist,1519.969,590.4905,130.0252,P250,100,0,0,124.1045,0,False,False,False,87.89063,0
FeTiSh[MB],Terrorist,1519.966,600.1139,129.9998,P250,100,0,-0.3475021,148.888,0,False,False,False,91.75781,0
FeTiSh[MB],Terrorist,1517.957,609.8153,129.7623,P250,100,0,-54.52351,159.6263,0,False,False,False,92.46094,0
FeTiSh[MB],Terrorist,1513.138,620.1068,129.4547,P250,100,0,-87.1908,170.8664,0,False,False,False,92.46094,0
FeTiSh[MB],Terrorist,1510.733,630.1055,130.1408,P250,100,0,2.042835,141.7602,0,False,False,False,92.46094,0
FeTiSh[MB],Terrorist,1513.547,637.7079,130.725,P250,100,0,75.20444,107.4975,0,False,False,False,92.46094,359.6484
FeTiSh[MB],Terrorist,1519.969,643.5023,131.3841,P250,100,0,0,82.36818,0,False,False,False,92.46094,359.6484
FeTiSh[MB],Terrorist,1519.989,646.0458,131.5335,P250,100,0,0,-3.30962,0,False,False,False,92.46094,359.6484
FeTiSh[MB],Terrorist,1520,643.6797,131.396,P250,100,0,0,-64.72464,0,False,False,False,92.8125,0
FeTiSh[MB],Terrorist,1520,638.5261,131.0953,P250,100,0,0,-114.7936,0,False,False,False,92.8125,0.3515625
FeTiSh[MB],Terrorist,1520,628.4846,130.5096,P250,100,0,0,-162.7912,0,False,False,False,92.46094,359.6484
FeTiSh[MB],Terrorist,1519.966,618.6982,129.937,P250,100,0,-4.323653,-189.3303,0,False,False,False,92.10938,358.9453
FeTiSh[MB],Terrorist,1518.229,607.056,129.8012,P250,100,0,-32.56527,-171.4368,0,False,False,False,92.8125,358.2422
FeTiSh[MB],Terrorist,1519.669,597.2319,129.9847,P250,100,0,58.28685,-117.0352,0,False,False,False,93.16406,358.2422
FeTiSh[MB],Terrorist,1519.887,591.1849,130.0175,P250,100,0,-10.483,-83.77676,0,False,False,False,93.16406,358.2422
FeTiSh[MB],Terrorist,1516.629,586.6052,129.7083,P250,100,0,-81.36617,-65.90177,0,False,False,False,93.16406,358.2422
FeTiSh[MB],Terrorist,1509.626,582.9718,129.0372,P250,100,0,-133.582,-52.62004,0,False,False,False,92.8125,357.8906
FeTiSh[MB],Terrorist,1499.946,580.0669,128.1095,P250,100,0,-161.5876,-41.66495,0,False,False,False,92.10938,357.8906
FeTiSh[MB],Terrorist,1491.89,577.877,127.3375,P250,100,0,-88.69244,-30.01244,0,False,False,False,91.05469,357.8906
FeTiSh[MB],Terrorist,1490.014,576.4471,127.1478,P250,100,0,11.78143,-14.89603,0,False,False,False,91.05469,357.8906
FeTiSh[MB],Terrorist,1493.014,575.9343,127.4452,P250,100,0,75.06923,-5.045561,0,False,False,False,92.8125,357.8906
FeTiSh[MB],Terrorist,1497.052,575.6744,127.8323,P250,100,0,31.09547,-4.664662,0,False,False,False,92.8125,357.8906
FeTiSh[MB],Terrorist,1498.214,575.5002,127.9369,P250,100,0,8.844434,-1.326762,0,False,False,False,92.10938,357.5391
FeTiSh[MB],Terrorist,1498.287,575.4893,127.9369,P250,100,0,0,0,0,False,False,False,92.8125,358.2422
FeTiSh[MB],Terrorist,1495.955,575.3148,127.7271,P250,100,0,-64.10016,-5.178001,0,False,False,False,94.92187,358.5938
FeTiSh[MB],Terrorist,1489.898,574.8065,127.1467,P250,100,0,-120.3003,-10.22926,0,False,False,False,94.92187,358.5938
FeTiSh[MB],Terrorist,1485.12,574.402,126.6887,P250,100,0,-29.01129,-2.395998,0,False,False,False,94.92187,358.2422
FeTiSh[MB],Terrorist,1484.977,574.3912,126.675,P250,100,0,0,0,0,True,False,False,96.32813,357.8906
FeTiSh[MB],Terrorist,1484.977,574.3912,126.675,P250,100,0,0,0,0,True,False,False,97.03126,357.8906
FeTiSh[MB],Terrorist,1484.977,574.3912,126.675,P250,100,0,0,0,0,True,False,False,98.08594,357.1875
FeTiSh[MB],Terrorist,1484.977,574.3912,126.675,P250,100,0,0,0,0,False,False,False,98.78906,357.1875
FeTiSh[MB],Terrorist,1484.977,574.3912,126.675,P250,100,0,0,0,0,False,False,False,99.84375,356.4844
FeTiSh[MB],Terrorist,1484.977,574.3912,126.675,P250,100,0,0,0,0,False,False,False,100.8984,356.4844
FeTiSh[MB],Terrorist,1484.977,574.3912,126.675,P250,100,0,0,0,0,False,False,False,101.25,356.8359
FeTiSh[MB],Terrorist,1484.977,574.3912,126.675,P250,100,0,0,0,0,False,False,False,101.6016,357.1875
FeTiSh[MB],Terrorist,1484.977,574.3912,126.675,P250,100,0,0,0,0,False,False,False,101.6016,357.5391
FeTiSh[MB],Terrorist,1484.977,574.3912,126.675,P250,100,0,0,0,0,False,False,False,103.0078,358.9453
FeTiSh[MB],Terrorist,1484.977,574.3912,126.675,P250,100,0,0,0,0,True,False,False,102.3047,358.9453
FeTiSh[MB],Terrorist,1485.005,574.3973,126.675,P250,100,0,3.635469,0.7826028,0,True,False,False,102.3047,358.9453
FeTiSh[MB],Terrorist,1485.397,574.4775,126.7127,P250,100,0,3.461709,0.6969215,0,False,False,False,100.8984,359.2969
FeTiSh[MB],Terrorist,1484.722,574.3442,126.6506,P250,100,0,-32.91696,-6.550341,0,False,False,False,101.6016,359.2969
FeTiSh[MB],Terrorist,1480.553,573.5007,126.251,P250,100,0,-92.53411,-18.82136,0,False,False,False,101.6016,359.2969
FeTiSh[MB],Terrorist,1473.09,571.9854,125.5359,P250,100,0,-130.176,-26.35028,0,False,False,False,101.25,358.5938
FeTiSh[MB],Terrorist,1467.816,570.8953,125.0304,P250,100,0,-38.33398,-8.631088,0,False,False,False,100.5469,358.9453
FeTiSh[MB],Terrorist,1468.524,570.994,125.0983,P250,100,0,40.57949,7.407222,0,False,False,False,100.1953,358.9453
FeTiSh[MB],Terrorist,1472.49,572.8771,125.4784,P250,100,0,75.69547,54.92388,0,False,False,False,100.1953,358.9453
FeTiSh[MB],Terrorist,1478.248,577.6698,126.0301,P250,100,0,110.8445,80.20692,0,False,False,False,97.73438,358.9453
FeTiSh[MB],Terrorist,1485.632,582.0783,126.7378,P250,100,0,106.5462,61.83573,0,False,False,False,92.46094,358.2422
FeTiSh[MB],Terrorist,1488.536,585.2484,127.002,P250,100,0,3.745439,41.88395,0,False,False,False,91.05469,358.2422
FeTiSh[MB],Terrorist,1486.134,587.1564,126.7859,P250,100,0,-67.50626,24.20283,0,False,False,False,91.05469,358.2422
FeTiSh[MB],Terrorist,1480.656,588.4069,126.2609,P250,100,0,-83.69865,17.35064,0,False,False,False,90.35156,357.8906
FeTiSh[MB],Terrorist,1477.952,589.2846,126.0012,P250,100,0,0.8736984,9.932514,0,False,False,False,90.35156,357.8906
FeTiSh[MB],Terrorist,1479.624,589.5738,126.1522,P250,100,0,13.12367,3.14792,0,False,False,False,90.35156,357.8906
FeTiSh[MB],Terrorist,1477.788,589.5858,125.9861,P250,100,0,-56.62457,-0.2220539,0,False,False,False,90.35156,357.8906
FeTiSh[MB],Terrorist,1476.557,589.5809,125.8681,P250,100,0,18.18736,0.07132196,0,False,False,False,90.35156,357.8906
FeTiSh[MB],Terrorist,1479.856,589.5941,126.1843,P250,100,0,79.68678,0.3363674,0,False,False,False,90.35156,357.8906
FeTiSh[MB],Terrorist,1486.774,589.634,126.8473,P250,100,0,132.4549,0.9151496,0,False,False,False,90.70313,357.8906
FeTiSh[MB],Terrorist,1493.771,589.6824,127.5178,P250,100,0,97.56052,0.6740591,0,False,False,False,90.70313,357.8906
FeTiSh[MB],Terrorist,1496.682,589.6928,127.7869,P250,100,0,0,0,0,False,False,False,90.70313,357.8906
FeTiSh[MB],Terrorist,1494.426,589.6632,127.5806,P250,100,0,-53.80785,-0.7068909,0,False,False,False,90.70313,357.8906
FeTiSh[MB],Terrorist,1493.445,589.6502,127.4865,P250,100,0,20.43583,0.2604082,0,False,False,False,90.70313,357.8906
FeTiSh[MB],Terrorist,1496.146,589.6835,127.7454,P250,100,0,29.43516,0.3705126,0,False,False,False,90.70313,357.8906
FeTiSh[MB],Terrorist,1494.901,589.6694,127.6261,P250,100,0,-48.93414,-0.5676962,0,False,False,False,90.70313,357.8906
FeTiSh[MB],Terrorist,1493.126,589.6488,127.4521,P250,100,0,5.062312,0.05066555,0,False,False,False,90.70313,357.8906
FeTiSh[MB],Terrorist,1494.128,589.66,127.5519,P250,100,0,-6.937572,-0.001633275,0,False,False,False,90.35156,357.8906
FeTiSh[MB],Terrorist,1491.532,589.6587,127.3032,P250,100,0,-68.4369,0.1228672,0,False,False,False,89.64844,357.8906
FeTiSh[MB],Terrorist,1485.222,589.7009,126.6985,P250,100,0,-123.975,1.186606,0,False,False,False,88.94531,357.8906
FeTiSh[MB],Terrorist,1477.254,589.7944,125.9349,P250,100,0,-160.5924,1.970979,0,False,False,False,89.29688,358.2422
FeTiSh[MB],Terrorist,1464.565,589.606,124.7188,P250,100,0,-193.5255,-11.88235,0,False,False,False,113.5547,1.757813
FeTiSh[MB],Terrorist,1452.454,587.1373,123.5582,P250,100,0,-185.5196,-65.57103,0,False,False,False,163.4766,3.867188
FeTiSh[MB],Terrorist,1441.684,581.2536,122.5262,P250,100,0,-172.2148,-109.5206,0,False,False,False,181.0547,4.570313
FeTiSh[MB],Terrorist,1430.709,573.5159,121.4743,P250,100,0,-177.9765,-133.8359,0,False,False,False,181.0547,4.570313
FeTiSh[MB],Terrorist,1419.071,565.314,120.359,P250,100,0,-197.153,-117.6006,0,False,False,False,181.0547,4.570313
FeTiSh[MB],Terrorist,1405.948,559.0483,119.0467,P250,100,0,-218.9642,-88.07258,0,False,False,False,181.0547,4.570313
FeTiSh[MB],Terrorist,1391.753,554.3671,118.2181,P250,100,0,-230.9987,-65.11225,0,False,False,False,181.0547,4.570313
FeTiSh[MB],Terrorist,1377.151,550.9503,117.8506,P250,100,0,-235.2763,-47.38223,0,False,False,False,181.0547,4.570313
FeTiSh[MB],Terrorist,1362.394,548.2599,117.4934,P250,100,0,-236.1353,-42.89632,0,False,False,False,194.4141,5.976563
FeTiSh[MB],Terrorist,1347.74,545.0755,117.083,P250,100,0,-232.7354,-58.60233,0,False,False,False,206.0156,6.679688
FeTiSh[MB],Terrorist,1333.337,540.8914,116.5418,P250,100,0,-228.7304,-72.68021,0,False,False,False,206.0156,6.679688
FeTiSh[MB],Terrorist,1319.034,536.4661,116.7224,P250,100,0,-232.0408,-56.63143,0,False,False,False,206.0156,6.679688
FeTiSh[MB],Terrorist,1304.454,534.6334,116.8573,P250,100,0,-225.849,-0.5184672,0,False,False,False,208.8281,6.679688
FeTiSh[MB],Terrorist,1290.741,536.5995,117.1213,P250,100,0,-220.1798,48.04349,0,False,False,False,244.3359,9.492188
FeTiSh[MB],Terrorist,1276.503,539.6713,117.3464,P250,100,0,-231.1425,52.86322,0,False,False,False,280.1953,9.492188
FeTiSh[MB],Terrorist,1262.051,543.6105,117.1011,P250,100,0,-230.583,66.56921,0,False,False,False,296.7188,8.085938
FeTiSh[MB],Terrorist,1247.798,547.9994,116.9268,P250,100,0,-215.3972,83.16055,0,False,False,False,300.5859,7.03125
FeTiSh[MB],Terrorist,1237.071,555.0217,117.2949,P250,100,0,-140.995,132.872,0,False,False,False,301.2891,7.03125
FeTiSh[MB],Terrorist,1228.351,564.2802,118.0494,P250,100,0,-148.2249,148.9228,0,False,False,False,302.3438,7.03125
FeTiSh[MB],Terrorist,1218.232,570.6996,118.306,P250,100,0,-171.5807,70.36104,0,False,False,False,301.9922,7.382813
FeTiSh[MB],Terrorist,1206.872,572.9794,117.7824,P250,100,0,-188.9067,12.69125,0,False,False,False,301.9922,7.382813
FeTiSh[MB],Terrorist,1194.596,572.2134,116.6543,P250,100,0,-201.6843,-29.75995,0,False,False,False,301.9922,7.382813
FeTiSh[MB],Terrorist,1181.645,569.205,115.1233,P250,100,0,-211.0953,-61.02851,0,False,False,False,301.9922,7.382813
FeTiSh[MB],Terrorist,1169.073,565.0932,113.1697,P250,100,0,-166.9003,-52.08406,0,False,False,False,301.9922,7.382813
FeTiSh[MB],Terrorist,1162.556,563.7747,112.2474,P250,100,0,-60.21571,0.6501799,0,False,False,False,301.9922,7.734375
FeTiSh[MB],Terrorist,1161.815,565.017,112.2972,P250,100,0,12.91603,26.52975,0,False,False,False,302.3438,7.03125
FeTiSh[MB],Terrorist,1160.418,564.7218,112.0981,P250,100,0,-44.74843,-22.84939,0,False,False,False,302.6953,6.679688
FeTiSh[MB],Terrorist,1156.677,562.6152,111.4186,P250,100,0,-42.13839,-22.89496,0,False,False,False,303.0469,5.976563
FeTiSh[MB],Terrorist,1156.878,562.8795,111.472,P250,100,0,30.00393,20.16799,0,False,False,False,303.0469,5.976563
FeTiSh[MB],Terrorist,1160.563,565.3067,112.1804,P250,100,0,80.97841,53.08248,0,False,False,False,303.0469,5.273438
FeTiSh[MB],Terrorist,1162.964,566.8877,112.6418,P250,100,0,0,0,0,False,False,False,303.0469,4.570313
FeTiSh[MB],Terrorist,1161.281,565.788,112.3194,P250,100,0,-27.4762,-17.93665,0,False,False,False,303.3984,3.164063
FeTiSh[MB],Terrorist,1162.139,566.3659,112.4857,P250,100,0,37.92426,25.25176,0,False,False,False,303.3984,2.8125
FeTiSh[MB],Terrorist,1165.823,568.8115,113.196,P250,100,0,53.61924,35.58961,0,False,False,False,303.3984,2.460938
FeTiSh[MB],Terrorist,1166.261,569.106,113.2808,P250,100,0,-21.58956,-14.26206,0,False,False,False,303.3984,2.460938
FeTiSh[MB],Terrorist,1164.819,568.1528,112.9943,P250,60,0,5.960202,3.904077,0,False,False,False,303.3984,2.460938
FeTiSh[MB],Terrorist,1167.01,569.5504,113.4194,P250,28,0,58.99038,33.16738,0,False,False,False,303.3984,2.8125
FeTiSh[MB],Terrorist,1172.442,570.7073,114.1946,P250,28,0,97.13177,7.86862,0,False,False,False,303.0469,2.8125
