Name,Team,Position.X,Position.Y,Position.Z,ActiveWeapon,HP,Armour,Velocity.X,Velocity.Y,Velocity.Z,IsDucking,HasHelmet,HasDefuseKit,ViewDirectionX,ViewDirectionY,Map = de_inferno
ScreaM,CounterTerrorist,2432,2184,124.5662,P2000,100,0,0,0,0,False,False,False,16.875,359.6484
ScreaM,CounterTerrorist,2432,2184,124.3104,P2000,100,0,0,0,0,False,False,False,16.17188,359.6484
ScreaM,CounterTerrorist,2432,2184,124.3104,P2000,100,0,0,0,0,False,False,False,16.875,359.6484
ScreaM,CounterTerrorist,2432,2184,124.3104,P2000,100,0,0,0,0,False,False,False,16.17188,0
ScreaM,CounterTerrorist,2432,2184,124.3104,P2000,100,0,0,0,0,False,False,False,17.22656,359.6484
ScreaM,CounterTerrorist,2432,2184,124.3104,P2000,100,0,0,0,0,False,False,False,17.57813,359.6484
ScreaM,CounterTerrorist,2432,2184,124.3104,P2000,100,0,0,0,0,False,False,False,17.22656,359.6484
ScreaM,CounterTerrorist,2432,2184,124.3104,P2000,100,0,0,0,0,False,False,False,17.22656,359.6484
ScreaM,CounterTerrorist,2432,2184,124.3104,P2000,100,0,0,0,0,False,False,False,17.22656,359.6484
ScreaM,CounterTerrorist,2432,2184,124.3104,P2000,100,0,0,0,0,False,False,False,271.0547,0
ScreaM,CounterTerrorist,2432,2184,124.3104,P2000,100,0,0,0,0,False,False,False,271.0547,0
ScreaM,CounterTerrorist,2432,2184,124.3104,P2000,100,0,0,0,0,False,False,False,271.0547,0
ScreaM,CounterTerrorist,2432,2184,124.3104,P2000,100,0,0,0,0,False,False,False,269.2969,0.703125
ScreaM,CounterTerrorist,2432,2184,124.3104,P2000,100,0,0,0,0,False,False,False,266.4844,1.40625
ScreaM,CounterTerrorist,2432,2184,124.3104,P2000,100,0,0,0,0,False,False,False,264.0234,2.109375
ScreaM,CounterTerrorist,2432,2184,124.3104,P2000,100,0,0,0,0,False,False,False,260.8594,2.8125
ScreaM,CounterTerrorist,2432,2184,124.3104,P2000,100,0,0,0,0,False,False,False,256.6406,3.515625
ScreaM,CounterTerrorist,2432,2184,124.3104,Knife,100,0,0,0,0,False,False,False,250.3125,4.570313
ScreaM,CounterTerrorist,2432,2184,124.3104,P2000,100,0,0,0,0,False,False,False,242.2266,6.328125
ScreaM,CounterTerrorist,2432,2184,124.3104,P2000,100,0,0,0,0,False,False,False,231.3281,7.734375
ScreaM,CounterTerrorist,2432,2184,124.3104,P2000,100,0,0,0,0,False,False,False,223.5938,9.140625
ScreaM,CounterTerrorist,2432,2184,124.3104,P2000,100,0,0,0,0,False,False,False,219.7266,10.19531
ScreaM,CounterTerrorist,2432,2184,124.3104,P2000,100,0,0,0,0,False,False,False,220.7813,9.84375
ScreaM,CounterTerrorist,2432,2184,124.3104,P2000,100,0,0,0,0,False,False,False,229.2188,6.679688
ScreaM,CounterTerrorist,2432,2184,124.3104,P2000,100,0,0,0,0,False,False,False,244.3359,3.164063
ScreaM,CounterTerrorist,2432,2184,124.3104,P2000,100,0,0,0,0,False,False,False,261.2109,359.6484
ScreaM,CounterTerrorist,2432,2184,124.3104,P2000,100,0,0,0,0,False,False,False,262.6172,359.2969
ScreaM,CounterTerrorist,2432,2184,124.3104,P2000,100,0,0,0,0,False,False,False,262.6172,359.2969
ScreaM,CounterTerrorist,2432,2184,124.3104,P2000,100,0,0,0,0,False,False,False,262.6172,359.2969
ScreaM,CounterTerrorist,2432,2184,124.3104,P2000,100,0,0,0,0,False,False,False,262.6172,359.2969
ScreaM,CounterTerrorist,2432,2184,124.3104,P2000,100,0,0,0,0,False,False,False,264.0234,359.6484
ScreaM,CounterTerrorist,2432,2184,124.3104,P2000,100,0,0,0,0,False,False,False,270.7031,0.703125
ScreaM,CounterTerrorist,2432,2184,124.3104,P2000,100,0,0,0,0,False,False,False,279.8438,1.757813
ScreaM,CounterTerrorist,2432,2184,124.3104,P2000,100,0,0,0,0,False,False,False,288.2813,2.109375
ScreaM,CounterTerrorist,2432,2184,124.3104,P2000,100,0,0,0,0,False,False,False,291.7969,2.109375
ScreaM,CounterTerrorist,2432,2184,124.3104,P2000,100,0,0,0,0,False,False,False,293.9063,1.757813
ScreaM,CounterTerrorist,2432,2184,124.3104,P2000,100,0,0,0,0,False,False,False,294.6094,1.757813
ScreaM,CounterTerrorist,2432,2184,124.3104,P2000,100,0,0,0,0,False,False,False,295.3125,1.757813
ScreaM,CounterTerrorist,2432,2184,124.3104,P2000,100,0,0,0,0,False,False,False,295.6641,1.757813
ScreaM,CounterTerrorist,2432,2184,124.3104,P2000,100,0,0,0,0,False,False,False,295.6641,1.757813
ScreaM,CounterTerrorist,2432,2184,124.3104,P2000,100,0,0,0,0,False,False,False,296.0156,1.757813
ScreaM,CounterTerrorist,2432,2184,124.3104,Knife,100,0,0,0,0,False,False,False,296.7188,1.40625
ScreaM,CounterTerrorist,2432,2184,124.3104,Knife,100,0,0,0,0,False,False,False,297.0703,1.40625
ScreaM,CounterTerrorist,2432,2184,124.3104,Knife,100,0,0,0,0,False,False,False,297.4219,1.054688
ScreaM,CounterTerrorist,2432,2184,124.3104,Knife,100,0,0,0,0,False,False,False,297.4219,1.054688
ScreaM,CounterTerrorist,2432,2184,124.3104,Knife,100,0,0,0,0,False,False,False,297.4219,1.054688
ScreaM,CounterTerrorist,2432,2184,124.3104,Knife,100,0,0,0,0,False,False,False,297.4219,1.054688
ScreaM,CounterTerrorist,2432,2184,124.3104,Knife,100,0,0,0,0,False,False,False,296.7188,1.054688
ScreaM,CounterTerrorist,2432,2184,124.3104,Knife,100,0,0,0,0,False,False,False,294.2578,1.054688
ScreaM,CounterTerrorist,2432,2184,124.3104,Knife,100,0,0,0,0,False,False,False,286.1719,1.054688
ScreaM,CounterTerrorist,2432,2184,124.3104,Knife,100,0,0,0,0,False,False,False,273.8672,1.054688
ScreaM,CounterTerrorist,2432,2184,124.3104,Knife,100,0,0,0,0,False,False,False,256.9922,0.703125
ScreaM,CounterTerrorist,2432,2184,124.3104,Knife,100,0,0,0,0,False,False,False,242.2266,1.757813
ScreaM,CounterTerrorist,2432,2184,124.3104,Knife,100,0,0,0,0,False,False,False,229.9219,4.21875
ScreaM,CounterTerrorist,2432,2184,124.3104,Knife,100,0,0,0,0,False,False,False,224.6484,5.273438
ScreaM,CounterTerrorist,2432,2184,124.3104,Knife,100,0,0,0,0,False,False,False,223.2422,5.273438
ScreaM,CounterTerrorist,2432,2184,124.3104,Knife,100,0,0,0,0,False,False,False,222.8906,5.625
ScreaM,CounterTerrorist,2432,2184,124.3104,Knife,100,0,0,0,0,False,False,False,222.8906,5.625
ScreaM,CounterTerrorist,2432,2184,124.3104,Knife,100,0,0,0,0,False,False,False,222.8906,5.625
ScreaM,CounterTerrorist,2432,2184,124.3104,Knife,100,0,0,0,0,False,False,False,222.8906,5.625
ScreaM,CounterTerrorist,2432,2184,124.3104,Knife,100,0,0,0,0,False,False,False,222.8906,5.625
ScreaM,CounterTerrorist,2432,2184,124.3104,Knife,100,0,0,0,0,False,False,False,222.8906,5.625
ScreaM,CounterTerrorist,2432,2184,124.3104,Knife,100,0,0,0,0,False,False,False,222.8906,5.625
ScreaM,CounterTerrorist,2432,2184,124.3104,Knife,100,0,0,0,0,False,False,False,213.3984,6.328125
ScreaM,CounterTerrorist,2432,2184,124.3104,Knife,100,0,0,0,0,False,False,False,193.3594,6.328125
ScreaM,CounterTerrorist,2432,2184,124.3104,Knife,100,0,0,0,0,False,False,False,175.4297,6.679688
ScreaM,CounterTerrorist,2432,2184,124.3104,Knife,100,0,0,0,0,False,False,False,163.8281,7.734375
ScreaM,CounterTerrorist,2432,2184,124.3104,Knife,100,0,0,0,0,False,False,False,163.8281,7.734375
ScreaM,CounterTerrorist,2432,2184,124.3104,Knife,100,0,0,0,0,False,False,False,163.8281,7.734375
ScreaM,CounterTerrorist,2432,2184,124.3104,Knife,100,0,0,0,0,False,False,False,163.8281,7.734375
ScreaM,CounterTerrorist,2432,2184,124.3104,Knife,100,0,0,0,0,False,False,False,163.8281,7.734375
ScreaM,CounterTerrorist,2432,2184,124.3104,Knife,100,0,0,0,0,False,False,False,163.8281,7.734375
ScreaM,CounterTerrorist,2432,2184,124.3104,Knife,100,0,0,0,0,False,False,False,163.8281,7.734375
ScreaM,CounterTerrorist,2432,2184,124.3104,Knife,100,0,0,0,0,False,False,False,163.8281,7.734375
ScreaM,CounterTerrorist,2432,2184,124.3104,Knife,100,0,0,0,0,False,False,False,184.5703,8.085938
ScreaM,CounterTerrorist,2432,2184,124.3104,Knife,100,0,0,0,0,False,False,False,207.7734,9.140625
ScreaM,CounterTerrorist,2432,2184,124.3104,Knife,100,0,0,0,0,False,False,False,225.7031,8.4375
ScreaM,CounterTerrorist,2432,2184,124.3104,Knife,100,0,0,0,0,False,False,False,235.1953,7.03125
ScreaM,CounterTerrorist,2432,2184,124.3104,P2000,100,0,0,0,0,False,False,False,238.3594,6.328125
ScreaM,CounterTerrorist,2432,2184,124.3104,P2000,100,0,0,0,0,False,False,False,239.7656,5.976563
ScreaM,CounterTerrorist,2432,2184,124.3104,P2000,100,0,0,0,0,False,False,False,239.7656,5.976563
ScreaM,CounterTerrorist,2432,2184,124.3104,P2000,100,0,0,0,0,False,False,False,239.7656,5.976563
ScreaM,CounterTerrorist,2432,2184,124.3104,P2000,100,0,0,0,0,False,False,False,239.7656,5.976563
ScreaM,CounterTerrorist,2432,2184,124.3104,P2000,100,0,0,0,0,False,False,False,239.7656,5.976563
ScreaM,CounterTerrorist,2432,2184,124.3104,P2000,100,0,0,0,0,False,False,False,239.7656,5.976563
ScreaM,CounterTerrorist,2432,2184,124.3104,P2000,100,0,0,0,0,False,False,False,239.7656,5.976563
ScreaM,CounterTerrorist,2432,2184,124.3104,P2000,100,0,0,0,0,False,False,False,239.7656,5.976563
ScreaM,CounterTerrorist,2432,2184,124.3104,P2000,100,0,0,0,0,False,False,False,239.7656,5.976563
ScreaM,CounterTerrorist,2432,2184,124.3104,P2000,100,0,0,0,0,False,False,False,239.7656,5.976563
ScreaM,CounterTerrorist,2432,2184,124.3104,P2000,100,0,0,0,0,False,False,False,239.7656,5.976563
ScreaM,CounterTerrorist,2432,2184,124.3104,P2000,100,0,0,0,0,False,False,False,239.7656,5.976563
ScreaM,CounterTerrorist,2432,2184,124.3104,P2000,100,0,0,0,0,False,False,False,239.7656,5.976563
ScreaM,CounterTerrorist,2432,2184,124.3104,P2000,100,0,0,0,0,False,False,False,239.7656,5.976563
ScreaM,CounterTerrorist,2432,2184,124.3104,P2000,100,0,0,0,0,False,False,False,239.7656,5.976563
ScreaM,CounterTerrorist,2432,2184,124.3104,P2000,100,0,0,0,0,False,False,False,239.7656,5.976563
ScreaM,CounterTerrorist,2432,2184,124.3104,P2000,100,0,0,0,0,False,False,False,239.7656,5.976563
ScreaM,CounterTerrorist,2432,2184,124.3104,P2000,100,0,0,0,0,False,False,False,239.7656,5.976563
ScreaM,CounterTerrorist,2432,2184,124.3104,P2000,100,0,0,0,0,False,False,False,239.7656,5.976563
ScreaM,CounterTerrorist,2432,2184,124.3104,P2000,100,0,0,0,0,False,False,False,239.7656,5.976563
ScreaM,CounterTerrorist,2432,2184,124.3104,P2000,100,0,0,0,0,False,False,False,239.7656,5.976563
ScreaM,CounterTerrorist,2432,2184,124.3104,P2000,100,0,0,0,0,False,False,False,239.7656,5.976563
ScreaM,CounterTerrorist,2432,2184,124.3104,P2000,100,0,0,0,0,False,False,False,239.7656,5.976563
ScreaM,CounterTerrorist,2432,2184,124.3104,P2000,100,0,0,0,0,False,False,False,239.7656,5.976563
ScreaM,CounterTerrorist,2432,2184,124.3104,P2000,100,0,0,0,0,False,False,False,239.7656,5.976563
ScreaM,CounterTerrorist,2432,2184,124.3104,P2000,100,0,0,0,0,False,False,False,239.7656,5.976563
ScreaM,CounterTerrorist,2432,2184,124.3104,P2000,100,0,0,0,0,False,False,False,241.1719,5.976563
ScreaM,CounterTerrorist,2432,2184,124.3104,P2000,100,0,0,0,0,False,False,False,248.5547,6.328125
ScreaM,CounterTerrorist,2432,2184,124.3104,P2000,100,0,0,0,0,False,False,False,262.6172,6.328125
ScreaM,CounterTerrorist,2432,2184,124.3104,P2000,100,0,0,0,0,False,False,False,274.2188,5.273438
ScreaM,CounterTerrorist,2432,2184,124.3104,P2000,100,0,0,0,0,False,False,False,280.8984,3.867188
ScreaM,CounterTerrorist,2432,2184,124.3104,P2000,100,0,0,0,0,False,False,False,282.6563,3.164063
ScreaM,CounterTerrorist,2432,2184,124.3104,P2000,100,0,0,0,0,False,False,False,283.0078,3.164063
ScreaM,CounterTerrorist,2432,2184,124.3104,P2000,100,0,0,0,0,False,False,False,284.4141,3.164063
ScreaM,CounterTerrorist,2432,2184,124.3104,P2000,100,0,0,0,0,False,False,False,285.4688,3.164063
ScreaM,CounterTerrorist,2432,2184,124.3104,P2000,100,0,0,0,0,False,False,False,286.5234,3.164063
ScreaM,CounterTerrorist,2432,2184,124.3104,P2000,100,0,0,0,0,False,False,False,286.5234,3.164063
ScreaM,CounterTerrorist,2432,2184,124.3104,P2000,100,0,0,0,0,False,False,False,282.3047,3.164063
ScreaM,CounterTerrorist,2432,2184,124.3104,P2000,100,0,0,0,0,False,False,False,270.3516,3.867188
ScreaM,CounterTerrorist,2432,2184,124.3104,P2000,100,0,0,0,0,False,False,False,251.0156,3.867188
ScreaM,CounterTerrorist,2432,2184,124.3104,P2000,100,0,0,0,0,False,False,False,225.7031,3.867188
ScreaM,CounterTerrorist,2432,2184,124.3104,P2000,100,0,0,0,0,True,False,False,202.5,4.21875
ScreaM,CounterTerrorist,2432,2184,124.3104,P2000,100,0,0,0,0,True,False,False,184.5703,4.921875
ScreaM,CounterTerrorist,2432,2184,124.3104,P2000,100,0,0,0,0,True,False,False,177.5391,5.625
ScreaM,CounterTerrorist,2432,2184,124.3104,P2000,100,0,0,0,0,True,False,False,183.8672,5.976563
ScreaM,CounterTerrorist,2432,2184,124.3104,P2000,100,0,0,0,0,True,False,False,207.4219,5.273438
ScreaM,CounterTerrorist,2432,2184,124.3104,P2000,100,0,0,0,0,False,False,False,241.5234,4.921875
ScreaM,CounterTerrorist,2432,2184,124.3104,P2000,100,0,0,0,0,False,False,False,265.0781,3.164063
ScreaM,CounterTerrorist,2432,2184,124.3104,P2000,100,0,0,0,0,False,False,False,270,1.054688
ScreaM,CounterTerrorist,2432,2184,124.3104,P2000,100,0,0,0,0,False,False,False,270,1.054688
ScreaM,CounterTerrorist,2432,2184,124.3104,P2000,100,0,0,0,0,False,False,False,270,1.054688
ScreaM,CounterTerrorist,2432,2184,124.3104,P2000,100,0,0,0,0,False,False,False,270,1.054688
ScreaM,CounterTerrorist,2432,2184,124.3104,P2000,100,0,0,0,0,True,False,False,270,1.054688
ScreaM,CounterTerrorist,2432,2184,124.3104,P2000,100,0,0,0,0,True,False,False,270,1.054688
ScreaM,CounterTerrorist,2432,2184,124.3104,P2000,100,0,0,0,0,True,False,False,270,1.054688
ScreaM,CounterTerrorist,2432,2184,124.3104,P2000,100,0,0,0,0,True,False,False,270,1.054688
ScreaM,CounterTerrorist,2432,2184,124.3104,P2000,100,0,0,0,0,False,False,False,270,1.054688
ScreaM,CounterTerrorist,2432,2184,124.3104,P2000,100,0,0,0,0,False,False,False,270,1.054688
ScreaM,CounterTerrorist,2432,2184,124.3104,P2000,100,0,0,0,0,False,False,False,270,1.054688
ScreaM,CounterTerrorist,2432,2184,124.3104,P2000,100,0,0,0,0,False,False,False,270,1.054688
ScreaM,CounterTerrorist,2432,2184,124.3104,P2000,100,0,0,0,0,False,False,False,270,1.054688
ScreaM,CounterTerrorist,2432,2184,124.3104,P2000,100,0,0,0,0,False,False,False,270,1.054688
ScreaM,CounterTerrorist,2432,2184,124.3104,P2000,100,0,0,0,0,False,False,False,270,1.054688
ScreaM,CounterTerrorist,2432,2184,124.3104,P2000,100,0,0,0,0,False,False,False,270,1.054688
ScreaM,CounterTerrorist,2432,2184,124.3104,P2000,100,0,0,0,0,False,False,False,270,1.054688
ScreaM,CounterTerrorist,2432,2184,124.3104,P2000,100,0,0,0,0,False,False,False,270.3516,1.40625
ScreaM,CounterTerrorist,2432,2184,124.3104,P2000,100,0,0,0,0,False,False,False,271.0547,1.757813
ScreaM,CounterTerrorist,2432,2184,124.3104,P2000,100,0,0,0,0,False,False,False,271.0547,1.757813
ScreaM,CounterTerrorist,2432,2184,124.3104,P2000,100,0,0,0,0,False,False,False,271.0547,1.757813
ScreaM,CounterTerrorist,2432,2184,124.3104,P2000,100,0,0,0,0,False,False,False,271.0547,1.757813
ScreaM,CounterTerrorist,2432,2184,124.3104,P2000,100,0,0,0,0,False,False,False,271.0547,1.757813
ScreaM,CounterTerrorist,2432,2184,124.3104,P2000,100,0,0,0,0,False,False,False,271.0547,1.757813
ScreaM,CounterTerrorist,2432,2184,124.3104,P2000,100,0,0,0,0,False,False,False,271.0547,1.757813
ScreaM,CounterTerrorist,2432,2184,124.3104,P2000,100,0,0,0,0,False,False,False,270.7031,1.757813
ScreaM,CounterTerrorist,2432,2184,124.3104,P2000,100,0,0,0,0,False,False,False,270.7031,1.757813
ScreaM,CounterTerrorist,2432,2184,124.3104,P2000,100,0,0,0,0,False,False,False,270.7031,1.757813
ScreaM,CounterTerrorist,2432,2184,124.3104,P2000,100,0,0,0,0,False,False,False,270.7031,1.757813
ScreaM,CounterTerrorist,2432,2184,124.3104,P2000,100,0,0,0,0,False,False,False,270.7031,1.757813
ScreaM,CounterTerrorist,2432,2184,124.3104,P2000,100,0,0,0,0,False,False,False,270.7031,1.757813
ScreaM,CounterTerrorist,2432,2184,124.3104,P2000,100,0,0,0,0,False,False,False,270.7031,1.757813
ScreaM,CounterTerrorist,2432,2184,124.3104,P2000,100,0,0,0,0,False,False,False,270.7031,1.757813
ScreaM,CounterTerrorist,2432,2184,124.3104,P2000,100,0,0,0,0,False,False,False,270.7031,1.757813
ScreaM,CounterTerrorist,2432,2184,124.3104,P2000,100,0,0,0,0,False,False,False,270.7031,1.757813
ScreaM,CounterTerrorist,2432,2184,124.3104,P2000,100,0,0,0,0,False,False,False,270.7031,1.757813
ScreaM,CounterTerrorist,2432,2184,124.3104,P2000,100,0,0,0,0,False,False,False,270.7031,1.757813
ScreaM,CounterTerrorist,2432,2184,124.3104,P2000,100,0,0,0,0,False,False,False,270.7031,1.757813
ScreaM,CounterTerrorist,2432,2184,124.3104,P2000,100,0,0,0,0,False,False,False,270.7031,1.757813
ScreaM,CounterTerrorist,2432,2184,124.3104,P2000,100,0,0,0,0,False,False,False,270.7031,1.757813
ScreaM,CounterTerrorist,2432,2184,124.3104,P2000,100,0,0,0,0,False,False,False,270.7031,1.757813
ScreaM,CounterTerrorist,2432,2184,124.3104,P2000,100,0,0,0,0,False,False,False,270.7031,1.757813
ScreaM,CounterTerrorist,2432,2184,124.3104,P2000,100,0,0,0,0,False,False,False,270.7031,1.757813
ScreaM,CounterTerrorist,2432,2184,124.3104,P2000,100,0,0,0,0,False,False,False,270.7031,1.757813
ScreaM,CounterTerrorist,2432,2184,124.3104,P2000,100,0,0,0,0,False,False,False,270.7031,1.757813
ScreaM,CounterTerrorist,2432,2184,124.3104,P2000,100,0,0,0,0,False,False,False,270.7031,1.757813
ScreaM,CounterTerrorist,2432,2184,124.3104,P2000,100,0,0,0,0,False,False,False,270.7031,1.757813
ScreaM,CounterTerrorist,2432,2184,124.3104,P2000,100,0,0,0,0,False,False,False,270.7031,1.757813
ScreaM,CounterTerrorist,2432,2184,124.3104,P2000,100,0,0,0,0,False,False,False,270.7031,1.757813
ScreaM,CounterTerrorist,2432,2184,124.3104,P2000,100,0,0,0,0,False,False,False,270.7031,1.757813
ScreaM,CounterTerrorist,2432,2184,124.3104,P2000,100,0,0,0,0,False,False,False,270.7031,1.757813
ScreaM,CounterTerrorist,2432,2184,124.3104,P2000,100,0,0,0,0,False,False,False,270.7031,1.757813
ScreaM,CounterTerrorist,2432,2184,124.3104,P2000,100,0,0,0,0,False,False,False,270.7031,1.757813
ScreaM,CounterTerrorist,2432,2184,124.3104,P2000,100,0,0,0,0,False,False,False,270.7031,1.757813
ScreaM,CounterTerrorist,2432,2184,124.3104,P2000,100,0,0,0,0,False,False,False,270.7031,1.757813
ScreaM,CounterTerrorist,2432,2184,124.3104,P2000,100,0,0,0,0,False,False,False,270.7031,1.757813
ScreaM,CounterTerrorist,2432,2184,124.3104,P2000,100,0,0,0,0,False,False,False,270.3516,1.757813
ScreaM,CounterTerrorist,2432,2184,124.3104,P2000,100,0,0,0,0,False,False,False,270,1.757813
ScreaM,CounterTerrorist,2432,2184,124.3104,P2000,100,0,0,0,0,False,False,False,269.2969,1.40625
ScreaM,CounterTerrorist,2432,2184,124.3104,P2000,100,0,0,0,0,False,False,False,268.9453,1.40625
ScreaM,CounterTerrorist,2432,2184,124.3104,P2000,100,0,0,0,0,False,False,False,268.5938,1.40625
ScreaM,CounterTerrorist,2432,2184,124.3104,P2000,100,0,0,0,0,False,False,False,268.2422,1.40625
ScreaM,CounterTerrorist,2432,2184,124.3104,P2000,100,0,0,0,0,False,False,False,267.8906,1.054688
ScreaM,CounterTerrorist,2432,2184,124.3104,P2000,100,0,0,0,0,False,False,False,267.8906,1.054688
ScreaM,CounterTerrorist,2432,2184,124.3104,P2000,100,0,0,0,0,False,False,False,267.5391,1.054688
ScreaM,CounterTerrorist,2432,2184,124.3104,P2000,100,0,0,0,0,False,False,False,267.1875,0.703125
ScreaM,CounterTerrorist,2432,2184,124.3104,P2000,100,0,0,0,0,False,False,False,266.1328,0.703125
ScreaM,CounterTerrorist,2432,2184,124.3104,P2000,100,0,0,0,0,False,False,False,263.3203,0.3515625
ScreaM,CounterTerrorist,2432,2184,124.3104,P2000,100,0,0,0,0,False,False,False,257.6953,0
ScreaM,CounterTerrorist,2432,2184,124.3104,P2000,100,0,0,0,0,True,False,False,250.3125,0
ScreaM,CounterTerrorist,2432,2184,124.3104,P2000,100,0,0,0,0,True,False,False,244.6875,0.3515625
ScreaM,CounterTerrorist,2432,2184,124.3104,P2000,100,0,0,0,0,True,False,False,239.7656,1.054688
ScreaM,CounterTerrorist,2432,2184,124.3104,P2000,100,0,0,0,0,True,False,False,236.6016,1.40625
ScreaM,CounterTerrorist,2432,2184,124.3104,P2000,100,0,0,0,0,False,False,False,234.8437,1.757813
ScreaM,CounterTerrorist,2432,2184,124.3104,P2000,100,0,0,0,0,False,False,False,234.1406,1.757813
ScreaM,CounterTerrorist,2432,2184,124.3104,P2000,100,0,0,0,0,False,False,False,234.1406,1.757813
ScreaM,CounterTerrorist,2432,2184,124.3104,P2000,100,0,0,0,0,False,False,False,234.1406,1.757813
ScreaM,CounterTerrorist,2432,2184,124.3104,P2000,100,0,0,0,0,False,False,False,234.1406,1.757813
ScreaM,CounterTerrorist,2432,2184,124.3104,P2000,100,0,0,0,0,False,False,False,234.1406,1.757813
ScreaM,CounterTerrorist,2432,2184,124.3104,P2000,100,0,0,0,0,False,False,False,234.8437,2.109375
ScreaM,CounterTerrorist,2432,2184,124.3104,P2000,100,0,0,0,0,False,False,False,237.3047,2.109375
ScreaM,CounterTerrorist,2432,2184,124.3104,P2000,100,0,0,0,0,False,False,False,241.5234,2.109375
ScreaM,CounterTerrorist,2432,2184,124.3104,P2000,100,0,0,0,0,True,False,False,242.5781,2.109375
ScreaM,CounterTerrorist,2432,2184,124.3104,P2000,100,0,0,0,0,True,False,False,242.5781,2.109375
ScreaM,CounterTerrorist,2432,2184,124.3104,P2000,100,0,0,0,0,True,False,False,242.5781,2.109375
ScreaM,CounterTerrorist,2432,2184,124.3104,P2000,100,0,0,0,0,True,False,False,242.5781,2.109375
ScreaM,CounterTerrorist,2432,2184,124.3104,P2000,100,0,0,0,0,True,False,False,242.5781,2.109375
ScreaM,CounterTerrorist,2432,2184,124.3104,P2000,100,0,0,0,0,False,False,False,242.5781,2.109375
ScreaM,CounterTerrorist,2432,2184,124.3104,P2000,100,0,0,0,0,False,False,False,242.5781,2.109375
ScreaM,CounterTerrorist,2432,2184,124.3104,P2000,100,0,0,0,0,False,False,False,242.5781,2.109375
ScreaM,CounterTerrorist,2432,2184,124.3104,P2000,100,0,0,0,0,False,False,False,242.5781,2.109375
ScreaM,CounterTerrorist,2432,2184,124.3104,P2000,100,0,0,0,0,False,False,False,242.5781,2.109375
ScreaM,CounterTerrorist,2432,2184,124.3104,P2000,100,0,0,0,0,False,False,False,242.5781,2.109375
ScreaM,CounterTerrorist,2432,2184,124.3104,P2000,100,0,0,0,0,False,False,False,242.5781,2.109375
ScreaM,CounterTerrorist,2432,2184,124.3104,P2000,100,0,0,0,0,False,False,False,242.5781,2.109375
ScreaM,CounterTerrorist,2432,2184,124.3104,P2000,100,0,0,0,0,False,False,False,242.5781,2.109375
ScreaM,CounterTerrorist,2432,2184,124.3104,P2000,100,0,0,0,0,False,False,False,242.9297,2.109375
ScreaM,CounterTerrorist,2432,2184,124.3104,P2000,100,0,0,0,0,False,False,False,242.9297,2.109375
ScreaM,CounterTerrorist,2432,2184,124.3104,P2000,100,0,0,0,0,False,False,False,243.6328,2.109375
ScreaM,CounterTerrorist,2432,2184,124.3104,P2000,100,0,0,0,0,False,False,False,244.6875,2.109375
ScreaM,CounterTerrorist,2432,2184,124.3104,P2000,100,0,0,0,0,False,False,False,245.7422,2.109375
ScreaM,CounterTerrorist,2432,2184,124.3104,P2000,100,0,0,0,0,False,False,False,246.0938,2.109375
ScreaM,CounterTerrorist,2432,2184,124.3104,P2000,100,0,0,0,0,False,False,False,246.7969,2.109375
ScreaM,CounterTerrorist,2432,2184,124.3104,P2000,100,0,0,0,0,False,False,False,247.5,2.109375
ScreaM,CounterTerrorist,2432,2184,124.3104,P2000,100,0,0,0,0,False,False,False,248.2031,2.109375
ScreaM,CounterTerrorist,2432,2184,124.3104,P2000,100,0,0,0,0,False,False,False,248.5547,2.109375
ScreaM,CounterTerrorist,2432,2184,124.3104,P2000,100,0,0,0,0,False,False,False,249.2578,2.109375
ScreaM,CounterTerrorist,2432,2184,124.3104,P2000,100,0,0,0,0,False,False,False,250.3125,2.109375
ScreaM,CounterTerrorist,2432,2184,124.3104,P2000,100,0,0,0,0,False,False,False,252.0703,2.109375
ScreaM,CounterTerrorist,2432,2184,124.3104,P2000,100,0,0,0,0,False,False,False,253.125,2.109375
ScreaM,CounterTerrorist,2432,2184,124.3104,P2000,100,0,0,0,0,False,False,False,253.4766,2.109375
ScreaM,CounterTerrorist,2432,2184,124.3104,P2000,100,0,0,0,0,False,False,False,253.125,1.757813
ScreaM,CounterTerrorist,2432,2184,124.3104,P2000,100,0,0,0,0,False,False,False,252.0703,1.054688
ScreaM,CounterTerrorist,2432,2184,124.3104,P2000,100,0,0,0,0,False,False,False,249.2578,359.6484
ScreaM,CounterTerrorist,2432,2184,124.3104,P2000,100,0,0,0,0,False,False,False,246.4453,358.5938
ScreaM,CounterTerrorist,2432,2184,124.3104,P2000,100,0,0,0,0,False,False,False,245.7422,358.2422
ScreaM,CounterTerrorist,2432,2184,124.3104,P2000,100,0,0,0,0,False,False,False,246.7969,357.8906
ScreaM,CounterTerrorist,2432,2184,124.3104,P2000,100,0,0,0,0,False,False,False,247.8516,357.5391
ScreaM,CounterTerrorist,2432,2184,124.3104,P2000,100,0,0,0,0,False,False,False,248.9063,357.5391
ScreaM,CounterTerrorist,2432,2184,124.3104,P2000,100,0,0,0,0,False,False,False,249.2578,357.5391
ScreaM,CounterTerrorist,2432,2184,124.3104,P2000,100,0,0,0,0,False,False,False,249.2578,357.5391
ScreaM,CounterTerrorist,2432,2184,124.3104,P2000,100,0,0,0,0,False,False,False,250.3125,358.2422
ScreaM,CounterTerrorist,2432,2184,124.3104,P2000,100,0,0,0,0,False,False,False,254.1797,358.9453
ScreaM,CounterTerrorist,2432,2184,124.3104,P2000,100,0,0,0,0,False,False,False,261.5625,359.6484
ScreaM,CounterTerrorist,2432,2184,124.3104,P2000,100,0,0,0,0,False,False,False,267.8906,359.6484
ScreaM,CounterTerrorist,2432,2184,124.3104,P2000,100,0,0,0,0,False,False,False,271.4063,359.2969
ScreaM,CounterTerrorist,2432,2184,124.3104,P2000,100,0,0,0,0,False,False,False,272.4609,359.2969
ScreaM,CounterTerrorist,2432,2184,124.3104,P2000,100,0,0,0,0,False,False,False,272.4609,358.9453
ScreaM,CounterTerrorist,2432,2184,124.3104,P2000,100,0,0,0,0,False,False,False,272.1094,358.5938
ScreaM,CounterTerrorist,2432,2184,124.3104,P2000,100,0,0,0,0,False,False,False,271.4063,358.2422
ScreaM,CounterTerrorist,2432,2184,124.3104,P2000,100,0,0,0,0,False,False,False,271.0547,357.8906
ScreaM,CounterTerrorist,2432,2184,124.3104,P2000,100,0,0,0,0,False,False,False,270.7031,357.8906
ScreaM,CounterTerrorist,2432,2184,124.3104,P2000,100,0,0,0,0,False,False,False,271.0547,357.8906
ScreaM,CounterTerrorist,2432,2184,124.3104,P2000,100,0,0,0,0,False,False,False,269.6484,357.8906
ScreaM,CounterTerrorist,2432,2184,124.3104,P2000,100,0,0,0,0,False,False,False,264.375,357.8906
ScreaM,CounterTerrorist,2432,2184,124.3104,P2000,100,0,0,0,0,False,False,False,257.3438,357.8906
ScreaM,CounterTerrorist,2432,2184,124.3104,P2000,100,0,0,0,0,False,False,False,251.7188,358.2422
ScreaM,CounterTerrorist,2432,2184,124.3104,P2000,100,0,0,0,0,False,False,False,249.9609,358.2422
ScreaM,CounterTerrorist,2432,2184,124.3104,P2000,100,0,0,0,0,False,False,False,249.6094,358.2422
ScreaM,CounterTerrorist,2432,2184,124.3104,P2000,100,0,0,0,0,False,False,False,249.6094,358.2422
ScreaM,CounterTerrorist,2432,2184,124.3104,P2000,100,0,0,0,0,False,False,False,249.6094,358.2422
ScreaM,CounterTerrorist,2432,2184,124.3104,P2000,100,0,0,0,0,False,False,False,249.6094,358.2422
ScreaM,CounterTerrorist,2432,2184,124.3104,P2000,100,0,0,0,0,False,False,False,249.2578,357.8906
ScreaM,CounterTerrorist,2432,2184,124.3104,P2000,100,0,0,0,0,False,False,False,249.2578,357.8906
ScreaM,CounterTerrorist,2432,2184,124.3104,P2000,100,0,0,0,0,False,False,False,249.2578,357.8906
ScreaM,CounterTerrorist,2432,2184,124.3104,P2000,100,0,0,0,0,False,False,False,249.2578,357.8906
ScreaM,CounterTerrorist,2432,2184,124.3104,P2000,100,0,0,0,0,False,False,False,249.2578,357.8906
ScreaM,CounterTerrorist,2432,2184,124.3104,P2000,100,0,0,0,0,False,False,False,249.2578,357.8906
ScreaM,CounterTerrorist,2432,2184,124.3104,P2000,100,0,0,0,0,False,False,False,249.2578,357.8906
ScreaM,CounterTerrorist,2432,2184,124.3104,P2000,100,0,0,0,0,False,False,False,249.2578,357.8906
ScreaM,CounterTerrorist,2432,2184,124.3104,P2000,100,0,0,0,0,False,False,False,249.2578,357.8906
ScreaM,CounterTerrorist,2432,2184,124.3104,P2000,100,0,0,0,0,False,False,False,249.2578,357.8906
ScreaM,CounterTerrorist,2432,2184,124.3104,P2000,100,0,0,0,0,False,False,False,249.2578,357.8906
ScreaM,CounterTerrorist,2432,2184,124.3104,P2000,100,0,0,0,0,False,False,False,248.9063,357.8906
ScreaM,CounterTerrorist,2432,2184,124.3104,P2000,100,0,0,0,0,False,False,False,248.5547,357.8906
ScreaM,CounterTerrorist,2432,2184,124.3104,P2000,100,0,0,0,0,False,False,False,248.2031,357.8906
ScreaM,CounterTerrorist,2432,2184,124.3104,P2000,100,0,0,0,0,False,False,False,248.9063,357.8906
ScreaM,CounterTerrorist,2432,2184,124.3104,P2000,100,0,0,0,0,False,False,False,252.7734,358.5938
ScreaM,CounterTerrorist,2432,2184,124.3104,P2000,100,0,0,0,0,False,False,False,259.1016,359.2969
ScreaM,CounterTerrorist,2432,2184,124.3104,P2000,100,0,0,0,0,False,False,False,265.7813,359.6484
ScreaM,CounterTerrorist,2432,2184,124.3104,P2000,100,0,0,0,0,False,False,False,269.6484,359.2969
ScreaM,CounterTerrorist,2432,2184,124.3104,P2000,100,0,0,0,0,False,False,False,270.7031,359.2969
ScreaM,CounterTerrorist,2432,2184,124.3104,P2000,100,0,0,0,0,False,False,False,270.7031,359.2969
ScreaM,CounterTerrorist,2432,2184,124.3104,P2000,100,0,0,0,0,False,False,False,270.7031,359.2969
ScreaM,CounterTerrorist,2432,2184,124.3104,P2000,100,0,0,0,0,False,False,False,270.7031,359.2969
ScreaM,CounterTerrorist,2432,2184,124.3104,P2000,100,0,0,0,0,False,False,False,270.3516,358.9453
ScreaM,CounterTerrorist,2432,2184,124.3104,P2000,100,0,0,0,0,False,False,False,270.3516,358.9453
ScreaM,CounterTerrorist,2432,2184,124.3104,P2000,100,0,0,0,0,False,False,False,270.3516,358.9453
ScreaM,CounterTerrorist,2432,2184,124.3104,P2000,100,0,0,0,0,False,False,False,270.3516,358.9453
ScreaM,CounterTerrorist,2432,2184,124.3104,P2000,100,0,0,0,0,False,False,False,270,358.5938
ScreaM,CounterTerrorist,2432,2184,124.3104,P2000,100,0,0,0,0,False,False,False,269.2969,358.5938
ScreaM,CounterTerrorist,2432,2184,124.3104,P2000,100,0,0,0,0,False,False,False,264.375,358.5938
ScreaM,CounterTerrorist,2432,2184,124.3104,P2000,100,0,0,0,0,False,False,False,256.6406,358.2422
ScreaM,CounterTerrorist,2432,2184,124.3104,P2000,100,0,0,0,0,False,False,False,250.3125,358.2422
ScreaM,CounterTerrorist,2432,2184,124.3104,P2000,100,0,0,0,0,False,False,False,247.5,358.2422
ScreaM,CounterTerrorist,2432,2184,124.3104,P2000,100,0,0,0,0,False,False,False,247.1484,358.2422
ScreaM,CounterTerrorist,2432,2184,124.3104,P2000,100,0,0,0,0,False,False,False,247.1484,358.2422
ScreaM,CounterTerrorist,2432,2184,124.3104,P2000,100,0,0,0,0,False,False,False,247.1484,358.2422
ScreaM,CounterTerrorist,2432,2184,124.3104,P2000,100,0,0,0,0,False,False,False,247.1484,358.2422
ScreaM,CounterTerrorist,2432,2184,124.3104,P2000,100,0,0,0,0,False,False,False,247.1484,358.2422
ScreaM,CounterTerrorist,2432,2184,124.3104,P2000,100,0,0,0,0,False,False,False,247.1484,358.2422
ScreaM,CounterTerrorist,2432.403,2184.927,124.3278,P2000,100,0,16.68646,37.7212,0,False,False,False,245.0391,358.2422
ScreaM,CounterTerrorist,2433.476,2187.197,124.4048,P2000,100,0,35.24987,71.38255,0,False,False,False,239.4141,358.9453
ScreaM,CounterTerrorist,2435.367,2190.651,124.5257,P2000,100,0,57.5598,98.44473,0,False,False,False,230.625,359.6484
ScreaM,CounterTerrorist,2438.024,2195.002,124.6956,P2000,100,0,68.08178,122.2403,0,False,False,False,221.1328,1.40625
ScreaM,CounterTerrorist,2440.562,2200.425,124.8579,P2000,100,0,63.80967,149.0652,0,False,False,False,213.3984,2.8125
ScreaM,CounterTerrorist,2443.05,2206.765,125.0098,P2000,100,0,63.95212,170.4594,0,False,False,False,210.2344,3.867188
ScreaM,CounterTerrorist,2445.603,2213.836,125.1406,P2000,100,0,66.43231,187.5741,0,False,False,False,208.125,4.21875
ScreaM,CounterTerrorist,2448.261,2221.499,125.2754,P2000,100,0,69.0519,201.5435,0,False,False,False,208.125,4.21875
ScreaM,CounterTerrorist,2451.01,2229.649,125.4137,P2000,100,0,71.21578,213.0829,0,False,False,False,208.125,4.21875
ScreaM,CounterTerrorist,2453.773,2238.195,125.5509,P2000,100,0,65.00498,221.8335,0,False,False,False,208.125,4.21875
ScreaM,CounterTerrorist,2455.49,2246.966,125.6528,P2000,100,0,30.77047,226.2187,0,False,False,False,208.125,4.21875
ScreaM,CounterTerrorist,2456.01,2255.889,125.7129,P2000,100,0,2.315884,229.7463,0,False,False,False,208.8281,3.867188
ScreaM,CounterTerrorist,2455.485,2264.904,125.7299,P2000,100,0,-23.97074,231.009,0,False,False,False,214.8047,1.40625
ScreaM,CounterTerrorist,2453.892,2273.853,125.6986,P2000,100,0,-52.35702,226.9472,0,False,False,False,226.7578,359.6484
ScreaM,CounterTerrorist,2451.127,2282.465,125.5786,P2000,100,0,-83.237,215.0845,0,False,False,False,240.1172,359.2969
ScreaM,CounterTerrorist,2447.149,2290.43,125.3705,P2000,100,0,-113.9209,195.7459,0,False,False,False,251.7188,359.6484
ScreaM,CounterTerrorist,2442.045,2297.561,125.1034,P2000,100,0,-141.2867,173.7201,0,False,False,False,257.6953,359.6484
ScreaM,CounterTerrorist,2435.968,2303.846,124.7855,P2000,100,0,-164.5576,152.5916,0,False,False,False,259.8047,0
ScreaM,CounterTerrorist,2429.073,2309.357,124.4203,P2000,100,0,-184.0191,133.7927,0,False,False,False,261.2109,0
ScreaM,CounterTerrorist,2421.496,2314.197,123.9999,P2000,100,0,-200.1917,117.6413,0,False,False,False,261.5625,0.3515625
ScreaM,CounterTerrorist,2413.836,2318.399,123.5778,P2000,100,0,-172.7849,98.25116,0,False,False,False,261.5625,0.3515625
ScreaM,CounterTerrorist,2408.78,2321.342,123.4482,P2000,100,0,-106.3904,54.22483,0,False,False,False,261.5625,0.3515625
ScreaM,CounterTerrorist,2405.771,2322.296,123.4253,P2000,100,0,-58.51889,5.723368,0,False,False,False,261.5625,0.3515625
ScreaM,CounterTerrorist,2404.534,2321.585,123.4202,P2000,100,0,-14.51849,-32.12541,0,False,False,False,261.5625,0.3515625
ScreaM,CounterTerrorist,2404.755,2319.662,123.4202,P2000,100,0,17.65095,-60.506,0,False,False,False,261.5625,0.3515625
ScreaM,CounterTerrorist,2406.065,2316.634,123.4372,P2000,100,0,43.56864,-88.47955,0,False,False,False,261.5625,0.3515625
ScreaM,CounterTerrorist,2408.285,2312.61,123.4752,P2000,100,0,65.13927,-112.11,0,False,False,False,261.5625,0.3515625
ScreaM,CounterTerrorist,2411.258,2307.761,123.5128,P2000,100,0,82.95757,-131.6299,0,False,False,False,261.5625,0.3515625
ScreaM,CounterTerrorist,2414.885,2302.286,123.6822,P2000,100,0,101.784,-140.8469,0,False,False,False,261.5625,0.3515625
ScreaM,CounterTerrorist,2419.593,2297.202,123.9286,P2000,100,0,132.2549,-123.5159,0,False,False,False,261.5625,0.3515625
ScreaM,CounterTerrorist,2425.363,2292.715,124.2305,P2000,100,0,157.3804,-109.4949,0,False,False,False,261.2109,0.3515625
ScreaM,CounterTerrorist,2432.008,2288.707,124.5782,P2000,100,0,178.0525,-98.42269,0,False,False,False,260.1563,0
ScreaM,CounterTerrorist,2438.66,2285.198,124.9263,P2000,100,0,144.9216,-80.69387,0,False,False,False,259.1016,0
ScreaM,CounterTerrorist,2442.567,2282.612,125.1307,P2000,100,0,71.96914,-57.01222,0,False,False,False,258.0469,0
ScreaM,CounterTerrorist,2443.92,2280.904,125.1971,P2000,100,0,10.90356,-34.13374,0,False,False,False,254.8828,359.6484
ScreaM,CounterTerrorist,2443.24,2280.281,125.1659,P2000,100,0,-32.69183,-3.864382,0,False,False,False,242.9297,359.6484
ScreaM,CounterTerrorist,2441.302,2280.835,125.0645,P2000,100,0,-59.16711,27.33261,0,False,False,False,219.7266,0
ScreaM,CounterTerrorist,2438.689,2282.8,124.9278,P2000,100,0,-69.27758,66.04802,0,False,False,False,196.5234,0.703125
ScreaM,CounterTerrorist,2436.159,2286.266,124.7954,P2000,100,0,-60.00594,103.0336,0,False,False,False,177.1875,2.460938
ScreaM,CounterTerrorist,2434.215,2291.021,124.6937,P2000,100,0,-43.09359,133.381,0,False,False,False,171.9141,2.8125
ScreaM,CounterTerrorist,2432.877,2296.833,124.6237,P2000,100,0,-28.7258,158.399,0,False,False,False,171.9141,2.8125
ScreaM,CounterTerrorist,2432.04,2303.517,124.5799,P2000,100,0,-16.85736,179.0649,0,False,False,False,171.9141,2.8125
ScreaM,CounterTerrorist,2431.617,2310.922,124.548,P2000,100,0,-7.053502,196.136,0,False,False,False,171.9141,2.8125
ScreaM,CounterTerrorist,2431.475,2318.906,124.5067,P2000,100,0,-6.739296,208.2402,0,False,False,False,171.9141,2.8125
ScreaM,CounterTerrorist,2430.537,2327.107,124.4224,P2000,100,0,-34.805,210.9715,0,False,False,False,171.9141,2.8125
ScreaM,CounterTerrorist,2428.62,2335.402,124.2861,P2000,100,0,-57.98853,213.2276,0,False,False,False,171.9141,2.8125
ScreaM,CounterTerrorist,2425.895,2343.776,124.1068,P2000,100,0,-77.13918,215.0913,0,False,False,False,171.9141,2.8125
ScreaM,CounterTerrorist,2422.507,2352.219,123.8921,P2000,100,0,-92.33627,217.0709,0,False,False,False,168.3984,3.164063
ScreaM,CounterTerrorist,2418.765,2360.785,123.6583,P2000,100,0,-96.10088,219.9196,0,False,False,False,156.4453,3.867188
ScreaM,CounterTerrorist,2415.142,2369.431,123.4305,P2000,100,0,-89.69914,222.6074,0,False,False,False,146.9531,4.570313
ScreaM,CounterTerrorist,2411.866,2378.214,123.2265,P2000,100,0,-79.84592,226.3286,0,False,False,False,143.0859,4.921875
ScreaM,CounterTerrorist,2408.978,2387.133,123.1706,P2000,100,0,-70.08308,229.5395,0,False,False,False,141.6797,4.921875
ScreaM,CounterTerrorist,2406.442,2396.157,123.1165,P2000,100,0,-61.72771,231.926,0,False,False,False,141.6797,4.921875
ScreaM,CounterTerrorist,2404.193,2405.259,123.6324,P2000,100,0,-54.96327,233.6216,0,False,False,False,141.6797,4.921875
ScreaM,CounterTerrorist,2401.36,2414.137,124.2288,P2000,100,0,-83.48782,223.3445,0,False,False,False,141.3281,4.921875
ScreaM,CounterTerrorist,2397.534,2422.658,124.7254,P2000,100,0,-106.9413,214.8571,0,False,False,False,141.3281,4.921875
ScreaM,CounterTerrorist,2392.926,2430.82,125.1362,P2000,100,0,-124.7786,205.0129,0,False,False,False,141.6797,5.273438
ScreaM,CounterTerrorist,2387.695,2438.597,125.4701,P2000,100,0,-139.8293,195.0583,0,False,False,False,144.8438,5.976563
ScreaM,CounterTerrorist,2381.858,2445.93,125.7229,P2000,100,0,-156.3176,182.1121,0,False,False,False,156.7969,6.679688
ScreaM,CounterTerrorist,2375.291,2452.595,125.8661,P2000,100,0,-176.1218,161.4367,0,False,False,False,173.6719,8.085938
ScreaM,CounterTerrorist,2367.983,2458.157,125.8603,P2000,100,0,-193.7274,128.2765,0,False,False,False,193.0078,11.60156
ScreaM,CounterTerrorist,2360.736,2461.571,125.6814,P2000,100,0,-178.8362,61.16299,0,False,False,False,207.4219,13.35938
ScreaM,CounterTerrorist,2354.217,2462.569,125.5368,P2000,100,0,-158.5097,3.060031,0,False,False,False,214.8047,14.76563
ScreaM,CounterTerrorist,2348.543,2461.514,125.292,P2000,100,0,-136.4426,-45.85639,0,False,False,False,220.0781,15.82031
ScreaM,CounterTerrorist,2343.703,2458.747,124.9677,P2000,100,0,-115.9084,-86.48068,0,False,False,False,221.4844,16.52344
ScreaM,CounterTerrorist,2339.6,2454.561,124.5789,P2000,100,0,-98.14601,-120.0845,0,False,False,False,222.5391,16.875
ScreaM,CounterTerrorist,2336.156,2449.202,124.2124,P2000,100,0,-81.43832,-147.8931,0,False,False,False,226.0547,18.63281
ScreaM,CounterTerrorist,2333.404,2442.876,123.871,P2000,100,0,-62.69692,-170.6241,0,False,False,False,233.4375,20.74219
ScreaM,CounterTerrorist,2331.456,2435.779,123.4672,P2000,100,0,-41.00644,-188.4115,0,False,False,False,240.4688,23.20313
ScreaM,CounterTerrorist,2330.39,2428.095,123.0112,P2000,100,0,-18.1882,-201.7358,0,False,False,False,245.3906,25.3125
ScreaM,CounterTerrorist,2329.589,2419.975,122.5234,P2000,100,0,-26.98354,-211.6877,0,False,False,False,247.8516,27.77344
ScreaM,CounterTerrorist,2328.207,2411.506,122.0246,P2000,100,0,-40.63324,-219.9848,0,False,False,False,247.8516,29.17969
ScreaM,CounterTerrorist,2326.337,2402.753,121.517,P2000,100,0,-52.54516,-226.5731,0,False,False,False,246.4453,30.58594
ScreaM,CounterTerrorist,2324.014,2393.787,121.0045,P2000,100,0,-64.08833,-231.253,0,False,False,False,243.9844,31.99219
ScreaM,CounterTerrorist,2321.288,2384.818,121.2241,P2000,100,0,-73.47696,-228.4757,0,False,False,False,242.2266,33.75
ScreaM,CounterTerrorist,2318.216,2375.961,121.4684,P2000,100,0,-81.9382,-225.5796,0,False,False,False,241.1719,35.15625
ScreaM,CounterTerrorist,2314.883,2367.274,121.711,P2000,100,0,-84.3348,-215.055,0,False,False,False,241.5234,35.85938
ScreaM,CounterTerrorist,2311.941,2359.772,121.921,P2000,100,0,-69.66434,-177.6451,0,False,False,False,245.7422,34.80469
ScreaM,CounterTerrorist,2309.511,2353.576,122.3339,P2000,100,0,-57.54588,-146.7428,0,False,False,False,253.4766,29.53125
ScreaM,CounterTerrorist,2308.647,2348.21,122.6723,P2000,100,0,0.2440777,-130.4108,0,False,False,False,262.6172,23.90625
ScreaM,CounterTerrorist,2309.823,2343.595,122.8682,P2000,100,0,48.84007,-109.5615,0,False,False,False,270.7031,18.63281
ScreaM,CounterTerrorist,2312.695,2339.845,122.9293,P2000,100,0,88.89793,-86.85754,0,False,False,False,276.3281,16.17188
ScreaM,CounterTerrorist,2316.957,2336.969,122.8793,P2000,100,0,121.6903,-65.15298,0,False,False,False,278.4375,15.82031
ScreaM,CounterTerrorist,2322.359,2334.869,122.727,P2000,100,0,148.6966,-46.63669,0,False,False,False,278.4375,15.82031
ScreaM,CounterTerrorist,2328.704,2333.415,122.4924,P2000,100,0,171.005,-31.3414,0,False,False,False,278.4375,15.82031
ScreaM,CounterTerrorist,2335.826,2332.494,122.5253,P2000,100,0,189.4327,-18.7068,0,False,False,False,278.4375,15.82031
ScreaM,CounterTerrorist,2343.592,2332.014,122.8178,P2000,100,0,204.6548,-8.270048,0,False,False,False,278.4375,15.82031
ScreaM,CounterTerrorist,2351.65,2331.854,123.0357,P2000,100,0,196.894,-3.014184,0,False,False,False,275.9766,14.41406
ScreaM,CounterTerrorist,2357.729,2331.703,123.0711,P2000,100,0,123.002,-4.258547,0,False,False,False,270.3516,13.00781
ScreaM,CounterTerrorist,2360.851,2331.64,123.0896,P2000,100,0,52.89898,1.45524,0,False,False,False,259.4531,13.35938
ScreaM,CounterTerrorist,2361.459,2332.032,123.1059,P2000,100,0,-6.768083,15.72119,0,False,False,False,240.1172,15.46875
ScreaM,CounterTerrorist,2360.458,2333.184,123.095,P2000,100,0,-35.45638,41.17133,0,False,False,False,214.4531,16.52344
ScreaM,CounterTerrorist,2358.717,2335.607,123.0738,P2000,100,0,-52.62297,73.47506,0,False,False,False,192.6563,16.17188
ScreaM,CounterTerrorist,2356.049,2338.985,123.0428,P2000,100,0,-76.12174,96.42915,0,False,False,False,168.3984,14.0625
ScreaM,CounterTerrorist,2352.896,2343.405,122.8759,P2000,100,0,-81.96671,124.3274,0,False,False,False,152.9297,11.25
ScreaM,CounterTerrorist,2349.266,2348.528,122.6194,P2000,100,0,-103.4848,132.8551,0,False,False,False,145.5469,7.03125
ScreaM,CounterTerrorist,2344.712,2353.854,122.3246,P2000,100,0,-124.5443,138.8305,0,False,False,False,142.0313,5.625
ScreaM,CounterTerrorist,2339.452,2359.426,121.9982,P2000,100,0,-140.9267,145.0903,0,False,False,False,141.3281,5.273438
ScreaM,CounterTerrorist,2333.624,2365.22,121.6458,P2000,100,0,-154.3712,150.3714,0,False,False,False,141.3281,5.273438
ScreaM,CounterTerrorist,2327.327,2371.199,121.5022,P2000,100,0,-165.477,154.7339,0,False,False,False,141.3281,5.273438
ScreaM,CounterTerrorist,2320.642,2377.33,121.413,P2000,100,0,-174.6509,158.3375,0,False,False,False,141.3281,5.273438
ScreaM,CounterTerrorist,2313.673,2383.558,121.324,P2000,100,0,-179.5901,159.2087,0,False,False,False,140.9766,5.273438
ScreaM,CounterTerrorist,2306.631,2389.746,121.2366,P2000,100,0,-180.6868,157.9629,0,False,False,False,140.2734,5.625
ScreaM,CounterTerrorist,2299.56,2395.902,121.5779,P2000,100,0,-181.1356,157.448,0,False,False,False,139.2188,6.328125
ScreaM,CounterTerrorist,2292.491,2402.06,122.0868,P2000,100,0,-180.7191,157.9259,0,False,False,False,137.4609,7.734375
ScreaM,CounterTerrorist,2285.452,2408.252,122.5082,P2000,100,0,-179.8604,158.9032,0,False,False,False,137.1094,9.140625
ScreaM,CounterTerrorist,2278.438,2414.473,122.8512,P2000,100,0,-179.5121,159.2966,0,False,False,False,138.8672,11.25
ScreaM,CounterTerrorist,2271.398,2420.664,123.191,P2000,100,0,-181.0257,157.5744,0,False,False,False,143.4375,13.71094
ScreaM,CounterTerrorist,2264.228,2426.703,123.504,P2000,100,0,-185.717,152.0171,0,False,False,False,150.8203,15.82031
ScreaM,CounterTerrorist,2256.793,2432.413,123.8,P2000,100,0,-193.7821,141.5927,0,False,False,False,159.9609,16.17188
ScreaM,CounterTerrorist,2248.986,2437.599,124.0688,P2000,100,0,-204.0769,126.3037,0,False,False,False,169.4531,16.52344
ScreaM,CounterTerrorist,2242.449,2441.272,124.2592,P2000,100,0,-212.1266,112.2601,0,False,False,False,173.6719,15.82031
ScreaM,CounterTerrorist,2232.226,2445.958,124.6177,P2000,100,0,-221.8764,91.49243,0,False,False,False,176.8359,14.41406
ScreaM,CounterTerrorist,2223.42,2449.171,125.1087,P2000,100,0,-227.5044,76.43132,0,False,False,False,177.1875,13.71094
ScreaM,CounterTerrorist,2214.439,2451.857,125.5942,P2000,100,0,-231.3163,63.97477,0,False,False,False,177.1875,13.35938
ScreaM,CounterTerrorist,2205.34,2454.111,128.0633,P2000,100,0,-233.8898,53.81059,0,False,False,False,177.1875,13.35938
ScreaM,CounterTerrorist,2196.319,2456.582,130.4951,P2000,100,0,-227.7568,74.03932,0,False,False,False,177.1875,13.00781
ScreaM,CounterTerrorist,2187.605,2460.023,132.4481,P2000,100,0,-219.6678,96.67498,0,False,False,False,177.1875,13.00781
ScreaM,CounterTerrorist,2179.198,2464.168,132.7298,P2000,100,0,-214.7927,107.0704,0,False,False,False,177.5391,12.65625
ScreaM,CounterTerrorist,2170.609,2467.919,132.3058,P2000,100,0,-222.8568,89.07769,0,False,False,False,177.5391,12.65625
ScreaM,CounterTerrorist,2161.77,2471.038,131.9532,P2000,100,0,-228.291,74.04888,0,False,False,False,177.5391,12.65625
ScreaM,CounterTerrorist,2152.762,2473.633,131.3967,P2000,100,0,-231.9392,61.67819,0,False,False,False,177.5391,12.65625
ScreaM,CounterTerrorist,2143.641,2475.8,130.7289,P2000,100,0,-234.3892,51.59174,0,False,False,False,177.5391,12.65625
ScreaM,CounterTerrorist,2134.445,2477.618,130.1045,P2000,100,0,-236.0399,43.41837,0,False,False,False,177.5391,12.65625
ScreaM,CounterTerrorist,2125.197,2479.155,129.5158,P2000,100,0,-237.1585,36.82186,0,False,False,False,177.5391,12.65625
ScreaM,CounterTerrorist,2115.914,2480.467,129.2527,P2000,100,0,-237.9064,31.63122,0,False,False,False,177.5391,12.65625
ScreaM,CounterTerrorist,2106.609,2481.605,129.0568,P2000,100,0,-238.4087,27.59153,0,False,False,False,177.5391,12.65625
ScreaM,CounterTerrorist,2097.288,2482.605,128.8793,P2000,100,0,-238.7582,24.38275,0,False,False,False,177.5391,12.65625
ScreaM,CounterTerrorist,2087.956,2483.509,128.7146,P2000,100,0,-238.9229,22.71255,0,False,False,False,175.0781,11.95313
ScreaM,CounterTerrorist,2078.628,2484.448,128.5454,P2000,100,0,-238.6379,25.53359,0,False,False,False,168.75,10.54688
ScreaM,CounterTerrorist,2069.327,2485.614,128.503,P2000,100,0,-237.6823,33.27354,0,False,False,False,162.0703,8.085938
ScreaM,CounterTerrorist,2060.079,2487.154,128.6469,P2000,100,0,-236.0162,43.54691,0,False,False,False,158.2031,7.03125
ScreaM,CounterTerrorist,2050.908,2489.094,128.7278,P2000,100,0,-233.9174,53.69021,0,False,False,False,156.4453,6.328125
ScreaM,CounterTerrorist,2041.823,2491.408,128.795,P2000,100,0,-231.6574,62.72829,0,False,False,False,155.7422,6.328125
ScreaM,CounterTerrorist,2032.824,2494.035,128.795,P2000,100,0,-229.5555,70.03049,0,False,False,False,155.7422,6.328125
ScreaM,CounterTerrorist,2023.901,2496.91,128.5214,P2000,100,0,-227.7108,75.8141,0,False,False,False,155.7422,6.328125
ScreaM,CounterTerrorist,2015.043,2499.98,128.1871,P2000,100,0,-226.1836,80.25566,0,False,False,False,155.7422,6.328125
ScreaM,CounterTerrorist,2006.238,2503.199,127.8365,P2000,100,0,-224.9254,83.71712,0,False,False,False,155.7422,6.328125
ScreaM,CounterTerrorist,1997.477,2506.535,127.7008,P2000,100,0,-223.8833,86.46551,0,False,False,False,155.7422,6.328125
ScreaM,CounterTerrorist,1988.752,2509.966,127.3338,P2000,100,0,-223.0175,88.67462,0,False,False,False,155.7422,6.328125
ScreaM,CounterTerrorist,1980.058,2513.473,127.225,P2000,100,0,-222.2973,90.46494,0,False,False,False,155.7422,6.328125
ScreaM,CounterTerrorist,1971.389,2517.042,127.2705,P2000,100,0,-221.6979,91.92405,0,False,False,False,155.7422,6.328125
ScreaM,CounterTerrorist,1962.741,2520.662,127.3397,P2000,100,0,-221.1992,93.11781,0,False,False,False,155.7422,6.328125
ScreaM,CounterTerrorist,1954.11,2524.323,127.3864,P2000,100,0,-220.7844,94.09712,0,False,False,False,155.7422,6.328125
ScreaM,CounterTerrorist,1945.494,2528.018,127.0898,P2000,100,0,-220.4396,94.90206,0,False,False,False,155.7422,6.328125
ScreaM,CounterTerrorist,1936.89,2531.741,127.2191,P2000,100,0,-220.1532,95.56452,0,False,False,False,155.7422,6.328125
ScreaM,CounterTerrorist,1928.296,2535.487,127.4724,P2000,100,0,-219.9155,96.11028,0,False,False,False,155.7422,6.328125
ScreaM,CounterTerrorist,1919.71,2539.252,127.6232,P2000,100,0,-219.7183,96.56017,0,False,False,False,155.7422,6.328125
ScreaM,CounterTerrorist,1911.131,2543.033,127.6677,P2000,100,0,-219.5549,96.93124,0,False,False,False,155.7422,6.328125
ScreaM,CounterTerrorist,1902.558,2546.827,127.7346,P2000,100,0,-219.4194,97.2374,0,False,False,False,155.7422,6.328125
ScreaM,CounterTerrorist,1893.989,2550.629,127.631,P2000,100,0,-219.3972,97.28752,0,False,False,False,156.7969,7.03125
ScreaM,CounterTerrorist,1885.393,2554.37,127.4591,P2000,100,0,-220.8612,93.9166,0,False,False,False,164.1797,9.140625
ScreaM,CounterTerrorist,1876.665,2557.789,127.0655,P2000,100,0,-225.6012,81.87847,0,False,False,False,178.2422,9.84375
ScreaM,CounterTerrorist,1867.69,2560.484,126.5446,P2000,100,0,-232.5923,59.16757,0,False,False,False,195.4688,10.19531
ScreaM,CounterTerrorist,1858.498,2562.097,126.0554,P2000,100,0,-236.4225,28.81328,0,False,False,False,209.1797,8.4375
ScreaM,CounterTerrorist,1849.277,2562.455,126.7247,P2000,100,0,-235.3177,-3.89788,0,False,False,False,217.2656,5.976563
ScreaM,CounterTerrorist,1840.085,2562.302,137.7889,P2000,100,0,-235.3177,-3.89788,267.6184,False,False,False,217.9688,3.867188
ScreaM,CounterTerrorist,1830.893,2562.149,147.6324,P2000,100,0,-235.3177,-3.89788,236.3684,False,False,False,207.7734,2.8125
ScreaM,CounterTerrorist,1821.701,2561.997,156.2553,P2000,100,0,-235.3177,-3.89788,205.1184,False,False,False,193.711,2.8125
ScreaM,CounterTerrorist,1812.471,2562.335,163.6574,P2000,100,0,-237.1563,23.96542,173.8684,False,False,False,181.4063,2.8125
ScreaM,CounterTerrorist,1803.248,2564.147,169.8388,P2000,100,0,-234.9539,58.65178,142.6184,False,False,False,172.9688,2.8125
ScreaM,CounterTerrorist,1794.171,2567.006,174.7995,P2000,100,0,-230.4096,81.82735,111.3684,False,False,False,165.5859,3.164063
ScreaM,CounterTerrorist,1785.337,2570.713,178.5395,P2000,100,0,-222.7658,103.5971,80.11838,False,False,False,156.4453,3.515625
ScreaM,CounterTerrorist,1776.896,2575.261,181.0588,P2000,100,0,-211.0344,124.8501,48.86838,False,False,False,146.6016,4.570313
ScreaM,CounterTerrorist,1768.764,2580.299,182.3574,P2000,100,0,-208.1883,128.9727,17.61838,False,False,False,136.7578,5.976563
ScreaM,CounterTerrorist,1760.632,2585.337,182.4353,P2000,100,0,-208.1883,128.9727,-13.63162,False,False,False,129.7266,7.382813
ScreaM,CounterTerrorist,1752.499,2590.375,181.2925,P2000,100,0,-208.1883,128.9727,-44.88162,False,False,False,130.7813,7.03125
ScreaM,CounterTerrorist,1744.367,2595.413,178.929,P2000,100,0,-208.1883,128.9727,-76.13162,False,False,False,139.9219,4.921875
ScreaM,CounterTerrorist,1736.235,2600.45,175.3448,P2000,100,0,-208.1883,128.9727,-107.3816,False,False,False,154.6875,2.460938
ScreaM,CounterTerrorist,1728.102,2605.488,170.5399,P2000,100,0,-208.1883,128.9727,-138.6316,False,False,False,156.7969,2.109375
ScreaM,CounterTerrorist,1719.97,2610.526,164.5142,P2000,100,0,-208.1883,128.9727,-169.8816,False,False,False,156.7969,2.109375
ScreaM,CounterTerrorist,1712.681,2615,160.0313,P2000,100,0,-174.7496,104.7004,0,False,False,False,156.7969,2.109375
ScreaM,CounterTerrorist,1705.566,2619.082,160.0313,P2000,100,0,-186.9762,104.5289,0,False,False,False,156.7969,2.109375
ScreaM,CounterTerrorist,1697.985,2623.182,160.0313,P2000,100,0,-198.7114,105.3424,0,False,False,False,156.7969,2.109375
ScreaM,CounterTerrorist,1690.068,2627.422,160.0313,P2000,100,0,-200.3556,115.609,0,False,False,False,156.7969,2.109375
ScreaM,CounterTerrorist,1682.649,2632.544,160.0313,P2000,100,0,-183.2438,140.8587,0,False,False,False,155.7422,2.109375
ScreaM,CounterTerrorist,1675.495,2638.052,171.0955,P2000,100,0,-182.761,141.6838,267.6184,False,False,False,149.7656,2.8125
ScreaM,CounterTerrorist,1668.797,2644.232,180.939,P2000,100,0,-162.653,169.8468,236.3684,False,False,False,140.9766,3.867188
ScreaM,CounterTerrorist,1663.041,2651.503,189.5618,P2000,100,0,-137.1185,196.0077,205.1184,False,False,False,132.1875,5.625
ScreaM,CounterTerrorist,1658.414,2659.726,196.9639,P2000,100,0,-106.5457,218.7645,173.8684,False,False,False,123.0469,7.734375
ScreaM,CounterTerrorist,1655.004,2668.688,203.1453,P2000,100,0,-73.0381,236.3333,142.6184,False,False,False,114.2578,10.19531
ScreaM,CounterTerrorist,1652.747,2678.145,208.106,P2000,100,0,-49.34195,244.7943,111.3684,False,False,False,105.8203,12.65625
ScreaM,CounterTerrorist,1651.271,2687.815,211.8461,P2000,100,0,-36.06475,248.0494,80.11838,False,False,False,99.84375,14.76563
ScreaM,CounterTerrorist,1649.302,2697.422,214.3654,P2000,100,0,-60.12493,244.5896,48.86838,False,False,False,97.73438,16.17188
ScreaM,CounterTerrorist,1646.528,2706.908,215.664,P2000,100,0,-79.84779,241.1126,17.61838,False,False,False,102.3047,16.17188
ScreaM,CounterTerrorist,1642.697,2716.086,215.7419,P2000,100,0,-120.0729,225.5462,-13.63162,False,False,False,114.2578,15.11719
ScreaM,CounterTerrorist,1636.335,2723.931,214.599,Knife,100,0,-184.7188,185.274,-44.88162,False,False,False,128.3203,14.41406
ScreaM,CounterTerrorist,1628.14,2730.207,212.2355,Knife,100,0,-225.5189,142.8303,-76.13162,False,False,False,141.3281,14.0625
ScreaM,CounterTerrorist,1618.703,2734.854,208.6513,Knife,100,0,-250.7399,103.5593,-107.3816,False,False,False,151.1719,13.35938
ScreaM,CounterTerrorist,1608.497,2738.006,203.8464,Knife,100,0,-266.1342,68.80107,-138.6316,False,False,False,159.2578,11.95313
ScreaM,CounterTerrorist,1598.386,2739.915,198.0313,Knife,100,0,-210.3951,27.63822,0,False,False,False,165.2344,10.89844
ScreaM,CounterTerrorist,1590.168,2740.994,208.2862,Knife,100,0,-210.3951,27.63822,246.9021,False,False,False,168.75,9.84375
ScreaM,CounterTerrorist,1581.95,2742.073,217.3205,Knife,100,0,-210.3951,27.63822,215.6521,False,False,False,171.2109,9.492188
ScreaM,CounterTerrorist,1573.731,2743.152,225.1341,Knife,100,0,-210.3951,27.63822,184.4021,False,False,False,172.6172,9.140625
ScreaM,CounterTerrorist,1565.513,2744.231,231.7269,Knife,100,0,-210.3951,27.63822,153.1521,False,False,False,173.3203,9.140625
ScreaM,CounterTerrorist,1557.294,2745.31,237.0991,Knife,100,0,-210.3951,27.63822,121.9021,False,False,False,173.6719,9.140625
ScreaM,CounterTerrorist,1549.076,2746.389,241.2505,Knife,100,0,-210.3951,27.63822,90.65207,False,False,False,173.6719,9.140625
ScreaM,CounterTerrorist,1540.858,2747.468,244.1813,Knife,100,0,-210.3951,27.63822,59.40207,False,False,False,174.0234,9.140625
ScreaM,CounterTerrorist,1532.639,2748.547,245.8914,Knife,100,0,-210.3951,27.63822,28.15207,False,False,False,174.0234,9.140625
ScreaM,CounterTerrorist,1524.421,2749.626,246.3807,Knife,100,0,-210.3951,27.63822,-3.097931,False,False,False,174.0234,9.140625
ScreaM,CounterTerrorist,1516.203,2750.706,245.6494,Knife,100,0,-210.3951,27.63822,-34.34793,False,False,False,174.0234,9.140625
ScreaM,CounterTerrorist,1507.984,2751.785,243.6973,Knife,100,0,-210.3951,27.63822,-65.59793,False,False,False,174.0234,9.140625
ScreaM,CounterTerrorist,1499.766,2752.864,240.5245,Knife,100,0,-210.3951,27.63822,-96.84793,False,False,False,174.0234,9.140625
ScreaM,CounterTerrorist,1491.547,2753.943,236.1311,Knife,100,0,-210.3951,27.63822,-128.0979,False,False,False,174.0234,9.140625
ScreaM,CounterTerrorist,1483.329,2755.022,230.5169,Knife,100,0,-210.3951,27.63822,-159.3479,False,False,False,174.0234,9.140625
ScreaM,CounterTerrorist,1475.111,2756.101,223.682,Knife,100,0,-210.3951,27.63822,-190.5979,False,False,False,174.7266,8.789063
ScreaM,CounterTerrorist,1466.892,2757.18,215.6265,Knife,100,0,-210.3951,27.63822,-221.8479,False,False,False,177.5391,6.328125
ScreaM,CounterTerrorist,1458.674,2758.259,206.3502,Knife,100,0,-210.3951,27.63822,-253.0979,False,False,False,182.1094,2.109375
ScreaM,CounterTerrorist,1450.455,2759.338,195.8532,Knife,100,0,-210.3951,27.63822,-284.3479,False,False,False,188.0859,357.8906
ScreaM,CounterTerrorist,1442.237,2760.417,184.1355,Knife,100,0,-210.3951,27.63822,-315.5979,False,False,False,192.6563,354.375
ScreaM,CounterTerrorist,1434.019,2761.497,171.1971,Knife,100,0,-210.3951,27.63822,-346.8479,False,False,False,193.3594,353.3203
ScreaM,CounterTerrorist,1425.8,2762.576,157.0381,Knife,100,0,-210.3951,27.63822,-378.0979,False,False,False,193.0078,353.3203
ScreaM,CounterTerrorist,1417.582,2763.655,141.6583,Knife,100,0,-210.3951,27.63822,-409.3479,False,False,False,193.0078,353.3203
ScreaM,CounterTerrorist,1409.887,2765.145,129.7559,Knife,100,0,-143.4276,57.24566,0,False,False,False,193.0078,353.3203
ScreaM,CounterTerrorist,1403.87,2766.814,129.5321,Knife,100,0,-160.2715,33.70617,0,False,False,False,193.0078,353.3203
ScreaM,CounterTerrorist,1397.308,2767.681,129.4158,Knife,100,0,-172.7374,15.14216,0,False,False,False,193.0078,353.3203
ScreaM,CounterTerrorist,1390.31,2767.922,129.3835,Knife,100,0,-183.2959,0.5685343,0,False,False,False,193.711,352.9688
ScreaM,CounterTerrorist,1382.921,2768.186,129.348,Knife,100,0,-192.9116,14.66845,0,False,False,False,204.2578,349.1016
ScreaM,CounterTerrorist,1375.163,2769.006,129.238,Knife,100,0,-202.5821,23.27494,0,False,False,False,216.9141,344.8828
ScreaM,CounterTerrorist,1366.995,2769.893,129.08,Knife,100,0,-213.5747,21.31572,0,False,False,False,225.3516,341.3672
ScreaM,CounterTerrorist,1358.381,2770.568,128.8671,Knife,100,0,-225.1816,14.24052,0,False,False,False,230.2734,339.2578
ScreaM,CounterTerrorist,1349.32,2770.914,128.7226,Knife,100,0,-236.2177,5.071579,0,False,False,False,233.789,337.5
ScreaM,CounterTerrorist,1339.881,2770.868,128.7195,Knife,100,0,-244.9152,-5.534549,0,False,False,False,237.3047,336.4453
ScreaM,CounterTerrorist,1330.176,2770.391,128.761,Knife,100,0,-249.4453,-16.64503,0,False,False,False,240.1172,335.3906
ScreaM,CounterTerrorist,1320.453,2769.482,128.8624,Knife,100,0,-248.4582,-27.72254,0,False,False,False,242.9297,333.9844
ScreaM,CounterTerrorist,1310.782,2768.135,128.9939,Knife,100,0,-246.9253,-39.0884,0,False,False,False,246.0938,332.9297
ScreaM,CounterTerrorist,1301.187,2766.325,129.1704,Knife,100,0,-244.6946,-51.23018,0,False,False,False,249.6094,331.875
ScreaM,CounterTerrorist,1291.7,2764.012,129.4184,Knife,100,0,-241.4778,-64.71825,0,False,False,False,254.5313,330.8203
ScreaM,CounterTerrorist,1282.37,2761.133,129.7479,Knife,100,0,-236.8457,-80.02564,0,False,False,False,261.2109,329.7656
ScreaM,CounterTerrorist,1273.134,2757.965,130.1051,Knife,100,0,-238.5666,-74.73943,0,False,False,False,267.8906,328.3594
ScreaM,CounterTerrorist,1263.723,2755.364,130.4079,Knife,100,0,-242.0973,-62.36097,0,False,False,False,275.2734,326.9531
ScreaM,CounterTerrorist,1254.238,2753.038,130.6842,Knife,100,0,-242.9869,-58.79939,0,False,False,False,283.3594,325.5469
ScreaM,CounterTerrorist,1244.76,2750.685,130.9631,Knife,100,0,-242.1666,-62.09116,0,False,False,False,290.7422,324.4922
ScreaM,CounterTerrorist,1235.354,2748.062,131.268,Knife,100,0,-239.6422,-71.21534,0,False,False,False,298.4766,323.7891
ScreaM,CounterTerrorist,1226.091,2744.973,131.5521,Knife,100,0,-235.1328,-84.92696,0,False,False,False,306.5625,323.7891
ScreaM,CounterTerrorist,1217.061,2741.262,131.8915,Knife,100,0,-228.1852,-102.1348,0,False,False,False,315,324.4922
ScreaM,CounterTerrorist,1208.367,2736.82,132.2161,Knife,100,0,-218.4252,-121.6158,0,False,False,False,322.7344,326.25
ScreaM,CounterTerrorist,1200.124,2731.591,132.5447,Knife,100,0,-205.7903,-141.9519,0,False,False,False,329.7656,328.0078
ScreaM,CounterTerrorist,1192.415,2725.601,132.9392,Knife,100,0,-191.615,-160.573,0,False,False,False,333.2813,330.1172
ScreaM,CounterTerrorist,1185.468,2719.193,133.3748,P2000,100,0,-171.6754,-167.7127,0,False,False,False,330.8203,332.9297
ScreaM,CounterTerrorist,1178.904,2712.479,133.8387,Knife,100,0,-167.9214,-174.1712,0,False,False,False,316.7578,338.9063
ScreaM,CounterTerrorist,1172.066,2705.692,134.3054,Knife,100,0,-181.3027,-170.6129,0,False,False,False,290.7422,345.5859
ScreaM,CounterTerrorist,1164.543,2699.595,134.7103,Knife,100,0,-199.8653,-143.1223,0,False,False,False,261.2109,350.8594
ScreaM,CounterTerrorist,1156.478,2695.118,138.0313,Knife,100,0,-208.7466,-93.49029,0,False,False,False,229.2188,352.9688
ScreaM,CounterTerrorist,1148.137,2692.173,138.0313,Knife,100,0,-218.0981,-73.88203,0,False,False,False,199.6875,354.7266
ScreaM,CounterTerrorist,1139.332,2689.389,138.2835,Knife,100,0,-230.2921,-67.30817,0,False,False,False,180.3516,355.7813
ScreaM,CounterTerrorist,1130.235,2687.132,138.7632,P2000,100,0,-234.4038,-51.52538,0,False,False,False,175.7813,355.7813
ScreaM,CounterTerrorist,1121.015,2685.441,139.1126,P2000,100,0,-236.9449,-38.172,0,False,False,False,175.7813,355.7813
ScreaM,CounterTerrorist,1111.722,2684.211,139.356,P2000,100,0,-238.439,-27.32864,0,False,False,False,175.7813,355.7813
ScreaM,CounterTerrorist,1102.386,2683.354,139.5236,P2000,100,0,-239.2803,-18.57255,0,False,False,False,175.7813,355.7813
ScreaM,CounterTerrorist,1093.028,2682.799,139.6323,P2000,100,0,-239.7231,-11.52657,0,False,False,False,175.7813,355.7813
ScreaM,CounterTerrorist,1083.659,2682.484,139.639,P2000,100,0,-239.9264,-5.941771,0,False,False,False,175.7813,355.7813
ScreaM,CounterTerrorist,1074.284,2682.356,139.5148,P2000,100,0,-239.9945,-1.622665,0,False,False,False,175.7813,355.7813
ScreaM,CounterTerrorist,1064.909,2682.375,139.3709,P2000,100,0,-239.9933,1.787615,0,False,False,False,175.7813,356.1328
ScreaM,CounterTerrorist,1055.536,2682.51,139.2115,P2000,100,0,-239.9588,4.446775,0,False,False,False,176.1328,356.4844
ScreaM,CounterTerrorist,1046.163,2682.726,139.0411,P2000,100,0,-239.922,6.11966,0,False,False,False,177.1875,357.5391
ScreaM,CounterTerrorist,1036.792,2682.98,138.8656,P2000,100,0,-239.91,6.571038,0,False,False,False,178.5938,357.8906
ScreaM,CounterTerrorist,1027.42,2683.219,138.9153,P2000,100,0,-239.933,5.672708,0,False,False,False,180.3516,358.5938
ScreaM,CounterTerrorist,1018.047,2683.403,139.1738,P2000,100,0,-239.9669,3.986376,0,False,False,False,181.0547,358.9453
ScreaM,CounterTerrorist,1008.457,2683.508,139.4494,Knife,100,0,-248.9388,1.818867,0,False,False,False,181.7578,359.2969
ScreaM,CounterTerrorist,998.6916,2683.533,139.7409,Knife,100,0,-250,-0.06967483,0,False,False,False,182.1094,359.6484
ScreaM,CounterTerrorist,988.9261,2683.49,140.0418,Knife,100,0,-249.9935,-1.795346,0,False,False,False,182.4609,359.6484
ScreaM,CounterTerrorist,979.1611,2683.378,140.3518,Knife,100,0,-249.9741,-3.595536,0,False,False,False,182.8125,0.703125
ScreaM,CounterTerrorist,969.3973,2683.189,140.6721,Knife,100,0,-249.935,-5.702641,0,False,False,False,183.8672,1.757813
ScreaM,CounterTerrorist,959.6357,2682.912,140.8842,Knife,100,0,-249.87,-8.059935,0,False,False,False,184.5703,2.8125
ScreaM,CounterTerrorist,949.8775,2682.535,141.0621,Knife,100,0,-249.7676,-10.77664,0,False,False,False,185.625,4.21875
ScreaM,CounterTerrorist,940.1244,2682.042,141.2734,Knife,100,0,-249.6136,-13.89378,0,False,False,False,186.6797,5.625
ScreaM,CounterTerrorist,930.3787,2681.42,141.4767,Knife,100,0,-249.4001,-17.30934,0,False,False,False,188.0859,7.03125
ScreaM,CounterTerrorist,920.6442,2680.643,141.7311,Knife,100,0,-249.0461,-21.81835,0,False,False,False,190.1953,8.4375
ScreaM,CounterTerrorist,910.9295,2679.649,142.044,Knife,100,0,-248.4151,-28.10596,0,False,False,False,193.711,9.140625
ScreaM,CounterTerrorist,901.2457,2678.401,141.6827,Knife,100,0,-247.488,-35.35071,0,False,False,False,197.9297,8.4375
ScreaM,CounterTerrorist,891.6105,2676.813,141.121,Knife,100,0,-246.1065,-43.95012,0,False,False,False,198.2813,8.4375
ScreaM,CounterTerrorist,882.0284,2674.931,140.6316,Knife,100,0,-244.7818,-50.81211,0,False,False,False,198.2813,8.4375
ScreaM,CounterTerrorist,872.4947,2672.816,140.2001,Knife,100,0,-243.609,-56.16617,0,False,False,False,198.2813,8.4375
ScreaM,CounterTerrorist,863.0024,2670.522,139.8136,Knife,100,0,-242.6183,-60.30234,0,False,False,False,198.2813,8.4375
ScreaM,CounterTerrorist,853.5452,2668.087,139.4626,Knife,100,0,-241.783,-63.56886,0,False,False,False,198.2813,8.4375
ScreaM,CounterTerrorist,844.1175,2665.541,139.024,Knife,100,0,-241.0797,-66.18582,0,False,False,False,198.2813,8.4375
ScreaM,CounterTerrorist,834.7145,2662.905,138.2714,Knife,100,0,-240.4886,-68.30237,0,False,False,False,198.2813,8.4375
ScreaM,CounterTerrorist,825.3126,2660.377,138.0313,Knife,100,0,-241.6607,-54.58736,0,False,False,False,198.2813,8.4375
ScreaM,CounterTerrorist,815.7941,2659.022,134.564,Knife,100,0,-244.9569,-22.30967,0,False,False,False,198.6328,9.492188
ScreaM,CounterTerrorist,806.1286,2657.859,133.6752,Knife,100,0,-247.6386,-34.27978,0,False,False,False,198.6328,9.84375
ScreaM,CounterTerrorist,796.4894,2656.296,132.7949,Knife,100,0,-246.1757,-43.56076,0,False,False,False,198.6328,9.84375
ScreaM,CounterTerrorist,786.9053,2654.423,131.9243,Knife,100,0,-244.8555,-50.45572,0,False,False,False,197.2266,11.25
ScreaM,CounterTerrorist,777.3578,2652.371,131.0599,Knife,100,0,-244.2356,-53.37574,0,False,False,False,194.0625,15.46875
ScreaM,CounterTerrorist,767.8222,2650.264,130.0093,Knife,100,0,-244.0334,-54.29296,0,False,False,False,193.711,21.09375
ScreaM,CounterTerrorist,758.2965,2648.113,128.8186,Knife,100,0,-243.7087,-55.73223,0,False,False,False,195.1172,28.47656
ScreaM,CounterTerrorist,748.7805,2645.919,137.5297,Knife,100,0,-243.6087,-56.16742,273.8684,False,False,False,196.875,36.91406
ScreaM,CounterTerrorist,739.2645,2643.725,147.6174,Knife,100,0,-243.6087,-56.16742,242.6184,False,False,False,198.2813,46.40625
ScreaM,CounterTerrorist,729.6931,2641.696,156.4843,Knife,100,0,-245.4988,-50.55494,211.3684,False,False,False,198.6328,54.84375
ScreaM,CounterTerrorist,720.0439,2639.91,164.1306,Knife,100,0,-248.3226,-41.40483,180.1184,False,False,False,196.1719,62.22656
ScreaM,CounterTerrorist,710.2396,2638.701,170.5561,Knife,100,0,-252.9575,-22.19889,148.8684,False,False,False,191.9531,67.85156
ScreaM,CounterTerrorist,700.2738,2638.359,175.761,Knife,100,0,-256.2583,0.4648914,117.6184,False,False,False,185.2734,70.3125
ScreaM,CounterTerrorist,690.2486,2638.931,179.7451,Knife,100,0,-256.439,24.25603,86.36838,False,False,False,177.1875,70.3125
ScreaM,CounterTerrorist,680.3002,2640.458,182.5086,Knife,100,0,-253.0153,49.06755,55.11838,False,False,False,168.75,67.85156
ScreaM,CounterTerrorist,670.5533,2642.929,184.0513,Knife,100,0,-247.8304,69.38658,23.86838,False,False,False,162.4219,63.63281
ScreaM,CounterTerrorist,660.8137,2645.479,184.3733,Knife,100,0,-249.714,64.23959,-7.381622,False,False,False,155.7422,56.60156
ScreaM,CounterTerrorist,651.0593,2647.989,183.4747,Knife,100,0,-249.714,64.23959,-38.63162,False,False,False,149.4141,49.57031
ScreaM,CounterTerrorist,641.305,2650.498,181.3553,Knife,100,0,-249.714,64.23959,-69.88162,False,False,False,147.3047,42.1875
ScreaM,CounterTerrorist,631.5507,2653.008,178.0152,Knife,100,0,-249.714,64.23959,-101.1316,False,False,False,151.1719,32.69531
ScreaM,CounterTerrorist,621.7842,2655.485,173.4545,Knife,100,0,-251.2641,60.00374,-132.3816,False,False,False,159.9609,24.25781
ScreaM,CounterTerrorist,611.649,2656.523,167.673,Knife,100,0,-263.8521,0.1901792,-163.6316,False,False,False,173.3203,18.98438
ScreaM,CounterTerrorist,601.3498,2654.952,160.6708,Knife,100,0,-261.7081,-64.24232,0,False,False,False,187.3828,16.17188
ScreaM,CounterTerrorist,593.96,2653.985,160.0313,Knife,100,0,-179.7811,-1.569708,0,False,False,False,193.0078,16.17188
ScreaM,CounterTerrorist,587.4518,2655.126,160.0313,Knife,100,0,-157.6335,48.58937,0,False,False,False,187.7344,18.28125
ScreaM,CounterTerrorist,581.9072,2658.038,160.0313,Knife,100,0,-130.5787,90.77872,0,False,False,False,175.4297,21.09375
ScreaM,CounterTerrorist,577.5825,2662.4,160.0313,Knife,100,0,-96.76894,124.3995,0,False,False,False,162.7734,23.20313
ScreaM,CounterTerrorist,574.699,2667.853,160.0313,Knife,100,0,-58.09804,148.4578,0,False,False,False,150.1172,24.25781
ScreaM,CounterTerrorist,573.3739,2674.027,160.0313,Knife,100,0,-17.74606,163.2846,0,False,False,False,139.5703,24.60938
ScreaM,CounterTerrorist,573.5997,2680.602,160.0313,Knife,100,0,20.93852,171.0119,0,False,False,False,133.9453,23.20313
ScreaM,CounterTerrorist,573.7466,2685.987,160.0313,Knife,100,0,-11.80053,111.8905,0,False,False,False,136.4063,20.03906
ScreaM,CounterTerrorist,572.538,2688.967,160.0313,Knife,100,0,-42.20318,53.4614,0,False,False,False,143.0859,17.22656
ScreaM,CounterTerrorist,570.4418,2689.783,160.0313,Knife,100,0,-59.409,-0.006031643,0,False,False,False,152.2266,15.82031
ScreaM,CounterTerrorist,567.6896,2688.868,160.0313,Knife,100,0,-82.97974,-33.00854,0,False,False,False,161.0156,16.17188
ScreaM,CounterTerrorist,563.748,2687.094,160.0313,Knife,100,0,-111.5414,-54.11616,0,False,False,False,170.5078,18.63281
ScreaM,CounterTerrorist,558.9105,2684.439,160.0313,Knife,100,0,-130.8223,-77.45898,0,False,False,False,178.5938,21.09375
ScreaM,CounterTerrorist,553.5319,2680.832,160.0313,Knife,100,0,-141.0231,-102.477,0,False,False,False,188.4375,23.90625
ScreaM,CounterTerrorist,547.9692,2676.222,160.0313,Knife,100,0,-142.1721,-128.3351,0,False,False,False,198.6328,26.01563
ScreaM,CounterTerrorist,541.8922,2671.263,160.0313,Knife,100,0,-163.3528,-127.4173,0,False,False,False,209.1797,27.07031
ScreaM,CounterTerrorist,535.1936,2666.124,160.0313,Knife,100,0,-175.7425,-135.2769,0,False,False,False,220.4297,25.66406
ScreaM,CounterTerrorist,528.2058,2660.54,160.0313,Knife,100,0,-179.9629,-148.5926,0,False,False,False,230.2734,21.09375
ScreaM,CounterTerrorist,521.1169,2654.488,160.0313,Knife,100,0,-186.134,-153.3196,0,False,False,False,235.8984,13.71094
ScreaM,CounterTerrorist,513.6996,2648.641,168.9803,Knife,100,0,-189.8857,-149.6815,273.8684,False,False,False,233.0859,8.085938
ScreaM,CounterTerrorist,506.2066,2642.873,179.0679,Knife,100,0,-197.5464,-141.5289,242.6184,False,False,False,222.5391,4.921875
ScreaM,CounterTerrorist,497.7102,2638.389,187.9349,Knife,100,0,-227.5202,-99.20354,211.3684,False,False,False,210.5859,4.21875
ScreaM,CounterTerrorist,488.275,2635.72,195.5812,Knife,100,0,-249.1248,-47.6934,180.1184,False,False,False,197.5781,6.328125
ScreaM,CounterTerrorist,478.2998,2634.951,202.0067,Knife,100,0,-258.3167,-0.8162967,148.8684,False,False,False,186.6797,10.19531
ScreaM,CounterTerrorist,468.1687,2635.645,207.2116,Knife,100,0,-259.4176,28.15181,117.6184,False,False,False,177.8906,14.41406
ScreaM,CounterTerrorist,458.0948,2637.295,211.1957,Knife,100,0,-256.3263,51.73621,86.36838,False,False,False,168.3984,18.28125
ScreaM,CounterTerrorist,448.2376,2639.878,213.9592,Knife,100,0,-249.1653,75.73506,55.11838,False,False,False,159.9609,20.74219
ScreaM,CounterTerrorist,438.7321,2643.361,215.5019,Knife,100,0,-240.6378,94.89165,23.86838,False,False,False,152.5781,22.5
ScreaM,CounterTerrorist,429.3322,2647.068,215.8239,Knife,100,0,-240.6378,94.89165,-7.381622,False,False,False,149.4141,22.5
ScreaM,CounterTerrorist,419.9208,2650.753,214.9253,Knife,100,0,-242.1095,92.06087,-38.63162,False,False,False,152.5781,21.79688
ScreaM,CounterTerrorist,410.1194,2653.56,212.8059,Knife,100,0,-256.5282,57.13105,-69.88162,False,False,False,161.0156,22.14844
ScreaM,CounterTerrorist,399.7919,2654.464,209.4658,Knife,100,0,-268.1579,-2.402125,-101.1316,False,False,False,174.0234,22.14844
ScreaM,CounterTerrorist,389.3423,2652.778,204.905,Knife,100,0,-264.4484,-71.97029,-132.3816,False,False,False,188.789,23.55469
ScreaM,CounterTerrorist,379.2385,2648.987,199.1236,Knife,100,0,-255.4261,-108.758,-163.6316,False,False,False,196.875,27.42188
ScreaM,CounterTerrorist,371.0707,2646.509,200.287,Knife,100,0,-201.5557,-30.54753,266.119,False,False,False,195.1172,31.99219
ScreaM,CounterTerrorist,363.0105,2646.173,210.0719,Knife,100,0,-208.1317,2.42215,234.869,False,False,False,187.7344,35.85938
ScreaM,CounterTerrorist,354.8426,2647.273,218.6362,Knife,100,0,-208.5645,44.80506,203.619,False,False,False,175.7813,38.67188
ScreaM,CounterTerrorist,346.9111,2650.183,225.9796,Knife,100,0,-197.4353,95.29575,172.369,False,False,False,162.0703,40.78125
ScreaM,CounterTerrorist,339.6267,2654.886,232.1024,Knife,100,0,-178.5888,135.777,141.119,False,False,False,150.4688,41.48438
ScreaM,CounterTerrorist,332.4796,2659.937,237.0044,Knife,100,0,-187.5022,122.8063,109.869,False,False,False,144.1406,41.13281
ScreaM,CounterTerrorist,324.8889,2664.375,240.6857,Knife,100,0,-197.786,108.9856,78.61905,False,False,False,143.4375,40.42969
ScreaM,CounterTerrorist,316.9489,2668.319,243.1464,Knife,100,0,-207.9444,93.68552,47.36905,False,False,False,148.3594,39.375
ScreaM,CounterTerrorist,308.5759,2671.503,244.3863,Knife,100,0,-218.3165,73.09188,16.11905,False,False,False,156.0938,41.48438
ScreaM,CounterTerrorist,299.8835,2673.939,244.4055,Knife,100,0,-223.5434,59.63681,-15.13095,False,False,False,160.6641,43.94531
ScreaM,CounterTerrorist,291.2068,2676.422,243.2041,Knife,100,0,-216.4452,79.26677,-46.38095,False,False,False,159.9609,47.46093
ScreaM,CounterTerrorist,283.3674,2681.046,240.7819,Knife,100,0,-194.4374,131.8732,-77.63095,False,False,False,153.2813,50.625
ScreaM,CounterTerrorist,276.3354,2687.099,237.139,Knife,100,0,-168.9646,170.2387,-108.881,False,False,False,142.0313,52.73437
ScreaM,CounterTerrorist,269.0925,2693.068,232.2754,Knife,100,0,-191.6065,146.348,-140.131,False,False,False,131.1328,53.08593
ScreaM,CounterTerrorist,261.6079,2698.785,226.1911,Knife,100,0,-191.6065,146.348,-171.381,False,False,False,125.8594,50.625
ScreaM,CounterTerrorist,254.1233,2704.501,218.8861,Knife,100,0,-191.6065,146.348,-202.631,False,False,False,129.375,45
ScreaM,CounterTerrorist,246.7558,2710.358,210.3605,Knife,100,0,-176.6071,164.3572,-233.881,False,False,False,140.2734,40.78125
ScreaM,CounterTerrorist,240.0357,2717.011,200.6142,Knife,100,0,-172.0346,170.2969,-265.131,False,False,False,147.3047,40.78125
ScreaM,CounterTerrorist,234.6411,2722.975,196.0313,Knife,100,0,-104.4628,144.4416,0,False,False,False,142.7344,41.13281
ScreaM,CounterTerrorist,231.3545,2728.834,202.0628,Knife,100,0,-79.14316,152.665,247.9705,False,False,False,127.2656,42.1875
ScreaM,CounterTerrorist,229.2422,2735.361,211.1388,Knife,100,0,-36.06594,175.262,216.7205,False,False,False,111.0938,43.59375
ScreaM,CounterTerrorist,228.8049,2742.467,218.9941,Knife,100,0,3.379964,184.6523,185.4705,False,False,False,98.4375,44.64844
ScreaM,CounterTerrorist,229.8161,2749.724,225.6287,Knife,100,0,40.2248,185.5571,154.2205,False,False,False,86.83594,46.40625
ScreaM,CounterTerrorist,232.0583,2756.887,231.0425,Knife,100,0,66.19691,181.8351,122.9705,False,False,False,78.04688,48.16407
ScreaM,CounterTerrorist,235.0554,2763.876,235.2356,Knife,100,0,83.8,176.6634,91.72046,False,False,False,71.01563,50.27344
ScreaM,CounterTerrorist,238.7497,2770.611,238.208,Knife,100,0,101.7941,169.2728,60.47046,False,False,False,65.39063,52.73437
ScreaM,CounterTerrorist,243.0386,2777.07,239.9597,Knife,100,0,109.025,165.826,29.22046,False,False,False,61.52344,54.49219
ScreaM,CounterTerrorist,246.8528,2783.79,240.4907,Knife,100,0,89.88754,176.1887,-2.029541,False,False,False,62.22656,55.19531
ScreaM,CounterTerrorist,249.2177,2791.213,239.801,Knife,100,0,44.2289,197.1791,-33.27954,False,False,False,68.90625,54.84375
ScreaM,CounterTerrorist,250.0946,2799.161,237.8906,Knife,100,0,6.678439,206.9285,-64.52954,False,False,False,79.80469,54.49219
ScreaM,CounterTerrorist,249.4018,2807.324,234.7595,Knife,100,0,-34.20733,209.3107,-95.77954,False,False,False,91.05469,54.84375
ScreaM,CounterTerrorist,246.7949,2815.317,230.4077,Knife,100,0,-90.80606,198.8017,-127.0295,False,False,False,106.5234,56.60156
ScreaM,CounterTerrorist,242.048,2822.556,224.8352,Knife,100,0,-142.0051,174.2417,-158.2795,False,False,False,121.6406,59.0625
ScreaM,CounterTerrorist,235.2265,2828.301,218.042,Knife,100,0,-193.3622,127.7531,-189.5295,False,False,False,139.2188,61.875
ScreaM,CounterTerrorist,226.7174,2831.736,210.0282,Knife,100,0,-231.6478,59.13886,-220.7795,False,False,False,158.5547,63.63281
ScreaM,CounterTerrorist,217.2495,2831.779,200.7936,Knife,100,0,-244.2761,-37.17728,-252.0295,False,False,False,181.7578,65.39063
ScreaM,CounterTerrorist,209.5605,2829.084,196.0313,Knife,100,0,-156.6871,-78.6127,0,False,False,False,206.3672,66.44531
ScreaM,CounterTerrorist,204.541,2824.891,203.993,Knife,100,0,-112.6305,-124.66,242.2773,False,False,False,227.8125,66.79688
ScreaM,CounterTerrorist,201.2646,2819.284,212.8466,Knife,100,0,-62.8851,-154.0724,211.0273,False,False,False,246.4453,66.44531
ScreaM,CounterTerrorist,200.1903,2812.87,220.4796,Knife,100,0,-2.8845,-169.0509,179.7773,False,False,False,261.5625,65.39063
ScreaM,CounterTerrorist,201.1455,2806.197,226.8918,P2000,100,0,37.27611,-170.8142,148.5273,False,False,False,272.4609,64.6875
ScreaM,CounterTerrorist,203.1546,2799.584,232.0833,P2000,100,0,58.30198,-168.1816,117.2773,False,False,False,280.5469,63.63281
ScreaM,CounterTerrorist,205.7551,2793.086,236.054,P2000,100,0,68.65228,-165.848,86.02731,False,False,False,285.4688,62.57813
ScreaM,CounterTerrorist,208.4368,2786.608,238.8041,P2000,100,0,68.65228,-165.848,54.77731,False,False,False,288.6328,61.17188
ScreaM,CounterTerrorist,210.6692,2779.977,240.3335,Knife,100,0,49.16008,-172.4122,23.52731,False,False,False,287.9297,59.76563
ScreaM,CounterTerrorist,212.0949,2773.104,240.6422,Knife,100,0,27.81475,-177.9856,-7.722687,False,False,False,281.9531,58.35937
ScreaM,CounterTerrorist,211.7209,2765.941,239.7302,Knife,100,0,-23.95945,-184.5098,-38.97269,False,False,False,271.7578,56.25
ScreaM,CounterTerrorist,209.9666,2758.778,237.5975,Knife,100,0,-57.7452,-181.8626,-70.22269,False,False,False,261.5625,52.38281
ScreaM,CounterTerrorist,207.1629,2751.789,234.244,Knife,100,0,-74.47437,-178.2758,-101.4727,False,False,False,254.1797,48.16407
ScreaM,CounterTerrorist,206.1119,2744.314,229.6699,Knife,100,0,-11.16376,-195.3534,-132.7227,False,False,False,258.0469,43.94531
ScreaM,CounterTerrorist,206.6188,2736.582,223.8751,Knife,100,0,33.47052,-198.5521,-163.9727,False,False,False,271.0547,39.02344
ScreaM,CounterTerrorist,209.194,2729.016,216.8596,Knife,100,0,90.93025,-187.3125,-195.2227,False,False,False,287.5781,36.21094
ScreaM,CounterTerrorist,213.8183,2722.181,208.6233,Knife,100,0,137.2996,-164.5104,-226.4727,False,False,False,301.6406,33.75
ScreaM,CounterTerrorist,220.1768,2716.546,199.1664,Knife,100,0,176.1165,-131.9149,-257.7227,False,False,False,315.3516,30.58594
ScreaM,CounterTerrorist,226.6376,2712.888,198.0846,Knife,100,0,161.902,-76.22743,259.7096,False,False,False,324.8438,27.77344
ScreaM,CounterTerrorist,232.9619,2709.911,207.6192,Knife,100,0,161.902,-76.22743,228.4596,False,False,False,326.6016,27.07031
ScreaM,CounterTerrorist,239.2862,2706.934,215.933,Knife,100,0,161.902,-76.22743,197.2096,False,False,False,326.6016,27.07031
ScreaM,CounterTerrorist,245.6105,2703.956,223.0261,Knife,100,0,161.902,-76.22743,165.9596,False,False,False,326.6016,27.07031
ScreaM,CounterTerrorist,251.9348,2700.979,228.8986,Knife,100,0,161.902,-76.22743,134.7096,False,False,False,326.6016,27.07031
ScreaM,CounterTerrorist,258.2591,2698.002,233.5504,Knife,100,0,161.902,-76.22743,103.4596,False,False,False,326.6016,27.07031
ScreaM,CounterTerrorist,264.5834,2695.024,236.9815,Knife,100,0,161.902,-76.22743,72.20959,False,False,False,326.6016,27.07031
ScreaM,CounterTerrorist,270.9077,2692.047,239.1919,Knife,100,0,161.902,-76.22743,40.95959,False,False,False,326.6016,27.07031
ScreaM,CounterTerrorist,277.05,2688.793,240.1816,Knife,100,0,152.5312,-90.47148,9.709595,False,False,False,326.6016,27.07031
ScreaM,CounterTerrorist,282.5957,2684.632,239.9505,Knife,100,0,131.5089,-122.4263,-21.54041,False,False,False,326.6016,27.07031
ScreaM,CounterTerrorist,287.7327,2679.849,238.4988,Knife,100,0,131.5089,-122.4263,-52.79041,False,False,False,326.6016,27.07031
ScreaM,CounterTerrorist,292.8697,2675.066,235.8264,Knife,100,0,131.5089,-122.4263,-84.04041,False,False,False,326.6016,27.07031
ScreaM,CounterTerrorist,298.0067,2670.283,231.9333,Knife,100,0,131.5089,-122.4263,-115.2904,False,False,False,326.6016,27.07031
ScreaM,CounterTerrorist,303.1438,2665.501,226.8194,Knife,100,0,131.5089,-122.4263,-146.5404,False,False,False,326.6016,27.07031
ScreaM,CounterTerrorist,309.3928,2662.427,220.4849,Knife,100,0,167.2968,-67.22536,-177.7904,False,False,False,328.3594,27.07031
ScreaM,CounterTerrorist,316.0025,2659.928,212.9296,Knife,100,0,169.3777,-63.68856,-209.0404,False,False,False,331.1719,26.36719
ScreaM,CounterTerrorist,322.6188,2657.44,204.1536,Knife,100,0,169.3777,-63.68856,-240.2904,False,False,False,331.5234,26.36719
ScreaM,CounterTerrorist,329.2607,2654.93,196.0313,Knife,100,0,172.6481,-66.50069,0,False,False,False,331.5234,26.36719
ScreaM,CounterTerrorist,336.3092,2652.049,196.0313,Knife,100,0,183.9942,-77.814,0,False,False,False,330.8203,26.36719
ScreaM,CounterTerrorist,343.6506,2648.745,196.0313,Knife,100,0,190.3251,-89.65582,0,False,False,False,324.8438,26.36719
ScreaM,CounterTerrorist,351.1963,2644.894,196.0313,Knife,100,0,194.8504,-104.8563,0,False,False,False,319.2188,26.71875
ScreaM,CounterTerrorist,359.0954,2640.923,196.0313,Knife,100,0,208.8022,-93.31898,0,False,False,False,318.8672,25.3125
ScreaM,CounterTerrorist,367.57,2637.771,198.3239,Knife,100,0,220.2382,-75.15166,290.3335,False,False,False,325.8984,22.5
ScreaM,CounterTerrorist,376.258,2635.033,209.0547,Knife,100,0,227.4046,-58.11937,259.0835,False,False,False,338.2031,20.74219
ScreaM,CounterTerrorist,385.5193,2634.369,218.5648,Knife,100,0,240.8248,9.6738,227.8335,False,False,False,355.0781,20.74219
ScreaM,CounterTerrorist,394.8896,2636.083,226.8543,Knife,100,0,237.5923,66.14425,196.5835,False,False,False,8.4375,22.14844
ScreaM,CounterTerrorist,403.8834,2639.822,233.9231,Knife,100,0,224.5824,113.2031,165.3335,False,False,False,20.03906,23.55469
ScreaM,CounterTerrorist,412.2986,2645.052,239.7712,Knife,100,0,209.3539,146.0443,134.0835,False,False,False,28.125,24.96094
ScreaM,CounterTerrorist,420.1999,2651.209,244.3985,Knife,100,0,197.2008,165.2929,102.8335,False,False,False,34.80469,26.36719
ScreaM,CounterTerrorist,427.5648,2658.111,247.8052,Knife,100,0,182.4419,184.2097,71.58347,False,False,False,40.07813,27.77344
ScreaM,CounterTerrorist,434.2981,2665.743,249.9912,Knife,100,0,165.3272,202.7774,40.33347,False,False,False,44.64844,29.53125
ScreaM,CounterTerrorist,440.403,2674.001,250.9565,Knife,100,0,151.5084,215.7654,9.083466,False,False,False,48.51563,30.9375
ScreaM,CounterTerrorist,445.9695,2682.721,250.701,Knife,100,0,137.0255,227.5534,-22.16653,False,False,False,52.38281,32.34375
ScreaM,CounterTerrorist,450.9408,2691.882,249.2249,Knife,100,0,121.1971,238.6408,-53.41653,False,False,False,56.60156,33.75
ScreaM,CounterTerrorist,455.3624,2701.398,246.5281,Knife,100,0,107.6295,246.8878,-84.66653,False,False,False,60.11719,34.80469
ScreaM,CounterTerrorist,459.2765,2711.199,242.6105,Knife,100,0,94.43533,253.9051,-115.9165,False,False,False,63.28125,35.85938
ScreaM,CounterTerrorist,462.6619,2721.26,237.4723,Knife,100,0,81.27261,260.0173,-147.1665,False,False,False,66.44531,36.91406
ScreaM,CounterTerrorist,465.5163,2731.548,231.1133,Knife,100,0,67.23243,265.6224,-178.4165,False,False,False,69.60938,36.91406
ScreaM,CounterTerrorist,467.8137,2742.037,223.5337,Knife,100,0,53.3214,270.3122,-209.6665,False,False,False,72.42188,36.21094
ScreaM,CounterTerrorist,469.6,2752.682,214.7333,Knife,100,0,40.12615,274.0179,-240.9165,False,False,False,75.58594,33.39844
ScreaM,CounterTerrorist,470.7516,2763.48,204.7122,Knife,100,0,21.98703,277.9481,-272.1665,False,False,False,79.45313,29.53125
ScreaM,CounterTerrorist,470.9802,2773.65,196.0313,Knife,100,0,-7.485101,182.4069,0,False,False,False,85.42969,26.01563
ScreaM,CounterTerrorist,469.5009,2780.039,196.0313,Knife,100,0,-56.87317,150.6435,0,False,False,False,93.51563,23.90625
ScreaM,CounterTerrorist,466.3104,2785.124,196.0313,Knife,100,0,-96.98354,116.1976,0,False,False,False,103.0078,22.85156
ScreaM,CounterTerrorist,461.7635,2788.817,196.0313,Knife,100,0,-128.1783,79.90032,0,False,False,False,112.1484,22.85156
ScreaM,CounterTerrorist,456.1923,2791.08,196.0313,Knife,100,0,-151.2465,43.35636,0,False,False,False,119.1797,23.20313
ScreaM,CounterTerrorist,449.8809,2791.949,196.0313,Knife,100,0,-167.6192,8.425249,-3.125,False,False,False,124.8047,24.25781
ScreaM,CounterTerrorist,443.3332,2792.279,195.2988,Knife,100,0,-167.6192,8.425249,-34.375,False,False,False,129.375,25.66406
ScreaM,CounterTerrorist,436.7855,2792.609,193.3457,Knife,100,0,-167.6192,8.425249,-65.625,False,False,False,132.5391,27.42188
ScreaM,CounterTerrorist,431.0358,2793.693,190.1719,Knife,100,0,-116.5491,56.75421,-96.875,False,False,False,133.2422,29.17969
ScreaM,CounterTerrorist,428.1949,2797.501,185.7773,Knife,100,0,-57.96532,110.9838,-128.125,False,False,False,131.4844,30.23438
ScreaM,CounterTerrorist,426.0602,2801.944,180.1621,Knife,100,0,-52.52061,115.461,-159.375,False,False,False,127.9687,30.58594
ScreaM,CounterTerrorist,424.1017,2806.525,173.3262,Knife,100,0,-49.10175,118.0301,-190.625,False,False,False,126.2109,29.53125
ScreaM,CounterTerrorist,422.1973,2811.146,165.2695,Knife,100,0,-48.71552,118.3107,0,False,False,False,125.8594,27.77344
ScreaM,CounterTerrorist,419.7881,2814.92,164.0313,Knife,100,0,-77.48623,85.82069,0,False,False,False,126.5625,26.01563
ScreaM,CounterTerrorist,415.8787,2818.09,164.0313,Knife,100,0,-114.2172,78.18394,0,False,False,False,126.9141,24.60938
ScreaM,CounterTerrorist,410.6892,2821.001,164.0313,Knife,100,0,-144.4648,72.48121,0,False,False,False,125.1563,24.25781
ScreaM,CounterTerrorist,404.4593,2823.79,164.0313,Knife,100,0,-168.6634,71.5998,0,False,False,False,118.4766,24.60938
ScreaM,CounterTerrorist,397.4548,2826.761,164.0313,Knife,100,0,-185.2016,80.50462,0,False,False,False,104.0625,25.66406
ScreaM,CounterTerrorist,390.0774,2830.365,164.0313,Knife,100,0,-189.2796,101.5422,0,False,False,False,82.26563,26.71875
ScreaM,CounterTerrorist,382.738,2834.547,172.9803,Knife,100,0,-187.8868,107.0661,273.8684,False,False,False,50.27344,27.42188
ScreaM,CounterTerrorist,375.3987,2838.729,183.0679,Knife,100,0,-187.8868,107.0661,242.6184,False,False,False,14.76563,26.71875
ScreaM,CounterTerrorist,368.0594,2842.911,191.9349,Knife,100,0,-187.8868,107.0661,211.3684,False,False,False,340.3125,25.66406
ScreaM,CounterTerrorist,360.7201,2847.093,199.5812,Knife,100,0,-187.8868,107.0661,180.1184,False,False,False,308.6719,24.60938
ScreaM,CounterTerrorist,353.3807,2851.275,206.0067,Knife,100,0,-187.8868,107.0661,148.8684,False,False,False,281.9531,24.25781
ScreaM,CounterTerrorist,346.0414,2855.458,211.2116,Knife,100,0,-187.8868,107.0661,117.6184,False,False,False,264.375,24.96094
ScreaM,CounterTerrorist,338.7021,2859.64,215.1957,Knife,100,0,-187.8868,107.0661,86.36838,False,False,False,253.4766,26.36719
ScreaM,CounterTerrorist,331.3628,2863.822,217.9592,Knife,100,0,-187.8868,107.0661,55.11838,False,False,False,253.125,26.36719
ScreaM,CounterTerrorist,324.0234,2868.004,219.5019,Knife,100,0,-187.8868,107.0661,23.86838,False,False,False,253.125,26.36719
ScreaM,CounterTerrorist,316.6841,2872.186,219.8239,Knife,100,0,-187.8868,107.0661,-7.381622,False,False,False,253.125,26.36719
ScreaM,CounterTerrorist,309.3448,2876.368,218.9253,Knife,100,0,-187.8868,107.0661,-38.63162,False,False,False,253.125,26.36719
ScreaM,CounterTerrorist,301.9575,2880.393,216.8059,Knife,100,0,-194.0292,86.88651,-69.88162,False,False,False,253.125,26.36719
ScreaM,CounterTerrorist,293.8318,2881.991,213.4658,Knife,100,0,-210.5169,32.72017,-101.1316,False,False,False,253.125,26.36719
ScreaM,CounterTerrorist,285.6086,2883.27,208.905,Knife,100,0,-210.5169,32.72017,-132.3816,False,False,False,253.125,26.36719
ScreaM,CounterTerrorist,277.3853,2884.548,203.1236,Knife,100,0,-210.5169,32.72017,-163.6316,False,False,False,253.125,26.36719
ScreaM,CounterTerrorist,269.2639,2885.741,196.0313,Knife,100,0,-197.4758,21.84223,0,False,False,False,253.125,26.36719
ScreaM,CounterTerrorist,262.9494,2885.427,196.0313,Knife,100,0,-139.2495,-26.72609,0,False,False,False,253.125,26.36719
ScreaM,CounterTerrorist,258.2851,2883.381,196.0313,Knife,100,0,-115.2213,-69.19314,0,False,False,False,253.125,26.36719
ScreaM,CounterTerrorist,253.949,2879.811,196.0313,P2000,100,0,-107.3706,-105.0687,0,False,False,False,258.75,23.90625
ScreaM,CounterTerrorist,250.0946,2874.983,196.0313,P2000,100,0,-91.37369,-135.2843,0,False,False,False,272.8125,20.03906
ScreaM,CounterTerrorist,247.1226,2869.118,196.0313,P2000,100,0,-64.28425,-158.9353,0,False,False,False,290.7422,16.52344
ScreaM,CounterTerrorist,245.453,2862.557,196.0313,P2000,100,0,-27.37062,-172.4041,0,False,False,False,309.375,12.65625
ScreaM,CounterTerrorist,245.3703,2855.766,196.0313,P2000,100,0,14.78573,-173.4347,0,False,False,False,325.5469,9.492188
ScreaM,CounterTerrorist,246.8591,2849.066,196.0313,P2000,100,0,52.69838,-170.3463,0,False,False,False,326.25,9.492188
ScreaM,CounterTerrorist,249.6021,2842.518,196.0313,P2000,100,0,75.28853,-161.957,0,False,False,False,326.25,9.492188
ScreaM,CounterTerrorist,252.2283,2836.869,196.0313,P2000,100,0,62.19172,-133.7838,0,False,False,False,326.25,9.492188
ScreaM,CounterTerrorist,254.1349,2832.768,196.0313,P2000,100,0,45.1504,-97.12535,0,False,False,False,326.25,9.492188
ScreaM,CounterTerrorist,255.7098,2829.38,196.0313,P2000,100,0,37.29626,-80.2299,0,False,False,False,326.25,9.492188
ScreaM,CounterTerrorist,257.1547,2826.799,196.0313,P2000,100,0,39.85842,-52.48347,0,False,False,False,326.25,9.492188
ScreaM,CounterTerrorist,258.8535,2825.537,196.0313,P2000,100,0,45.29381,-19.56294,0,False,False,False,326.25,9.492188
ScreaM,CounterTerrorist,260.4009,2825.473,196.0313,P2000,100,0,32.19638,9.667932,0,False,False,False,326.25,9.492188
ScreaM,CounterTerrorist,261.2515,2826.344,196.0313,P2000,100,0,15.7919,29.46715,0,False,False,False,325.5469,8.4375
ScreaM,CounterTerrorist,261.6326,2827.846,196.0313,P2000,100,0,6.515678,44.24285,0,False,False,False,323.7891,7.03125
ScreaM,CounterTerrorist,261.7655,2829.908,196.0313,P2000,100,0,1.725811,58.46186,0,False,False,False,320.9766,6.328125
ScreaM,CounterTerrorist,261.7732,2832.526,196.0313,P2000,100,0,-0.5431448,72.75651,0,False,False,False,317.8125,4.921875
ScreaM,CounterTerrorist,261.7771,2835.681,196.0313,P2000,100,0,3.493473,84.59206,0,False,False,False,312.8906,4.21875
ScreaM,CounterTerrorist,262.3726,2839.053,196.0313,P2000,100,0,22.65839,87.34312,0,False,False,False,310.7813,3.867188
ScreaM,CounterTerrorist,263.6441,2842.513,196.0313,P2000,100,0,38.74266,89.32602,0,False,False,False,310.4297,3.164063
ScreaM,CounterTerrorist,265.477,2846.042,196.0313,P2000,100,0,52.0351,90.95688,0,False,False,False,310.4297,3.164063
ScreaM,CounterTerrorist,267.7735,2849.627,196.0313,P2000,100,0,63.01525,92.30403,0,False,False,False,310.4297,3.164063
ScreaM,CounterTerrorist,270.453,2853.26,196.0313,P2000,100,0,72.08534,93.41684,0,False,False,False,310.4297,3.164063
ScreaM,CounterTerrorist,273.4489,2856.931,196.0313,P2000,100,0,79.57763,94.33608,0,False,False,False,310.4297,3.164063
ScreaM,CounterTerrorist,276.6663,2860.589,196.0313,P2000,100,0,83.60288,92.6585,0,False,False,False,310.4297,3.164063
ScreaM,CounterTerrorist,279.9894,2864.156,196.0313,P2000,100,0,85.95474,90.48106,0,False,False,False,310.4297,3.164063
ScreaM,CounterTerrorist,283.3897,2867.649,196.0313,P2000,100,0,87.71026,88.78034,0,False,False,False,310.4297,3.164063
ScreaM,CounterTerrorist,286.8486,2871.084,196.0313,P2000,100,0,89.06327,87.42295,0,False,False,False,310.4297,3.164063
ScreaM,CounterTerrorist,290.3534,2874.473,196.0313,P2000,100,0,90.12795,86.32491,0,False,False,False,310.4297,3.164063
ScreaM,CounterTerrorist,293.8942,2877.823,196.0313,P2000,100,0,90.95828,85.44958,0,False,False,False,310.7813,3.164063
ScreaM,CounterTerrorist,297.4621,2881.145,196.0313,P2000,100,0,91.56816,84.79571,0,False,False,False,310.7813,3.164063
ScreaM,CounterTerrorist,301.0504,2884.445,196.0313,P2000,100,0,92.04099,84.28223,0,False,False,False,311.1328,3.164063
ScreaM,CounterTerrorist,304.8774,2887.398,196.0313,P2000,100,0,101.9682,69.14676,0,False,False,False,311.1328,3.164063
ScreaM,CounterTerrorist,309.0668,2889.766,196.0313,P2000,100,0,110.5505,55.29643,0,False,False,False,311.1328,3.515625
ScreaM,CounterTerrorist,313.5483,2891.647,196.0313,P2000,100,0,116.9635,43.52686,0,False,False,False,310.7813,3.867188
ScreaM,CounterTerrorist,318.2015,2893.096,196.0313,P2000,100,0,120.3532,33.01743,0,False,False,False,310.0781,3.867188
ScreaM,CounterTerrorist,322.9489,2894.202,196.0313,P2000,100,0,121.5857,28.14159,0,False,False,False,308.6719,4.21875
ScreaM,CounterTerrorist,327.6296,2895.559,196.0313,P2000,100,0,118.6287,38.75916,0,False,False,False,307.6172,4.21875
ScreaM,CounterTerrorist,331.6628,2896.832,196.0313,P2000,100,0,89.11382,25.2529,0,False,False,False,307.2656,4.21875
ScreaM,CounterTerrorist,334.2568,2897.329,196.0313,P2000,100,0,51.72371,4.828843,0,False,False,False,306.9141,3.867188
ScreaM,CounterTerrorist,335.4172,2897.125,196.0313,P2000,100,0,15.15747,-10.87327,0,False,False,False,306.9141,3.867188
ScreaM,CounterTerrorist,335.5307,2896.728,196.0313,P2000,100,0,0.8731402,-5.379429,0,False,False,False,306.9141,3.867188
ScreaM,CounterTerrorist,335.534,2896.707,196.0313,P2000,100,0,0,0,0,False,False,False,306.9141,3.867188
ScreaM,CounterTerrorist,335.534,2896.707,196.0313,P2000,100,0,0,0,0,False,False,False,306.9141,3.867188
ScreaM,CounterTerrorist,335.2842,2896.519,196.0313,P2000,100,0,-11.43005,-8.614018,0,False,False,False,306.9141,3.867188
ScreaM,CounterTerrorist,334.5698,2895.979,196.0313,P2000,100,0,-22.85736,-17.3352,0,False,False,False,307.2656,3.867188
ScreaM,CounterTerrorist,333.4446,2895.124,196.0313,P2000,100,0,-29.75488,-22.617,0,False,False,False,307.2656,3.867188
ScreaM,CounterTerrorist,332.5447,2894.44,196.0313,P2000,100,0,-18.55945,-14.10723,0,False,False,False,307.6172,3.867188
ScreaM,CounterTerrorist,332.2851,2894.243,196.0313,P2000,100,0,4.504315,3.472578,0,False,False,False,307.6172,3.867188
ScreaM,CounterTerrorist,332.7279,2894.584,196.0313,P2000,100,0,15.88885,12.24942,0,False,False,False,307.6172,3.867188
ScreaM,CounterTerrorist,332.6641,2894.535,196.0313,P2000,100,0,-8.860136,-6.830676,0,False,False,False,307.6172,3.867188
ScreaM,CounterTerrorist,332.0511,2894.063,196.0313,P2000,100,0,-20.24467,-15.60752,0,False,False,False,307.6172,3.867188
ScreaM,CounterTerrorist,330.9935,2893.247,196.0313,P2000,100,0,-31.62919,-24.38437,0,False,False,False,307.6172,3.867188
ScreaM,CounterTerrorist,329.4875,2892.094,196.0313,P2000,100,0,-43.26327,-32.82856,0,False,False,False,305.5078,4.21875
ScreaM,CounterTerrorist,327.5022,2890.647,196.0313,P2000,100,0,-56.08291,-39.48903,0,False,False,False,298.8281,4.921875
ScreaM,CounterTerrorist,324.9786,2889.019,196.0313,P2000,100,0,-70.38155,-42.4784,0,False,False,False,287.9297,6.328125
ScreaM,CounterTerrorist,321.9074,2887.389,196.0313,P2000,100,0,-83.87367,-40.8313,0,False,False,False,280.1953,7.03125
ScreaM,CounterTerrorist,318.3563,2885.86,196.0313,P2000,100,0,-95.27751,-38.22581,0,False,False,False,281.25,6.679688
ScreaM,CounterTerrorist,314.4258,2884.348,196.0313,P2000,100,0,-103.6716,-39.90119,0,False,False,False,294.2578,4.921875
ScreaM,CounterTerrorist,310.2743,2882.619,196.0313,P2000,100,0,-107.3477,-47.81915,0,False,False,False,310.0781,4.21875
ScreaM,CounterTerrorist,306.079,2880.505,196.0313,P2000,100,0,-107.0423,-58.40919,0,False,False,False,318.8672,3.867188
ScreaM,CounterTerrorist,302.2394,2878.345,196.0313,P2000,100,0,-88.19794,-47.40108,0,False,False,False,323.7891,3.515625
ScreaM,CounterTerrorist,299.5259,2877.214,196.0313,P2000,100,0,-57.72107,-17.26937,0,False,False,False,326.6016,3.515625
ScreaM,CounterTerrorist,297.9474,2877.162,196.0313,P2000,100,0,-28.9049,8.456435,0,False,False,False,329.0625,3.515625
ScreaM,CounterTerrorist,297.0781,2877.814,196.0313,P2000,100,0,-26.04929,19.45177,0,False,False,False,329.0625,3.515625
ScreaM,CounterTerrorist,295.7425,2878.625,196.0313,P2000,100,0,-40.10035,17.56195,0,False,False,False,329.0625,3.515625
ScreaM,CounterTerrorist,293.8413,2879.045,196.0313,P2000,100,0,-54.22021,6.77229,0,False,False,False,329.0625,3.515625
ScreaM,CounterTerrorist,291.4052,2879.121,196.0313,P2000,100,0,-67.77936,-1.004142,0,False,False,False,329.0625,3.515625
ScreaM,CounterTerrorist,288.4433,2878.928,196.0313,P2000,100,0,-81.03887,-7.608177,0,False,False,False,331.1719,3.867188
ScreaM,CounterTerrorist,285.018,2878.454,196.0313,P2000,100,0,-91.67958,-15.40669,0,False,False,False,338.2031,4.570313
ScreaM,CounterTerrorist,281.2401,2877.738,196.0313,P2000,100,0,-100.1646,-16.24822,0,False,False,False,344.1797,4.570313
ScreaM,CounterTerrorist,277.1289,2877.315,196.0313,P2000,100,0,-108.4833,-7.668239,0,False,False,False,348.75,4.921875
ScreaM,CounterTerrorist,272.7215,2877.164,196.0313,P2000,100,0,-115.5596,-1.561038,0,False,False,False,349.8047,5.273438
ScreaM,CounterTerrorist,268.0662,2877.22,196.0313,P2000,100,0,-121.4366,3.310079,0,False,False,False,349.8047,5.273438
ScreaM,CounterTerrorist,263.2251,2877.444,196.0313,P2000,100,0,-124.5936,7.174356,0,False,False,False,350.1563,5.273438
ScreaM,CounterTerrorist,258.3627,2877.793,196.0313,P2000,100,0,-124.3998,9.986489,0,False,False,False,350.1563,5.273438
ScreaM,CounterTerrorist,253.5079,2878.235,196.0313,P2000,100,0,-124.2084,12.13718,0,False,False,False,350.1563,5.273438
ScreaM,CounterTerrorist,248.658,2878.291,196.0313,P2000,100,0,-124.1189,-5.241193,0,False,False,False,350.5078,5.273438
ScreaM,CounterTerrorist,243.8214,2877.742,196.0313,P2000,100,0,-123.2641,-19.51898,0,False,False,False,350.5078,5.273438
ScreaM,CounterTerrorist,239.06,2876.704,196.0313,P2000,100,0,-120.8981,-30.96273,0,False,False,False,350.8594,4.570313
ScreaM,CounterTerrorist,234.7402,2874.998,196.0313,P2000,100,0,-104.1826,-51.60428,0,False,False,False,350.1563,4.21875
ScreaM,CounterTerrorist,230.9738,2872.579,196.0313,P2000,100,0,-92.02526,-68.30998,0,False,False,False,343.8281,4.21875
ScreaM,CounterTerrorist,227.5254,2869.609,196.0313,P2000,100,0,-86.69276,-80.49767,0,False,False,False,330.8203,5.273438
ScreaM,CounterTerrorist,224.1347,2866.286,196.0313,P2000,100,0,-87.61553,-87.38716,0,False,False,False,317.8125,5.976563
ScreaM,CounterTerrorist,220.6716,2862.855,196.0313,P2000,100,0,-89.0645,-87.4217,0,False,False,False,310.4297,6.328125
ScreaM,CounterTerrorist,217.17,2859.463,196.0313,P2000,100,0,-88.84972,-87.63998,0,False,False,False,308.6719,6.328125
ScreaM,CounterTerrorist,214.0016,2855.776,196.0313,P2000,100,0,-76.27517,-98.61994,0,False,False,False,308.6719,6.328125
ScreaM,CounterTerrorist,211.2875,2851.729,196.0313,P2000,100,0,-65.09727,-106.4771,0,False,False,False,308.6719,6.328125
ScreaM,CounterTerrorist,208.9769,2847.438,196.0313,P2000,100,0,-55.39993,-111.8297,0,False,False,False,308.6719,6.328125
ScreaM,CounterTerrorist,207.0079,2842.979,196.0313,P2000,100,0,-47.28057,-115.4971,0,False,False,False,308.6719,6.328125
ScreaM,CounterTerrorist,205.3217,2838.406,196.0313,P2000,100,0,-40.60691,-118.009,0,False,False,False,308.6719,6.328125
ScreaM,CounterTerrorist,203.8669,2833.753,196.0313,P2000,100,0,-35.12688,-119.7545,0,False,False,False,309.0234,6.328125
ScreaM,CounterTerrorist,202.6042,2829.045,196.0313,P2000,100,0,-30.56837,-120.9984,0,False,False,False,309.375,6.328125
ScreaM,CounterTerrorist,201.4992,2824.297,196.0313,P2000,100,0,-26.8885,-121.869,0,False,False,False,309.375,6.328125
ScreaM,CounterTerrorist,200.5172,2819.522,196.0313,P2000,100,0,-24.07411,-122.456,0,False,False,False,309.375,6.328125
ScreaM,CounterTerrorist,199.6611,2814.731,196.0313,P2000,100,0,-17.85139,-122.5914,0,False,False,False,309.375,6.328125
ScreaM,CounterTerrorist,199.44,2809.964,196.0313,P2000,100,0,1.965953,-121.6812,0,False,False,False,309.375,6.328125
ScreaM,CounterTerrorist,199.9123,2805.231,196.0313,P2000,100,0,18.46454,-120.8231,0,False,False,False,310.0781,6.328125
ScreaM,CounterTerrorist,200.9752,2800.54,196.0313,P2000,100,0,32.88221,-119.4256,0,False,False,False,313.5938,5.976563
ScreaM,CounterTerrorist,202.5885,2795.951,196.0313,P2000,100,0,46.85236,-115.6715,0,False,False,False,322.0313,4.921875
ScreaM,CounterTerrorist,204.3069,2791.389,196.0313,P2000,100,0,42.69402,-117.27,0,False,False,False,329.7656,4.570313
ScreaM,CounterTerrorist,205.9558,2786.802,196.0313,P2000,100,0,42.20454,-117.4471,0,False,False,False,335.7422,4.21875
ScreaM,CounterTerrorist,207.6212,2782.22,196.0313,P2000,100,0,42.91566,-117.1891,0,False,False,False,336.7969,3.867188
ScreaM,CounterTerrorist,209.312,2777.648,196.0313,P2000,100,0,43.51313,-116.9686,0,False,False,False,336.7969,3.867188
ScreaM,CounterTerrorist,211.0235,2773.083,196.0313,P2000,100,0,44.00368,-116.7849,0,False,False,False,336.7969,3.867188
ScreaM,CounterTerrorist,212.7521,2768.525,196.0313,P2000,100,0,44.40711,-116.6321,0,False,False,False,336.7969,3.867188
ScreaM,CounterTerrorist,214.4947,2763.972,196.0313,P2000,100,0,44.7393,-116.5051,0,False,False,False,336.7969,3.867188
ScreaM,CounterTerrorist,216.249,2759.424,196.0313,P2000,100,0,45.01306,-116.3996,0,False,False,False,336.7969,3.867188
ScreaM,CounterTerrorist,218.012,2754.879,196.0313,P2000,100,0,45.22472,-116.3175,0,False,False,False,336.7969,4.21875
ScreaM,CounterTerrorist,219.7871,2750.338,196.0313,P2000,100,0,45.62113,-116.1626,0,False,False,False,337.5,4.570313
ScreaM,CounterTerrorist,221.5837,2745.806,196.0313,P2000,100,0,46.28042,-115.9015,0,False,False,False,338.5547,4.921875
ScreaM,CounterTerrorist,223.4115,2741.287,196.0313,P2000,100,0,47.14594,-115.5521,0,False,False,False,339.2578,5.273438
ScreaM,CounterTerrorist,225.2738,2736.782,196.0313,P2000,100,0,48.02794,-115.1884,0,False,False,False,339.9609,5.625
ScreaM,CounterTerrorist,227.1725,2732.292,196.0313,P2000,100,0,49.02604,-114.7671,0,False,False,False,340.6641,5.976563
ScreaM,CounterTerrorist,229.1137,2727.82,196.0313,P2000,100,0,50.15342,-114.2789,0,False,False,False,341.7188,5.976563
ScreaM,CounterTerrorist,231.1035,2723.369,196.0313,P2000,100,0,51.50113,-113.6779,0,False,False,False,342.7734,5.976563
ScreaM,CounterTerrorist,233.1513,2718.945,196.0313,P2000,100,0,53.05642,-112.9604,0,False,False,False,344.1797,5.976563
ScreaM,CounterTerrorist,235.2643,2714.552,196.0313,P2000,100,0,54.81977,-112.1152,0,False,False,False,345.5859,5.976563
ScreaM,CounterTerrorist,237.4528,2710.196,196.0313,P2000,100,0,56.83165,-111.109,0,False,False,False,346.9922,5.976563
ScreaM,CounterTerrorist,239.717,2705.878,196.0313,P2000,100,0,58.68401,-110.1419,0,False,False,False,347.3438,5.976563
ScreaM,CounterTerrorist,242.0454,2701.595,196.0313,P2000,100,0,60.15509,-109.3453,0,False,False,False,346.9922,5.976563
ScreaM,CounterTerrorist,244.4122,2697.334,196.0313,P2000,100,0,60.72733,-109.0286,0,False,False,False,344.5313,5.976563
ScreaM,CounterTerrorist,246.9275,2693.184,196.0313,P2000,100,0,69.80516,-102.1005,0,False,False,False,342.4219,5.976563
ScreaM,CounterTerrorist,249.9668,2689.431,196.0313,P2000,100,0,82.80906,-92.32134,0,False,False,False,342.4219,5.976563
ScreaM,CounterTerrorist,253.4486,2686.029,196.0313,P2000,100,0,92.75037,-83.50094,0,False,False,False,342.4219,5.976563
ScreaM,CounterTerrorist,257.2387,2682.966,196.0313,P2000,100,0,99.58353,-75.22073,0,False,False,False,342.4219,5.976563
ScreaM,CounterTerrorist,261.2494,2680.196,196.0313,P2000,100,0,104.5223,-68.1918,0,False,False,False,342.4219,5.976563
ScreaM,CounterTerrorist,265.4194,2677.672,196.0313,P2000,100,0,108.0826,-62.39547,0,False,False,False,342.0703,5.976563
ScreaM,CounterTerrorist,269.7041,2675.347,196.0313,P2000,100,0,110.6516,-57.71712,0,False,False,False,341.7188,5.976563
ScreaM,CounterTerrorist,274.0723,2673.183,196.0313,P2000,100,0,112.5353,-53.95232,0,False,False,False,341.7188,5.976563
ScreaM,CounterTerrorist,278.5016,2671.147,196.0313,P2000,100,0,113.8783,-51.05647,0,False,False,False,341.3672,5.976563
ScreaM,CounterTerrorist,282.9725,2669.204,196.0313,P2000,100,0,114.7993,-48.95065,0,False,False,False,341.3672,5.976563
ScreaM,CounterTerrorist,287.4731,2667.331,196.0313,P2000,100,0,115.4607,-47.36954,0,False,False,False,341.0156,5.976563
ScreaM,CounterTerrorist,291.9944,2665.508,196.0313,P2000,100,0,115.9078,-46.26465,0,False,False,False,340.3125,5.976563
ScreaM,CounterTerrorist,296.5293,2663.719,196.0313,P2000,100,0,116.2044,-45.51455,0,False,False,False,340.3125,5.976563
ScreaM,CounterTerrorist,301.0737,2661.954,196.0313,P2000,100,0,116.4229,-44.95268,0,False,False,False,340.3125,5.976563
ScreaM,CounterTerrorist,305.6257,2660.209,196.0313,P2000,100,0,116.5943,-44.50625,0,False,False,False,339.9609,6.328125
ScreaM,CounterTerrorist,310.1832,2658.479,196.0313,P2000,100,0,116.7164,-44.18507,0,False,False,False,339.9609,6.328125
ScreaM,CounterTerrorist,314.7444,2656.758,196.0313,P2000,100,0,116.7895,-43.99153,0,False,False,False,339.6094,6.328125
ScreaM,CounterTerrorist,319.3069,2655.041,196.0313,P2000,100,0,116.8026,-43.9566,0,False,False,False,339.2578,6.328125
ScreaM,CounterTerrorist,323.8692,2653.323,196.0313,P2000,100,0,116.7846,-44.00457,0,False,False,False,339.2578,6.328125
ScreaM,CounterTerrorist,328.4304,2651.602,196.0313,P2000,100,0,116.7521,-44.09068,0,False,False,False,338.9063,6.328125
ScreaM,CounterTerrorist,332.9902,2649.877,196.0313,P2000,100,0,116.7193,-44.17743,0,False,False,False,338.9063,6.328125
ScreaM,CounterTerrorist,337.5478,2648.147,196.0313,P2000,100,0,116.6349,-44.39978,0,False,False,False,338.5547,6.328125
ScreaM,CounterTerrorist,342.0992,2646.401,196.0313,P2000,100,0,116.4038,-45.00214,0,False,False,False,336.7969,6.679688
ScreaM,CounterTerrorist,346.6344,2644.613,196.0313,P2000,100,0,115.8701,-46.35894,0,False,False,False,334.6875,7.03125
ScreaM,CounterTerrorist,351.1465,2642.767,196.0313,P2000,100,0,115.2721,-47.82662,0,False,False,False,333.9844,6.679688
ScreaM,CounterTerrorist,355.7672,2641.305,196.0313,P2000,100,0,120.1777,-30.95213,0,False,False,False,333.9844,6.679688
ScreaM,CounterTerrorist,360.5528,2640.431,196.0313,P2000,100,0,123.6465,-16.92853,0,False,False,False,333.9844,6.679688
ScreaM,CounterTerrorist,365.4113,2640.051,196.0313,P2000,100,0,124.6895,-5.251472,0,False,False,False,333.9844,6.679688
ScreaM,CounterTerrorist,370.2851,2640.074,196.0313,P2000,100,0,124.7295,4.194314,0,False,False,False,333.9844,6.679688
ScreaM,CounterTerrorist,375.1533,2640.321,196.0313,P2000,100,0,124.7551,3.3453,0,False,False,False,333.9844,6.679688
ScreaM,CounterTerrorist,380.0236,2640.156,196.0313,P2000,100,0,124.4703,-9.064871,0,False,False,False,332.2266,6.679688
ScreaM,CounterTerrorist,384.8569,2639.532,196.0313,P2000,100,0,123.1079,-20.48148,0,False,False,False,328.0078,7.03125
ScreaM,CounterTerrorist,389.6148,2638.477,196.0313,P2000,100,0,120.8494,-31.15219,0,False,False,False,325.1953,7.03125
ScreaM,CounterTerrorist,394.3201,2637.204,196.0313,P2000,100,0,121.3029,-29.33668,0,False,False,False,325.1953,7.03125
ScreaM,CounterTerrorist,399.1105,2636.308,196.0313,P2000,100,0,123.3481,-18.98122,0,False,False,False,325.1953,7.03125
ScreaM,CounterTerrorist,403.7737,2636.167,196.0313,P2000,100,0,116.8952,6.021988,0,False,False,False,325.1953,7.03125
ScreaM,CounterTerrorist,408.1369,2636.791,196.0313,P2000,100,0,105.2172,17.49475,0,False,False,False,325.1953,7.03125
ScreaM,CounterTerrorist,411.8071,2637.401,196.0313,P2000,100,0,86.91412,14.45146,0,False,False,False,325.1953,7.03125
ScreaM,CounterTerrorist,414.8389,2637.905,196.0313,P2000,100,0,71.79498,11.93755,0,False,False,False,325.1953,7.03125
ScreaM,CounterTerrorist,417.3182,2638.317,196.0313,P2000,100,0,57.92293,9.631009,0,False,False,False,325.1953,7.03125
ScreaM,CounterTerrorist,419.2557,2638.639,196.0313,P2000,100,0,44.05088,7.324464,0,False,False,False,324.8438,7.03125
ScreaM,CounterTerrorist,420.6514,2638.871,196.0313,P2000,100,0,30.17883,5.017919,0,False,False,False,324.8438,7.03125
ScreaM,CounterTerrorist,421.1648,2639.221,196.0313,P2000,100,0,-0.142478,12.00884,0,False,False,False,324.8438,7.03125
ScreaM,CounterTerrorist,420.7264,2639.778,196.0313,P2000,100,0,-17.07269,16.43118,0,False,False,False,324.4922,7.382813
ScreaM,CounterTerrorist,419.87,2640.509,196.0313,P2000,100,0,-20.41015,17.05137,0,False,False,False,324.4922,7.382813
ScreaM,CounterTerrorist,419.3515,2641,196.0313,P2000,100,0,-6.312251,12.66338,0,False,False,False,324.4922,7.382813
ScreaM,CounterTerrorist,419.5257,2641.722,196.0313,P2000,100,0,9.815826,22.32673,0,False,False,False,324.4922,7.382813
ScreaM,CounterTerrorist,420.1526,2642.84,196.0313,P2000,100,0,19.98564,32.90909,0,False,False,False,323.7891,7.382813
ScreaM,CounterTerrorist,421.1533,2644.383,196.0313,P2000,100,0,29.32191,43.92887,0,False,False,False,323.4375,7.382813
ScreaM,CounterTerrorist,422.5373,2646.175,196.0313,P2000,100,0,40.49078,39.33991,0,False,False,False,323.0859,7.382813
ScreaM,CounterTerrorist,424.3887,2647.117,196.0313,P2000,100,0,51.4831,14.75729,0,False,False,False,322.7344,7.382813
ScreaM,CounterTerrorist,426.6084,2647.235,196.0313,P2000,100,0,60.29388,-4.145886,0,False,False,False,322.7344,7.382813
ScreaM,CounterTerrorist,429.169,2646.714,196.0313,P2000,100,0,69.11887,-19.08219,0,False,False,False,322.7344,7.382813
ScreaM,CounterTerrorist,432.08,2645.667,196.0313,P2000,100,0,77.97165,-31.6925,0,False,False,False,322.7344,7.382813
ScreaM,CounterTerrorist,435.3018,2644.174,196.0313,P2000,100,0,85.28259,-42.31402,0,False,False,False,322.0313,7.382813
ScreaM,CounterTerrorist,438.7774,2642.309,196.0313,P2000,100,0,91.28003,-51.1418,0,False,False,False,322.0313,7.382813
ScreaM,CounterTerrorist,442.462,2640.135,196.0313,P2000,100,0,96.22747,-58.44257,0,False,False,False,322.0313,7.382813
ScreaM,CounterTerrorist,446.3181,2637.707,196.0313,P2000,100,0,100.2637,-64.53812,0,False,False,False,321.6797,7.382813
ScreaM,CounterTerrorist,450.3134,2635.063,196.0313,P2000,100,0,103.5359,-69.65206,-3.125,False,False,False,321.6797,7.382813
ScreaM,CounterTerrorist,454.3578,2632.342,195.2988,P2000,100,0,103.5359,-69.65206,-34.375,False,False,False,321.6797,7.382813
ScreaM,CounterTerrorist,458.4021,2629.621,193.3457,P2000,100,0,103.5359,-69.65206,-65.625,False,False,False,321.6797,7.382813
ScreaM,CounterTerrorist,462.4465,2626.9,190.1719,P2000,100,0,103.5359,-69.65206,-96.875,False,False,False,321.6797,7.382813
ScreaM,CounterTerrorist,466.4908,2624.179,185.7773,P2000,100,0,103.5359,-69.65206,-128.125,False,False,False,321.6797,7.03125
ScreaM,CounterTerrorist,470.5352,2621.458,180.1621,P2000,100,0,103.5359,-69.65206,-159.375,False,False,False,321.6797,6.679688
ScreaM,CounterTerrorist,474.5795,2618.737,173.3262,P2000,100,0,103.5359,-69.65206,-190.625,False,False,False,321.6797,6.679688
ScreaM,CounterTerrorist,478.6238,2616.016,165.2695,P2000,100,0,103.5359,-69.65206,-221.875,False,False,False,321.3281,6.328125
ScreaM,CounterTerrorist,482.1612,2613.625,160.0313,P2000,100,0,82.53345,-56.5312,0,False,False,False,320.9766,5.976563
ScreaM,CounterTerrorist,485.4622,2611.31,160.0313,P2000,100,0,85.8523,-61.04681,0,False,False,False,320.9766,5.625
ScreaM,CounterTerrorist,488.8984,2608.823,160.0313,P2000,100,0,89.40759,-65.42223,0,False,False,False,320.9766,5.273438
ScreaM,CounterTerrorist,492.4781,2606.166,160.0313,P2000,100,0,93.15178,-69.74333,0,False,False,False,320.9766,4.921875
ScreaM,CounterTerrorist,496.2082,2603.341,160.0313,P2000,100,0,97.07065,-74.0319,0,False,False,False,320.625,4.570313
ScreaM,CounterTerrorist,500.0761,2601.672,160.0313,P2000,100,0,100.2241,0,0,False,False,False,320.2734,4.570313
ScreaM,CounterTerrorist,504.0596,2601.672,160.0313,P2000,100,0,103.0551,0,0,False,False,False,319.9219,4.21875
ScreaM,CounterTerrorist,508.1394,2601.672,160.0313,P2000,100,0,105.2967,0,0,False,False,False,319.5703,4.21875
ScreaM,CounterTerrorist,512.2954,2601.672,160.0313,P2000,100,0,107.0698,0,0,False,False,False,319.5703,4.21875
ScreaM,CounterTerrorist,516.5119,2601.672,160.0313,P2000,100,0,108.4827,0,0,False,False,False,319.2188,4.21875
ScreaM,CounterTerrorist,520.7774,2601.672,160.0313,P2000,100,0,109.6436,0,0,False,False,False,319.2188,4.21875
ScreaM,CounterTerrorist,525.0818,2601.672,160.0313,P2000,100,0,110.4989,0,0,False,False,False,318.5156,3.867188
ScreaM,CounterTerrorist,529.408,2601.672,160.0313,P2000,100,0,110.8477,0,0,False,False,False,317.4609,3.867188
ScreaM,CounterTerrorist,533.7385,2601.672,160.0313,P2000,100,0,110.845,0,0,False,False,False,316.7578,3.867188
ScreaM,CounterTerrorist,537.6244,2601.628,160.0313,P2000,100,0,92.37341,-5.684816,0,False,False,False,316.7578,3.867188
ScreaM,CounterTerrorist,540.866,2600.796,160.0313,P2000,100,0,77.11501,-31.06664,0,False,False,False,316.7578,3.867188
ScreaM,CounterTerrorist,543.5436,2599.09,160.0313,P2000,100,0,60.43994,-50.49166,0,False,False,False,316.7578,3.867188
ScreaM,CounterTerrorist,545.2142,2596.871,160.0313,P2000,100,0,31.616,-60.59332,0,False,False,False,316.7578,3.867188
ScreaM,CounterTerrorist,545.8717,2594.323,160.0313,P2000,100,0,7.645429,-68.06806,0,False,False,False,316.7578,3.867188
ScreaM,CounterTerrorist,545.7768,2593.697,160.0313,P2000,100,0,-6.087557,0,0,False,False,False,316.7578,3.515625
ScreaM,CounterTerrorist,545.4743,2593.697,160.0313,P2000,100,0,-7.49164,0,0,True,False,False,316.7578,3.515625
ScreaM,CounterTerrorist,545.2121,2593.697,160.0313,P2000,100,0,-6.203199,0,0,True,False,False,316.4063,3.515625
ScreaM,CounterTerrorist,544.9986,2593.697,160.0313,P2000,100,0,-4.987179,0,0,True,False,False,316.0547,2.8125
ScreaM,CounterTerrorist,544.8299,2593.697,160.0313,P2000,100,0,-3.884258,0,0,True,False,False,315.7031,2.460938
ScreaM,CounterTerrorist,544.7023,2593.697,160.0313,P2000,100,0,-2.863017,0,0,False,False,False,315.3516,1.757813
ScreaM,CounterTerrorist,544.5994,2593.697,160.0313,P2000,100,0,-2.634587,0,0,False,False,False,315,1.054688
ScreaM,CounterTerrorist,544.4961,2593.697,160.0313,P2000,100,0,-2.644645,0,0,False,False,False,314.6484,0.703125
ScreaM,CounterTerrorist,544.3925,2593.697,160.0313,P2000,100,0,-2.659659,0,0,False,False,False,314.2969,0.3515625
ScreaM,CounterTerrorist,544.2886,2593.697,160.0313,P2000,100,0,-2.664644,0,0,False,False,False,314.2969,0.3515625
ScreaM,CounterTerrorist,544.1845,2593.697,160.0313,P2000,100,0,-2.664644,0,0,False,False,False,314.2969,0.3515625
ScreaM,CounterTerrorist,544.0801,2593.697,160.0313,P2000,100,0,-2.669619,0,0,False,False,False,313.9453,0.3515625
ScreaM,CounterTerrorist,543.9758,2593.697,160.0313,P2000,100,0,-2.669619,0,0,False,False,False,313.9453,0.3515625
ScreaM,CounterTerrorist,543.8714,2593.697,160.0313,P2000,100,0,-2.669619,0,0,False,False,False,313.9453,0.3515625
ScreaM,CounterTerrorist,543.8505,2593.697,160.0313,P2000,100,0,0,0,0,False,False,False,313.9453,0.3515625
ScreaM,CounterTerrorist,543.8505,2593.697,160.0313,P2000,100,0,0,0,0,False,False,False,313.9453,0.3515625
ScreaM,CounterTerrorist,543.8505,2593.697,160.0313,P2000,100,0,0,0,0,False,False,False,313.9453,0.3515625
ScreaM,CounterTerrorist,543.8505,2593.697,160.0313,P2000,100,0,0,0,0,False,False,False,313.9453,0.3515625
ScreaM,CounterTerrorist,543.8505,2593.697,160.0313,P2000,100,0,0,0,0,False,False,False,313.9453,0.3515625
ScreaM,CounterTerrorist,543.8505,2593.697,160.0313,P2000,100,0,0,0,0,False,False,False,313.9453,0.3515625
ScreaM,CounterTerrorist,543.8505,2593.697,160.0313,P2000,100,0,0,0,0,False,False,False,313.9453,0.3515625
ScreaM,CounterTerrorist,543.8505,2593.697,160.0313,P2000,100,0,0,0,0,False,False,False,313.9453,0.3515625
ScreaM,CounterTerrorist,543.8505,2593.697,160.0313,P2000,100,0,0,0,0,False,False,False,313.9453,0.3515625
ScreaM,CounterTerrorist,543.8505,2593.697,160.0313,P2000,100,0,0,0,0,False,False,False,313.9453,0.3515625
ScreaM,CounterTerrorist,543.8505,2593.697,160.0313,P2000,100,0,0,0,0,False,False,False,313.9453,0.3515625
ScreaM,CounterTerrorist,543.8505,2593.697,160.0313,P2000,100,0,0,0,0,False,False,False,313.9453,0.3515625
ScreaM,CounterTerrorist,543.8505,2593.697,160.0313,P2000,100,0,0,0,0,False,False,False,313.9453,0.3515625
ScreaM,CounterTerrorist,543.8505,2593.697,160.0313,P2000,100,0,0,0,0,False,False,False,313.9453,0.3515625
ScreaM,CounterTerrorist,543.8505,2593.697,160.0313,P2000,100,0,0,0,0,False,False,False,313.9453,0.3515625
ScreaM,CounterTerrorist,543.8505,2593.697,160.0313,P2000,100,0,0,0,0,False,False,False,313.9453,0.3515625
ScreaM,CounterTerrorist,543.8505,2593.697,160.0313,P2000,100,0,0,0,0,False,False,False,313.9453,0.3515625
ScreaM,CounterTerrorist,543.8505,2593.697,160.0313,P2000,100,0,0,0,0,False,False,False,313.9453,0.3515625
ScreaM,CounterTerrorist,543.8505,2593.697,160.0313,P2000,100,0,0,0,0,False,False,False,313.9453,0.3515625
ScreaM,CounterTerrorist,543.8505,2593.697,160.0313,P2000,100,0,0,0,0,False,False,False,313.9453,0.3515625
ScreaM,CounterTerrorist,543.8505,2593.697,160.0313,P2000,100,0,0,0,0,False,False,False,313.9453,0.3515625
ScreaM,CounterTerrorist,543.8505,2593.697,160.0313,P2000,100,0,0,0,0,False,False,False,313.9453,0.3515625
ScreaM,CounterTerrorist,543.8505,2593.697,160.0313,P2000,100,0,0,0,0,False,False,False,313.9453,0.3515625
ScreaM,CounterTerrorist,543.8505,2593.697,160.0313,P2000,100,0,0,0,0,False,False,False,313.9453,0.3515625
ScreaM,CounterTerrorist,543.8505,2593.697,160.0313,P2000,100,0,0,0,0,False,False,False,313.9453,0.3515625
ScreaM,CounterTerrorist,543.8505,2593.697,160.0313,P2000,100,0,0,0,0,False,False,False,313.9453,0.3515625
ScreaM,CounterTerrorist,543.8505,2593.697,160.0313,P2000,100,0,0,0,0,True,False,False,313.5938,0.3515625
ScreaM,CounterTerrorist,543.8505,2593.697,160.0313,P2000,100,0,0,0,0,True,False,False,313.5938,0.703125
ScreaM,CounterTerrorist,543.8505,2593.697,160.0313,P2000,100,0,0,0,0,True,False,False,313.5938,0.703125
ScreaM,CounterTerrorist,543.8505,2593.697,160.0313,P2000,100,0,0,0,0,True,False,False,313.5938,0.703125
ScreaM,CounterTerrorist,543.8505,2593.697,160.0313,P2000,100,0,0,0,0,True,False,False,313.5938,1.054688
ScreaM,CounterTerrorist,543.8505,2593.697,160.0313,P2000,100,0,0,0,0,False,False,False,313.5938,1.054688
ScreaM,CounterTerrorist,543.8505,2593.697,160.0313,P2000,100,0,0,0,0,False,False,False,313.5938,1.40625
ScreaM,CounterTerrorist,543.8505,2593.697,160.0313,P2000,100,0,0,0,0,False,False,False,313.5938,1.40625
ScreaM,CounterTerrorist,543.8505,2593.697,160.0313,P2000,100,0,0,0,0,False,False,False,313.5938,1.757813
ScreaM,CounterTerrorist,543.8505,2593.697,160.0313,P2000,100,0,0,0,0,False,False,False,313.5938,1.757813
ScreaM,CounterTerrorist,543.8505,2593.697,160.0313,P2000,100,0,0,0,0,False,False,False,313.5938,1.757813
ScreaM,CounterTerrorist,543.8505,2593.697,160.0313,P2000,100,0,0,0,0,True,False,False,313.5938,1.757813
ScreaM,CounterTerrorist,543.8505,2593.697,160.0313,P2000,100,0,0,0,0,True,False,False,313.5938,1.757813
ScreaM,CounterTerrorist,543.8505,2593.697,160.0313,P2000,100,0,0,0,0,True,False,False,313.5938,1.757813
ScreaM,CounterTerrorist,543.8505,2593.697,160.0313,P2000,100,0,0,0,0,True,False,False,313.5938,1.757813
ScreaM,CounterTerrorist,543.8505,2593.697,160.0313,P2000,100,0,0,0,0,True,False,False,313.5938,1.757813
ScreaM,CounterTerrorist,543.8505,2593.697,160.0313,P2000,100,0,0,0,0,False,False,False,313.5938,1.757813
ScreaM,CounterTerrorist,543.8505,2593.697,160.0313,P2000,100,0,0,0,0,False,False,False,313.5938,1.757813
ScreaM,CounterTerrorist,543.8505,2593.697,160.0313,P2000,100,0,0,0,0,False,False,False,313.5938,1.757813
ScreaM,CounterTerrorist,543.8505,2593.697,160.0313,P2000,100,0,0,0,0,False,False,False,313.5938,1.757813
ScreaM,CounterTerrorist,543.8505,2593.697,160.0313,P2000,100,0,0,0,0,False,False,False,313.5938,1.757813
ScreaM,CounterTerrorist,543.8505,2593.697,160.0313,P2000,100,0,0,0,0,False,False,False,313.5938,1.757813
ScreaM,CounterTerrorist,543.8505,2593.697,160.0313,P2000,100,0,0,0,0,False,False,False,313.5938,1.757813
ScreaM,CounterTerrorist,543.8505,2593.697,160.0313,P2000,100,0,0,0,0,False,False,False,313.5938,1.757813
ScreaM,CounterTerrorist,543.8505,2593.697,160.0313,P2000,100,0,0,0,0,False,False,False,313.5938,1.757813
ScreaM,CounterTerrorist,543.8505,2593.697,160.0313,P2000,100,0,0,0,0,False,False,False,313.5938,1.757813
ScreaM,CounterTerrorist,543.8505,2593.697,160.0313,P2000,100,0,0,0,0,False,False,False,313.5938,1.757813
ScreaM,CounterTerrorist,543.8505,2593.697,160.0313,P2000,100,0,0,0,0,False,False,False,313.5938,1.757813
ScreaM,CounterTerrorist,543.8505,2593.697,160.0313,P2000,100,0,0,0,0,False,False,False,313.5938,1.757813
ScreaM,CounterTerrorist,543.8505,2593.697,160.0313,P2000,100,0,0,0,0,False,False,False,313.5938,1.757813
ScreaM,CounterTerrorist,543.8505,2593.697,160.0313,P2000,100,0,0,0,0,False,False,False,313.5938,1.757813
ScreaM,CounterTerrorist,543.8505,2593.697,160.0313,P2000,100,0,0,0,0,False,False,False,313.5938,1.757813
ScreaM,CounterTerrorist,543.8505,2593.697,160.0313,P2000,100,0,0,0,0,False,False,False,313.5938,1.757813
ScreaM,CounterTerrorist,543.8505,2593.697,160.0313,P2000,100,0,0,0,0,False,False,False,313.5938,1.757813
ScreaM,CounterTerrorist,543.8505,2593.697,160.0313,P2000,100,0,0,0,0,False,False,False,313.5938,1.757813
ScreaM,CounterTerrorist,543.8505,2593.697,160.0313,P2000,100,0,0,0,0,False,False,False,313.5938,1.757813
ScreaM,CounterTerrorist,543.8505,2593.697,160.0313,P2000,100,0,0,0,0,False,False,False,313.5938,1.757813
ScreaM,CounterTerrorist,543.8505,2593.697,160.0313,P2000,100,0,0,0,0,False,False,False,313.5938,1.757813
ScreaM,CounterTerrorist,543.8505,2593.697,160.0313,P2000,100,0,0,0,0,False,False,False,313.5938,1.757813
ScreaM,CounterTerrorist,543.8505,2593.697,160.0313,P2000,100,0,0,0,0,False,False,False,313.5938,1.757813
ScreaM,CounterTerrorist,543.8505,2593.697,160.0313,P2000,100,0,0,0,0,False,False,False,313.5938,1.757813
ScreaM,CounterTerrorist,543.8505,2593.697,160.0313,P2000,100,0,0,0,0,False,False,False,313.5938,1.757813
ScreaM,CounterTerrorist,543.8505,2593.697,160.0313,P2000,100,0,0,0,0,False,False,False,313.5938,1.757813
ScreaM,CounterTerrorist,543.8505,2593.697,160.0313,P2000,100,0,0,0,0,False,False,False,313.5938,1.757813
ScreaM,CounterTerrorist,543.8505,2593.697,160.0313,P2000,100,0,0,0,0,False,False,False,313.5938,1.757813
ScreaM,CounterTerrorist,543.8505,2593.697,160.0313,P2000,100,0,0,0,0,False,False,False,313.5938,1.757813
ScreaM,CounterTerrorist,543.8505,2593.697,160.0313,P2000,100,0,0,0,0,False,False,False,313.5938,1.757813
ScreaM,CounterTerrorist,543.8505,2593.697,160.0313,P2000,100,0,0,0,0,False,False,False,313.5938,1.757813
ScreaM,CounterTerrorist,543.8505,2593.697,160.0313,P2000,100,0,0,0,0,False,False,False,313.5938,1.757813
ScreaM,CounterTerrorist,543.8505,2593.697,160.0313,P2000,100,0,0,0,0,True,False,False,313.5938,1.757813
ScreaM,CounterTerrorist,543.8505,2593.697,160.0313,P2000,100,0,0,0,0,True,False,False,313.5938,1.757813
ScreaM,CounterTerrorist,543.8505,2593.697,160.0313,P2000,100,0,0,0,0,True,False,False,313.5938,1.757813
ScreaM,CounterTerrorist,543.8505,2593.697,160.0313,P2000,100,0,0,0,0,True,False,False,313.5938,1.757813
ScreaM,CounterTerrorist,543.8505,2593.697,160.0313,P2000,100,0,0,0,0,True,False,False,313.5938,1.757813
ScreaM,CounterTerrorist,543.8505,2593.697,160.0313,P2000,100,0,0,0,0,True,False,False,313.5938,1.757813
ScreaM,CounterTerrorist,543.8505,2593.697,160.0313,P2000,100,0,0,0,0,True,False,False,313.5938,1.757813
ScreaM,CounterTerrorist,543.8505,2593.697,160.0313,P2000,100,0,0,0,0,True,False,False,313.5938,1.757813
ScreaM,CounterTerrorist,543.8505,2593.697,160.0313,P2000,100,0,0,0,0,True,False,False,313.5938,1.757813
ScreaM,CounterTerrorist,543.8505,2593.697,160.0313,P2000,100,0,0,0,0,True,False,False,313.5938,1.757813
ScreaM,CounterTerrorist,543.8505,2593.697,160.0313,P2000,100,0,0,0,0,True,False,False,313.5938,1.757813
ScreaM,CounterTerrorist,543.8505,2593.697,160.0313,P2000,100,0,0,0,0,True,False,False,313.5938,1.757813
ScreaM,CounterTerrorist,543.8505,2593.697,160.0313,P2000,100,0,0,0,0,True,False,False,313.5938,1.757813
ScreaM,CounterTerrorist,543.8505,2593.697,160.0313,P2000,100,0,0,0,0,True,False,False,313.5938,1.757813
ScreaM,CounterTerrorist,543.8505,2593.697,160.0313,P2000,100,0,0,0,0,True,False,False,313.5938,1.757813
ScreaM,CounterTerrorist,543.8505,2593.697,160.0313,P2000,100,0,0,0,0,True,False,False,313.5938,1.757813
ScreaM,CounterTerrorist,543.8505,2593.697,160.0313,P2000,100,0,0,0,0,True,False,False,313.5938,1.757813
ScreaM,CounterTerrorist,543.8505,2593.697,160.0313,P2000,100,0,0,0,0,True,False,False,313.5938,1.757813
ScreaM,CounterTerrorist,543.8505,2593.697,160.0313,P2000,100,0,0,0,0,False,False,False,313.5938,1.757813
ScreaM,CounterTerrorist,543.8505,2593.697,160.0313,P2000,100,0,0,0,0,False,False,False,313.5938,1.757813
ScreaM,CounterTerrorist,543.8505,2593.697,160.0313,P2000,100,0,0,0,0,False,False,False,313.5938,1.757813
ScreaM,CounterTerrorist,543.8505,2593.697,160.0313,P2000,100,0,0,0,0,False,False,False,313.5938,1.757813
ScreaM,CounterTerrorist,543.8505,2593.697,160.0313,P2000,100,0,0,0,0,False,False,False,313.5938,1.757813
ScreaM,CounterTerrorist,543.8505,2593.697,160.0313,P2000,100,0,0,0,0,False,False,False,313.5938,1.757813
ScreaM,CounterTerrorist,543.8505,2593.697,160.0313,P2000,100,0,0,0,0,False,False,False,313.5938,1.757813
ScreaM,CounterTerrorist,543.8505,2593.697,160.0313,P2000,100,0,0,0,0,False,False,False,313.5938,1.757813
ScreaM,CounterTerrorist,543.8505,2593.697,160.0313,P2000,100,0,0,0,0,False,False,False,313.5938,1.757813
ScreaM,CounterTerrorist,543.8505,2593.697,160.0313,P2000,100,0,0,0,0,False,False,False,313.5938,1.757813
ScreaM,CounterTerrorist,543.8505,2593.697,160.0313,P2000,100,0,0,0,0,False,False,False,313.5938,1.757813
ScreaM,CounterTerrorist,543.8505,2593.697,160.0313,P2000,100,0,0,0,0,False,False,False,313.5938,1.757813
ScreaM,CounterTerrorist,543.8505,2593.697,160.0313,P2000,100,0,0,0,0,False,False,False,313.5938,1.757813
ScreaM,CounterTerrorist,543.8505,2593.697,160.0313,P2000,100,0,0,0,0,False,False,False,313.5938,1.757813
ScreaM,CounterTerrorist,543.8505,2593.697,160.0313,P2000,100,0,0,0,0,False,False,False,313.5938,1.757813
ScreaM,CounterTerrorist,543.8505,2593.697,160.0313,P2000,100,0,0,0,0,False,False,False,313.5938,1.757813
ScreaM,CounterTerrorist,543.8505,2593.697,160.0313,P2000,100,0,0,0,0,False,False,False,313.5938,1.757813
ScreaM,CounterTerrorist,543.8505,2593.697,160.0313,P2000,100,0,0,0,0,False,False,False,313.5938,1.757813
ScreaM,CounterTerrorist,543.8505,2593.697,160.0313,P2000,100,0,0,0,0,False,False,False,313.5938,1.757813
ScreaM,CounterTerrorist,543.8505,2593.697,160.0313,P2000,100,0,0,0,0,False,False,False,313.5938,1.757813
ScreaM,CounterTerrorist,543.8505,2593.697,160.0313,P2000,100,0,0,0,0,False,False,False,313.5938,1.757813
ScreaM,CounterTerrorist,543.8505,2593.697,160.0313,P2000,100,0,0,0,0,False,False,False,313.5938,1.757813
ScreaM,CounterTerrorist,543.8505,2593.697,160.0313,P2000,100,0,0,0,0,False,False,False,313.5938,1.757813
ScreaM,CounterTerrorist,543.8505,2593.697,160.0313,P2000,100,0,0,0,0,False,False,False,313.5938,1.757813
ScreaM,CounterTerrorist,543.8505,2593.697,160.0313,P2000,100,0,0,0,0,False,False,False,313.5938,1.757813
ScreaM,CounterTerrorist,543.8505,2593.697,160.0313,P2000,100,0,0,0,0,False,False,False,313.5938,1.757813
ScreaM,CounterTerrorist,543.8505,2593.697,160.0313,P2000,100,0,0,0,0,False,False,False,313.5938,1.757813
ScreaM,CounterTerrorist,543.8505,2593.697,160.0313,P2000,100,0,0,0,0,False,False,False,313.5938,1.757813
ScreaM,CounterTerrorist,543.8505,2593.697,160.0313,P2000,100,0,0,0,0,False,False,False,313.5938,1.757813
ScreaM,CounterTerrorist,543.8505,2593.697,160.0313,P2000,100,0,0,0,0,False,False,False,313.5938,1.757813
ScreaM,CounterTerrorist,543.8505,2593.697,160.0313,P2000,100,0,0,0,0,False,False,False,313.5938,1.757813
ScreaM,CounterTerrorist,543.8505,2593.697,160.0313,P2000,100,0,0,0,0,False,False,False,313.5938,1.757813
ScreaM,CounterTerrorist,543.8505,2593.697,160.0313,P2000,100,0,0,0,0,False,False,False,313.5938,1.757813
ScreaM,CounterTerrorist,543.8505,2593.697,160.0313,P2000,100,0,0,0,0,False,False,False,313.5938,1.757813
ScreaM,CounterTerrorist,543.8505,2593.697,160.0313,P2000,100,0,0,0,0,False,False,False,313.5938,1.757813
ScreaM,CounterTerrorist,543.8505,2593.697,160.0313,P2000,100,0,0,0,0,False,False,False,313.5938,1.757813
ScreaM,CounterTerrorist,543.8505,2593.697,160.0313,P2000,100,0,0,0,0,False,False,False,313.5938,1.757813
ScreaM,CounterTerrorist,543.8505,2593.697,160.0313,P2000,100,0,0,0,0,False,False,False,313.5938,1.757813
ScreaM,CounterTerrorist,543.8505,2593.697,160.0313,P2000,100,0,0,0,0,False,False,False,313.5938,1.757813
ScreaM,CounterTerrorist,543.8505,2593.697,160.0313,P2000,100,0,0,0,0,False,False,False,313.5938,1.757813
ScreaM,CounterTerrorist,543.8505,2593.697,160.0313,P2000,100,0,0,0,0,False,False,False,313.5938,1.757813
ScreaM,CounterTerrorist,543.8505,2593.697,160.0313,P2000,100,0,0,0,0,False,False,False,313.5938,1.757813
ScreaM,CounterTerrorist,543.8505,2593.697,160.0313,P2000,100,0,0,0,0,False,False,False,313.5938,1.757813
ScreaM,CounterTerrorist,543.8505,2593.697,160.0313,P2000,100,0,0,0,0,False,False,False,313.5938,1.757813
ScreaM,CounterTerrorist,543.8505,2593.697,160.0313,P2000,100,0,0,0,0,False,False,False,313.5938,1.757813
ScreaM,CounterTerrorist,543.8505,2593.697,160.0313,P2000,100,0,0,0,0,False,False,False,313.5938,1.757813
ScreaM,CounterTerrorist,543.8505,2593.697,160.0313,P2000,100,0,0,0,0,False,False,False,313.5938,1.757813
ScreaM,CounterTerrorist,543.8505,2593.697,160.0313,P2000,100,0,0,0,0,False,False,False,313.5938,1.757813
ScreaM,CounterTerrorist,543.8505,2593.697,160.0313,P2000,100,0,0,0,0,False,False,False,313.5938,2.109375
ScreaM,CounterTerrorist,543.8505,2593.697,160.0313,P2000,100,0,0,0,0,False,False,False,313.5938,2.460938
ScreaM,CounterTerrorist,543.8505,2593.697,160.0313,P2000,100,0,0,0,0,False,False,False,313.5938,2.8125
ScreaM,CounterTerrorist,543.8505,2593.697,160.0313,P2000,100,0,0,0,0,False,False,False,313.9453,3.515625
ScreaM,CounterTerrorist,543.8505,2593.697,160.0313,P2000,100,0,0,0,0,False,False,False,314.2969,4.21875
ScreaM,CounterTerrorist,543.8505,2593.697,160.0313,P2000,100,0,0,0,0,False,False,False,314.6484,4.921875
ScreaM,CounterTerrorist,543.8505,2593.697,160.0313,P2000,100,0,0,0,0,False,False,False,314.6484,5.273438
ScreaM,CounterTerrorist,543.8505,2593.697,160.0313,P2000,100,0,0,0,0,False,False,False,314.6484,5.273438
ScreaM,CounterTerrorist,543.8505,2593.697,160.0313,P2000,100,0,0,0,0,False,False,False,314.6484,5.273438
ScreaM,CounterTerrorist,543.8505,2593.697,160.0313,P2000,100,0,0,0,0,False,False,False,314.6484,5.273438
ScreaM,CounterTerrorist,543.8505,2593.697,160.0313,P2000,100,0,0,0,0,False,False,False,314.6484,5.273438
ScreaM,CounterTerrorist,543.7722,2593.776,160.0313,P2000,100,0,-6.019652,6.08935,0,False,False,False,314.6484,5.273438
ScreaM,CounterTerrorist,543.1608,2593.928,160.0313,P2000,100,0,-21.6188,2.536373,0,False,False,False,314.6484,5.273438
ScreaM,CounterTerrorist,541.978,2594,160.0313,P2000,100,0,-36.04036,1.548823,0,False,False,False,314.6484,5.273438
ScreaM,CounterTerrorist,540.2331,2594.05,160.0313,P2000,100,0,-50.4233,1.126682,0,False,False,False,315,5.273438
ScreaM,CounterTerrorist,537.9266,2594.086,160.0313,P2000,100,0,-64.80057,0.8185711,0,False,False,False,315.3516,5.273438
ScreaM,CounterTerrorist,535.0587,2594.111,160.0313,P2000,100,0,-79.12687,0.5031474,0,False,False,False,315.3516,5.273438
ScreaM,CounterTerrorist,531.6646,2594.122,160.0313,P2000,100,0,-91.74404,0.1392868,0,False,False,False,315.7031,5.625
ScreaM,CounterTerrorist,527.8304,2594.116,160.0313,P2000,100,0,-102.1634,-0.3650471,0,False,False,False,316.4063,5.625
ScreaM,CounterTerrorist,523.6329,2594.087,160.0313,P2000,100,0,-110.7638,-1.055825,0,False,False,False,316.7578,5.625
ScreaM,CounterTerrorist,519.1356,2594.025,160.0313,P2000,100,0,-117.8564,-1.960942,0,False,False,False,317.4609,5.976563
ScreaM,CounterTerrorist,514.3914,2593.923,160.0313,P2000,100,0,-123.6987,-3.053402,0,False,False,False,318.5156,5.976563
ScreaM,CounterTerrorist,509.5187,2593.781,160.0313,P2000,100,0,-124.7356,-4.007906,0,False,False,False,318.8672,5.976563
ScreaM,CounterTerrorist,504.647,2593.601,160.0313,P2000,100,0,-124.6979,-5.046752,0,False,False,False,319.9219,5.976563
ScreaM,CounterTerrorist,499.7772,2593.375,160.0313,P2000,100,0,-124.6426,-6.265575,0,False,False,False,320.625,5.976563
ScreaM,CounterTerrorist,494.9099,2593.103,160.0313,P2000,100,0,-124.5791,-7.4219,0,False,False,False,320.9766,5.976563
ScreaM,CounterTerrorist,490.045,2592.79,160.0313,P2000,100,0,-124.5165,-8.40646,0,False,False,False,320.9766,5.976563
ScreaM,CounterTerrorist,485.1825,2592.44,160.0313,P2000,100,0,-124.4538,-9.289815,0,False,False,False,321.3281,5.976563
ScreaM,CounterTerrorist,480.3226,2592.057,160.0313,P2000,100,0,-124.3827,-10.19747,0,False,False,False,322.0313,5.625
ScreaM,CounterTerrorist,475.4659,2591.634,160.0313,P2000,100,0,-124.293,-11.23769,0,False,False,False,322.7344,5.625
ScreaM,CounterTerrorist,470.6132,2591.169,160.0313,P2000,100,0,-124.1877,-12.34756,0,False,False,False,323.0859,5.625
ScreaM,CounterTerrorist,465.7646,2590.662,160.0313,P2000,100,0,-124.0816,-13.37172,0,False,False,False,323.4375,5.625
ScreaM,CounterTerrorist,460.9199,2590.119,160.0313,P2000,100,0,-123.9846,-14.24269,0,False,False,False,323.4375,5.625
ScreaM,CounterTerrorist,456.0826,2589.851,160.0313,P2000,100,0,-123.7191,0.3726357,0,False,False,False,323.7891,5.976563
ScreaM,CounterTerrorist,451.2542,2590.237,160.0313,P2000,100,0,-123.5552,15.79715,0,False,False,False,324.1406,5.976563
ScreaM,CounterTerrorist,446.5395,2591.204,160.0313,P2000,100,0,-115.4977,32.71093,0,False,False,False,325.1953,6.328125
ScreaM,CounterTerrorist,442.3969,2592.969,160.0313,P2000,100,0,-100.1637,52.97137,0,False,False,False,325.5469,6.328125
ScreaM,CounterTerrorist,438.788,2595.44,164.0313,P2000,100,0,-87.52515,69.70229,0,False,False,False,325.5469,6.328125
ScreaM,CounterTerrorist,435.62,2598.496,164.0313,P2000,100,0,-77.08513,83.52279,0,False,False,False,325.5469,6.328125
ScreaM,CounterTerrorist,432.8036,2602.016,166.3418,P2000,100,0,-70.05672,92.827,292.6184,False,False,False,325.5469,6.328125
ScreaM,CounterTerrorist,430.0669,2605.641,177.1618,P2000,100,0,-70.05672,92.827,261.3684,False,False,False,325.5469,6.328125
ScreaM,CounterTerrorist,427.3303,2609.267,186.7612,P2000,100,0,-70.05672,92.827,230.1184,False,False,False,325.5469,6.328125
ScreaM,CounterTerrorist,425.8133,2611.769,195.1399,P2000,100,0,17.56629,17.56629,198.8684,False,False,False,325.1953,6.328125
ScreaM,CounterTerrorist,426.6829,2613.033,202.2979,P2000,100,0,21.87128,34.48584,167.6184,False,False,False,325.1953,6.328125
ScreaM,CounterTerrorist,427.5372,2614.381,208.2351,P2000,100,0,21.87128,34.48584,136.3684,False,False,False,325.1953,6.328125
ScreaM,CounterTerrorist,428.3915,2615.729,212.9517,P2000,100,0,21.87128,34.48584,105.1184,False,False,False,325.1953,6.328125
ScreaM,CounterTerrorist,429.2459,2617.076,216.4476,P2000,100,0,21.87128,34.48584,73.86838,False,False,False,325.1953,6.328125
ScreaM,CounterTerrorist,430.1002,2618.424,218.7227,P2000,100,0,21.87128,34.48584,42.61838,False,False,False,325.1953,6.328125
ScreaM,CounterTerrorist,430.9546,2619.772,219.7772,P2000,100,0,21.87128,34.48584,11.36838,False,False,False,325.1953,6.328125
ScreaM,CounterTerrorist,431.8089,2621.119,219.6109,P2000,100,0,21.87128,34.48584,-19.88162,False,False,False,325.1953,6.328125
ScreaM,CounterTerrorist,432.6632,2622.467,218.224,P2000,100,0,21.87128,34.48584,-51.13162,False,False,False,325.1953,6.328125
ScreaM,CounterTerrorist,433.5176,2623.815,215.6163,P2000,100,0,21.87128,34.48584,-82.38162,False,False,False,325.1953,6.328125
ScreaM,CounterTerrorist,434.3719,2625.162,211.788,P2000,100,0,21.87128,34.48584,-113.6316,False,False,False,325.1953,6.328125
ScreaM,CounterTerrorist,435.2263,2626.51,206.7389,P2000,100,0,21.87128,34.48584,-144.8816,False,False,False,325.1953,6.328125
ScreaM,CounterTerrorist,436.0806,2627.858,200.4692,P2000,100,0,21.87128,34.48584,-176.1316,False,False,False,324.4922,6.679688
ScreaM,CounterTerrorist,436.8643,2629.094,196.0313,P2000,100,0,17.35232,27.3605,0,False,False,False,323.7891,7.03125
ScreaM,CounterTerrorist,437.3656,2629.885,196.0313,P2000,100,0,9.820712,15.48494,0,False,False,False,323.4375,7.382813
ScreaM,CounterTerrorist,437.5727,2630.212,196.0313,P2000,100,0,2.28911,3.609386,0,False,False,False,323.4375,7.382813
ScreaM,CounterTerrorist,437.5788,2630.222,196.0313,P2000,100,0,0,0,0,False,False,False,323.4375,7.382813
ScreaM,CounterTerrorist,437.5788,2630.222,196.0313,P2000,100,0,0,0,0,False,False,False,323.4375,7.382813
ScreaM,CounterTerrorist,437.5788,2630.222,196.0313,P2000,100,0,0,0,0,False,False,False,323.4375,7.382813
ScreaM,CounterTerrorist,437.7029,2630.379,196.0313,P2000,100,0,7.145906,8.929115,0,False,False,False,320.625,7.03125
ScreaM,CounterTerrorist,438.2146,2630.972,196.0313,P2000,100,0,17.3033,19.12147,0,False,False,False,315,7.03125
ScreaM,CounterTerrorist,439.1501,2631.936,196.0313,P2000,100,0,28.3474,28.39568,0,False,False,False,312.8906,7.03125
ScreaM,CounterTerrorist,440.5106,2633.268,196.0313,P2000,100,0,39.12588,37.92324,0,False,False,False,312.8906,7.03125
ScreaM,CounterTerrorist,442.2891,2634.975,196.0313,P2000,100,0,49.78731,47.57072,0,False,False,False,312.8906,7.03125
ScreaM,CounterTerrorist,444.4804,2637.059,196.0313,P2000,100,0,60.18394,57.07446,0,False,False,False,312.8906,7.03125
ScreaM,CounterTerrorist,447.0433,2639.482,196.0313,P2000,100,0,69.00371,65.14618,0,False,False,False,312.8906,7.03125
ScreaM,CounterTerrorist,449.9142,2642.187,196.0313,P2000,100,0,76.31073,71.7907,0,False,False,False,312.8906,7.03125
ScreaM,CounterTerrorist,453.0405,2645.122,196.0313,P2000,100,0,82.35966,77.26537,0,False,False,False,312.8906,7.03125
ScreaM,CounterTerrorist,456.3785,2648.248,196.0313,P2000,100,0,87.399,81.74171,0,False,False,False,312.5391,7.03125
ScreaM,CounterTerrorist,459.8922,2651.526,196.0313,P2000,100,0,91.34501,85.03604,0,False,False,False,312.1875,7.03125
ScreaM,CounterTerrorist,463.4651,2654.843,196.0313,P2000,100,0,91.54997,84.81533,0,False,False,False,311.8359,7.03125
ScreaM,CounterTerrorist,467.0473,2658.149,196.0313,P2000,100,0,91.81606,84.52722,0,False,False,False,311.4844,7.03125
ScreaM,CounterTerrorist,470.6416,2661.443,196.0313,P2000,100,0,92.15396,84.1587,0,False,False,False,311.1328,7.03125
ScreaM,CounterTerrorist,474.2504,2664.72,196.0313,P2000,100,0,92.54486,83.72866,0,False,False,False,310.7813,7.03125
ScreaM,CounterTerrorist,477.8749,2667.98,196.0313,P2000,100,0,92.94393,83.28544,0,False,False,False,310.4297,7.03125
ScreaM,CounterTerrorist,481.515,2671.223,196.0313,P2000,100,0,93.3499,82.83016,0,False,False,False,310.0781,7.03125
ScreaM,CounterTerrorist,485.1718,2674.447,196.0313,P2000,100,0,93.80167,82.31821,0,False,False,False,309.375,7.03125
ScreaM,CounterTerrorist,488.8481,2677.649,196.0313,P2000,100,0,94.33339,81.70833,0,False,False,False,309.0234,7.03125
ScreaM,CounterTerrorist,492.5464,2680.825,196.0313,P2000,100,0,94.91314,81.03416,0,False,False,False,308.3203,7.03125
ScreaM,CounterTerrorist,496.2682,2683.973,196.0313,P2000,100,0,95.52343,80.31384,0,False,False,False,307.9688,7.03125
ScreaM,CounterTerrorist,499.9275,2687.028,196.0313,P2000,100,0,88.81904,74.01434,0,False,False,False,307.6172,7.03125
ScreaM,CounterTerrorist,503.0256,2689.61,196.0313,P2000,100,0,73.36852,61.13917,0,False,False,False,306.9141,7.03125
ScreaM,CounterTerrorist,505.5848,2691.743,196.0313,P2000,100,0,60.60569,50.5037,0,False,False,False,306.2109,7.03125
ScreaM,CounterTerrorist,507.8634,2693.642,195.543,P2000,100,0,58.33298,48.60981,-28.125,False,False,False,305.5078,7.03125
ScreaM,CounterTerrorist,510.6223,2694.861,193.834,P2000,100,0,79.30119,18.88826,-59.375,False,False,False,304.8047,7.03125
ScreaM,CounterTerrorist,513.7226,2695.595,190.9043,P2000,100,0,79.38445,18.76883,-90.625,False,False,False,304.8047,7.03125
ScreaM,CounterTerrorist,516.8287,2696.321,186.7539,P2000,100,0,79.55045,18.52923,-121.875,False,False,False,304.8047,7.03125
ScreaM,CounterTerrorist,519.7546,2696.036,181.3828,P2000,100,0,68.14355,-43.36646,-153.125,False,False,False,304.4531,7.03125
ScreaM,CounterTerrorist,522.4156,2694.338,174.791,P2000,100,0,68.11661,-43.50795,-184.375,False,False,False,304.1016,7.03125
ScreaM,CounterTerrorist,525.0762,2692.637,166.9785,P2000,100,0,68.08938,-43.6495,-215.625,False,False,False,304.1016,6.679688
ScreaM,CounterTerrorist,527.394,2690.28,164.0313,P2000,100,0,50.89802,-76.43491,0,False,False,False,304.1016,6.679688
ScreaM,CounterTerrorist,529.004,2686.477,160.0313,P2000,100,0,40.43002,-109.3686,0,False,False,False,303.3984,6.679688
ScreaM,CounterTerrorist,531.0606,2681.686,160.0313,P2000,100,0,60.27454,-130.9637,0,False,False,False,303.3984,6.328125
ScreaM,CounterTerrorist,533.8084,2676.141,160.0313,P2000,100,0,76.6376,-148.8217,0,False,False,False,303.3984,6.328125
ScreaM,CounterTerrorist,537.127,2669.973,160.0313,P2000,100,0,90.15422,-163.5732,0,False,False,False,303.3984,6.328125
ScreaM,CounterTerrorist,540.917,2663.291,160.0313,P2000,100,0,101.3195,-175.7585,0,False,False,False,303.3984,6.328125
ScreaM,CounterTerrorist,545.0121,2656.275,166.8163,P2000,100,0,105.2215,-180.017,280.1184,False,False,False,303.3984,6.328125
ScreaM,CounterTerrorist,549.1223,2649.242,177.1481,P2000,100,0,105.2215,-180.017,248.8684,False,False,False,303.3984,6.328125
ScreaM,CounterTerrorist,553.2324,2642.21,186.2592,P2000,100,0,105.2215,-180.017,217.6184,False,False,False,303.0469,6.679688
ScreaM,CounterTerrorist,557.3425,2635.177,194.1496,P2000,100,0,105.2215,-180.017,186.3684,False,False,False,303.0469,6.679688
ScreaM,CounterTerrorist,560.4194,2629.729,200.8193,P2000,100,0,60.81029,-111.9428,155.1184,False,False,False,303.0469,7.03125
ScreaM,CounterTerrorist,561.8708,2626.773,206.2682,P2000,100,0,28.21115,-61.97436,123.8684,False,False,False,303.0469,7.03125
ScreaM,CounterTerrorist,562.6852,2624.793,210.4965,P2000,100,0,15.85005,-43.02707,92.61838,False,False,False,303.0469,7.03125
ScreaM,CounterTerrorist,563.0013,2623.577,213.5041,P2000,100,0,2.834457,-23.07658,61.36838,False,False,False,303.0469,7.03125
ScreaM,CounterTerrorist,562.7933,2623.164,215.291,P2000,100,0,-10.8525,-2.097011,30.11838,False,False,False,303.0469,7.03125
ScreaM,CounterTerrorist,562.0368,2623.592,215.8572,P2000,100,0,-24.96404,19.53338,-1.131622,False,False,False,303.0469,7.03125
ScreaM,CounterTerrorist,561.0618,2624.354,215.2027,P2000,100,0,-24.96404,19.53338,-32.38162,False,False,False,303.0469,6.679688
ScreaM,CounterTerrorist,560.0867,2625.117,213.3274,P2000,100,0,-24.96404,19.53338,-63.63162,False,False,False,303.0469,6.328125
ScreaM,CounterTerrorist,559.1117,2625.88,210.2315,P2000,100,0,-24.96404,19.53338,-94.88162,False,False,False,303.3984,5.976563
ScreaM,CounterTerrorist,558.1367,2626.643,205.9149,P2000,100,0,-24.96404,19.53338,-126.1316,False,False,False,303.3984,5.976563
ScreaM,CounterTerrorist,557.1616,2627.406,200.3775,P2000,100,0,-24.96404,19.53338,-157.3816,False,False,False,303.3984,5.625
ScreaM,CounterTerrorist,557.2496,2626.553,193.6195,P2000,100,0,8.033988,-30.62458,-188.6316,False,False,False,303.3984,5.273438
ScreaM,CounterTerrorist,557.5633,2625.357,185.6407,P2000,100,0,8.033988,-30.62458,-219.8816,False,False,False,303.3984,5.273438
ScreaM,CounterTerrorist,557.877,2624.161,176.4413,P2000,100,0,8.033988,-30.62458,-251.1316,False,False,False,303.3984,5.273438
ScreaM,CounterTerrorist,558.1907,2622.964,166.0211,P2000,100,0,8.033988,-30.62458,-282.3816,False,False,False,303.3984,4.921875
ScreaM,CounterTerrorist,558.601,2621.688,160.0313,P2000,100,0,11.20026,-31.37843,0,False,False,False,303.0469,4.921875
ScreaM,CounterTerrorist,558.9278,2620.773,160.0313,P2000,100,0,6.472898,-18.13434,0,False,False,False,303.0469,4.570313
ScreaM,CounterTerrorist,559.4406,2620.595,160.0313,P2000,100,0,24.54494,7.678939,0,False,False,False,303.0469,4.570313
ScreaM,CounterTerrorist,561.1248,2621.444,160.0313,P2000,100,0,55.69233,30.66719,0,False,False,False,303.0469,4.570313
ScreaM,CounterTerrorist,564.0421,2623.125,160.0313,P2000,100,0,86.93851,50.80688,0,False,False,False,301.2891,4.570313
ScreaM,CounterTerrorist,567.8572,2625.688,160.0313,P2000,100,0,98.10723,79.51956,0,False,False,False,300.2344,4.570313
ScreaM,CounterTerrorist,571.5853,2629.591,160.0313,P2000,100,0,93.77829,112.6992,0,False,False,False,299.8828,4.21875
ScreaM,CounterTerrorist,575.1629,2634.652,160.0313,P2000,100,0,90.21909,140.1025,0,False,False,False,299.8828,4.21875
ScreaM,CounterTerrorist,578.6165,2640.669,160.0313,P2000,100,0,87.27904,162.7389,0,False,False,False,299.8828,4.21875
ScreaM,CounterTerrorist,582.446,2647.106,160.0313,P2000,100,0,108.8959,162.8667,0,False,False,False,299.8828,4.21875
ScreaM,CounterTerrorist,587.2613,2653.367,160.0313,P2000,100,0,132.3575,158.4919,0,False,False,False,298.125,4.21875
ScreaM,CounterTerrorist,592.2209,2659.061,160.0313,P2000,100,0,117.4498,134.8364,0,False,False,False,287.2266,2.8125
ScreaM,CounterTerrorist,596.3177,2663.764,160.0313,P2000,100,0,97.01884,111.3809,0,False,False,False,277.3828,2.109375
ScreaM,CounterTerrorist,599.7666,2666.862,160.0313,P2000,100,0,83.3205,52.43756,0,False,False,False,274.2188,1.40625
ScreaM,CounterTerrorist,602.7629,2667.524,160.0313,P2000,100,0,72.56283,-5.248068,0,False,False,False,274.2188,1.40625
ScreaM,CounterTerrorist,605.3765,2666.175,160.0313,P2000,100,0,63.46394,-52.8513,0,False,False,False,274.2188,1.40625
ScreaM,CounterTerrorist,607.9498,2663.282,160.0313,P2000,100,0,74.49139,-83.72432,0,False,False,False,274.2188,1.40625
ScreaM,CounterTerrorist,611.7153,2660.451,160.0313,P2000,100,0,110.0964,-65.41463,0,False,False,False,274.2188,1.40625
ScreaM,CounterTerrorist,616.723,2658.259,159.6734,P2000,100,0,139.5123,-50.34956,0,False,False,False,274.2188,1.40625
ScreaM,CounterTerrorist,622.7575,2656.581,156.6562,P2000,100,0,163.8481,-38.4346,0,False,False,False,273.5156,1.054688
ScreaM,CounterTerrorist,629.6417,2655.303,153.2141,P2000,100,0,183.9866,-29.20625,0,False,False,False,272.8125,0.703125
ScreaM,CounterTerrorist,637.2291,2654.333,149.4204,P2000,100,0,200.648,-22.14369,0,False,False,False,272.1094,0.3515625
ScreaM,CounterTerrorist,645.3981,2653.597,145.3359,P2000,100,0,214.4307,-16.86755,0,False,False,False,271.4063,0.3515625
ScreaM,CounterTerrorist,654.0481,2653.035,141.0109,P2000,100,0,225.8258,-12.90331,0,False,False,False,271.0547,0
ScreaM,CounterTerrorist,663.0959,2652.6,136.487,P2000,100,0,235.2462,-10.09616,0,False,False,False,270.3516,359.6484
ScreaM,CounterTerrorist,672.3616,2652.254,131.8948,P2000,100,0,230.857,-8.126053,0,False,False,False,270,359.6484
ScreaM,CounterTerrorist,679.6241,2651.974,131.1857,P2000,100,0,151.0027,-6.545518,0,False,False,False,269.6484,359.6484
ScreaM,CounterTerrorist,683.7208,2651.756,130.8657,P2000,100,0,76.02982,-4.945121,0,False,False,False,269.2969,359.6484
ScreaM,CounterTerrorist,685.1302,2651.605,130.7556,P2000,100,0,9.500214,-2.975585,0,False,False,False,269.2969,359.6484
ScreaM,CounterTerrorist,684.3749,2651.58,130.8146,P2000,100,0,-34.78066,-0.1048966,0,False,False,False,269.6484,359.6484
ScreaM,CounterTerrorist,682.1154,2651.583,130.9911,P2000,100,0,-73.21738,0.1881201,0,False,False,False,269.6484,359.6484
ScreaM,CounterTerrorist,678.3932,2651.595,131.2819,P2000,100,0,-109.1304,0.3689074,0,False,False,False,269.6484,359.6484
ScreaM,CounterTerrorist,673.416,2651.612,131.7891,P2000,100,0,-138.8538,0.4629596,0,False,False,False,270,359.6484
ScreaM,CounterTerrorist,667.4018,2651.624,134.334,P2000,100,0,-163.4057,0.1019269,0,False,False,False,270.7031,359.6484
ScreaM,CounterTerrorist,660.5315,2651.605,137.7692,P2000,100,0,-183.6775,-0.9061943,0,False,False,False,271.4063,359.6484
ScreaM,CounterTerrorist,652.9544,2651.539,141.5577,P2000,100,0,-200.409,-2.27895,0,False,False,False,272.1094,359.6484
ScreaM,CounterTerrorist,644.794,2651.417,145.6379,P2000,100,0,-214.2222,-3.650194,0,False,False,False,272.1094,359.6484
ScreaM,CounterTerrorist,636.1519,2651.244,149.959,P2000,100,0,-225.6283,-4.893639,0,False,False,False,272.1094,359.6484
ScreaM,CounterTerrorist,627.1119,2651.025,154.479,P2000,100,0,-235.0433,-6.092545,0,False,False,False,272.4609,359.6484
ScreaM,CounterTerrorist,617.7782,2650.759,159.1458,P2000,100,0,-239.8908,-7.2383,0,False,False,False,272.8125,0
ScreaM,CounterTerrorist,608.4082,2650.452,160.0313,P2000,100,0,-239.8574,-8.273267,0,False,False,False,273.1641,0.3515625
ScreaM,CounterTerrorist,599.0397,2650.103,162.3418,P2000,100,0,-239.8234,-9.204827,292.6184,False,False,False,273.8672,0.703125
ScreaM,CounterTerrorist,589.6717,2649.743,173.1618,P2000,100,0,-239.8234,-9.204827,261.3684,False,False,False,275.2734,1.054688
ScreaM,CounterTerrorist,580.3037,2649.383,182.7612,P2000,100,0,-239.8234,-9.204827,230.1184,False,False,False,279.1406,1.757813
ScreaM,CounterTerrorist,570.9357,2649.023,191.1399,P2000,100,0,-239.8234,-9.204827,198.8684,False,False,False,285.4688,2.460938
ScreaM,CounterTerrorist,561.5677,2648.663,198.2979,P2000,100,0,-239.8234,-9.204827,167.6184,False,False,False,292.5,3.164063
ScreaM,CounterTerrorist,552.1998,2648.302,204.2351,P2000,100,0,-239.8234,-9.204827,136.3684,False,False,False,298.125,3.164063
ScreaM,CounterTerrorist,542.8318,2647.942,208.9517,P2000,100,0,-239.8234,-9.204827,105.1184,False,False,False,298.4766,3.164063
ScreaM,CounterTerrorist,533.4638,2647.582,212.4476,P2000,100,0,-239.8234,-9.204827,73.86838,False,False,False,298.4766,3.164063
ScreaM,CounterTerrorist,524.0958,2647.222,214.7227,P2000,100,0,-239.8234,-9.204827,42.61838,False,False,False,298.4766,3.164063
ScreaM,CounterTerrorist,514.7278,2646.862,215.7772,P2000,100,0,-239.8234,-9.204827,11.36838,False,False,False,298.4766,3.164063
ScreaM,CounterTerrorist,505.3597,2646.502,215.6109,P2000,100,0,-239.8234,-9.204827,-19.88162,False,False,False,298.4766,3.164063
ScreaM,CounterTerrorist,495.9916,2646.142,214.224,P2000,100,0,-239.8234,-9.204827,-51.13162,False,False,False,299.1797,3.164063
ScreaM,CounterTerrorist,486.6235,2645.782,211.6163,P2000,100,0,-239.8234,-9.204827,-82.38162,False,False,False,308.6719,4.921875
ScreaM,CounterTerrorist,477.2553,2645.422,207.788,P2000,100,0,-239.8234,-9.204827,-113.6316,False,False,False,323.4375,7.382813
ScreaM,CounterTerrorist,467.8872,2645.062,202.7389,P2000,100,0,-239.8234,-9.204827,-144.8816,False,False,False,332.9297,8.085938
ScreaM,CounterTerrorist,458.5191,2644.701,196.4692,P2000,100,0,-239.8234,-9.204827,0,False,False,False,336.4453,7.382813
ScreaM,CounterTerrorist,451.2415,2644.422,196.0313,P2000,100,0,-172.3427,-6.614803,0,False,False,False,336.4453,7.382813
ScreaM,CounterTerrorist,445.2299,2644.191,196.0313,P2000,100,0,-142.3628,-5.464125,0,False,False,False,336.4453,7.382813
ScreaM,CounterTerrorist,440.4736,2644.009,196.0313,P2000,100,0,-108.9962,-4.183458,0,False,False,False,336.4453,7.382813
ScreaM,CounterTerrorist,436.6716,2643.863,196.0313,P2000,100,0,-90.03577,-3.455724,0,False,False,False,336.4453,7.382813
ScreaM,CounterTerrorist,433.531,2643.742,196.0313,P2000,100,0,-74.3736,-2.854584,0,False,False,False,336.4453,7.382813
ScreaM,CounterTerrorist,430.9552,2643.643,196.0313,P2000,100,0,-60.32143,-2.315238,0,False,False,False,336.7969,7.382813
ScreaM,CounterTerrorist,428.9282,2643.565,196.0313,P2000,100,0,-46.26927,-1.775893,0,False,False,False,337.5,7.734375
ScreaM,CounterTerrorist,427.4502,2643.509,196.0313,P2000,100,0,-32.21711,-1.236547,0,False,False,False,338.9063,8.085938
ScreaM,CounterTerrorist,426.521,2643.473,196.0313,P2000,100,0,-18.16496,-0.6972018,0,False,False,False,339.2578,8.085938
ScreaM,CounterTerrorist,426.1408,2643.458,196.0313,P2000,100,0,-4.112803,-0.1578563,0,False,False,False,339.6094,8.085938
ScreaM,CounterTerrorist,426.0263,2643.497,196.0313,P2000,100,0,-8.027571,2.979009,0,False,False,False,339.6094,8.085938
ScreaM,CounterTerrorist,425.3969,2643.73,196.0313,P2000,100,0,-21.50451,7.980265,0,False,False,False,339.6094,8.085938
ScreaM,CounterTerrorist,424.2514,2643.764,196.0313,P2000,100,0,-34.06734,-4.043481,0,False,False,False,339.6094,8.085938
ScreaM,CounterTerrorist,422.6358,2643.485,196.0313,P2000,100,0,-46.40667,-4.734858,0,False,False,False,339.6094,8.085938
ScreaM,CounterTerrorist,420.652,2643.499,196.0313,P2000,100,0,-48.3615,1.476203,0,False,False,False,339.6094,8.085938
ScreaM,CounterTerrorist,419.0923,2643.547,196.0313,P2000,100,0,-34.30555,1.047154,0,False,False,False,339.6094,8.085938
ScreaM,CounterTerrorist,418.0817,2643.578,196.0313,P2000,100,0,-20.24959,0.6181054,0,False,False,False,339.6094,8.085938
ScreaM,CounterTerrorist,417.6201,2643.592,196.0313,P2000,100,0,-6.193634,0.1890566,0,False,False,False,338.5547,8.085938
ScreaM,CounterTerrorist,417.5937,2643.593,196.0313,P2000,100,0,0,0,0,False,False,False,337.1484,8.085938
ScreaM,CounterTerrorist,417.5937,2643.593,196.0313,P2000,100,0,0,0,0,False,False,False,337.1484,8.085938
ScreaM,CounterTerrorist,417.6346,2643.576,196.0313,P2000,100,0,5.243875,-2.202142,0,False,False,False,337.1484,8.085938
ScreaM,CounterTerrorist,418.1501,2643.359,196.0313,P2000,100,0,18.49762,-7.767994,0,False,False,False,337.1484,8.085938
ScreaM,CounterTerrorist,419.1833,2642.925,196.0313,P2000,100,0,31.75138,-13.33385,0,False,False,False,337.1484,8.085938
ScreaM,CounterTerrorist,420.6113,2642.325,196.0313,P2000,100,0,34.51738,-14.49542,0,False,False,False,336.4453,8.085938
ScreaM,CounterTerrorist,421.6558,2641.887,196.0313,P2000,100,0,21.55175,-9.050561,0,False,False,False,331.5234,7.734375
ScreaM,CounterTerrorist,422.1938,2641.661,196.0313,P2000,100,0,8.586127,-3.605705,0,False,False,False,326.6016,7.734375
ScreaM,CounterTerrorist,422.2672,2641.63,196.0313,P2000,100,0,0,0,0,False,False,False,326.6016,7.734375
ScreaM,CounterTerrorist,422.2672,2641.63,196.0313,P2000,100,0,0,0,0,False,False,False,326.6016,7.734375
ScreaM,CounterTerrorist,422.0061,2641.802,196.0313,P2000,100,0,-11.95704,7.866185,0,False,False,False,326.6016,7.734375
ScreaM,CounterTerrorist,421.2576,2642.294,196.0313,P2000,100,0,-23.96629,15.76672,0,False,False,False,326.6016,7.734375
ScreaM,CounterTerrorist,420.1649,2643.189,196.0313,P2000,100,0,-27.27297,29.82414,0,False,False,False,326.6016,7.734375
ScreaM,CounterTerrorist,419.168,2644.748,196.0313,P2000,100,0,-24.72155,46.31677,0,False,False,False,326.25,7.734375
ScreaM,CounterTerrorist,418.2547,2646.908,196.0313,P2000,100,0,-19.82193,60.62122,0,False,False,False,325.5469,7.734375
ScreaM,CounterTerrorist,417.933,2649.505,196.0313,P2000,100,0,-1.060343,70.24625,0,False,False,False,325.1953,7.382813
ScreaM,CounterTerrorist,418.2609,2652.463,196.0313,P2000,100,0,14.34501,79.29552,0,False,False,False,324.4922,7.382813
ScreaM,CounterTerrorist,419.1318,2655.743,196.0313,P2000,100,0,27.28624,86.89747,0,False,False,False,324.1406,7.382813
ScreaM,CounterTerrorist,420.457,2659.287,196.0313,P2000,100,0,38.09045,93.0942,0,False,False,False,323.7891,7.382813
ScreaM,CounterTerrorist,422.1609,2663.045,196.0313,P2000,100,0,47.08847,98.15935,0,False,False,False,323.4375,7.382813
ScreaM,CounterTerrorist,424.1799,2666.979,196.0313,P2000,100,0,54.56957,102.3078,0,False,False,False,323.4375,7.382813
ScreaM,CounterTerrorist,426.4612,2671.057,196.0313,P2000,100,0,60.80658,105.6922,0,False,False,False,323.4375,7.382813
ScreaM,CounterTerrorist,429.2014,2674.801,196.0313,P2000,100,0,75.25883,86.82578,0,False,False,False,323.0859,7.382813
ScreaM,CounterTerrorist,432.3329,2677.448,196.0313,P2000,100,0,83.2271,55.83014,0,False,False,False,322.7344,7.382813
ScreaM,CounterTerrorist,435.7413,2679.012,196.0313,P2000,100,0,89.76621,30.16949,0,False,False,False,322.7344,7.382813
ScreaM,CounterTerrorist,439.3764,2679.68,196.0313,P2000,100,0,95.11307,8.900733,0,False,False,False,322.7344,7.382813
ScreaM,CounterTerrorist,443.1625,2679.632,196.0313,P2000,100,0,95.00648,-5.22045,0,False,False,False,322.7344,7.382813
ScreaM,CounterTerrorist,446.4765,2679.45,196.0313,P2000,100,0,78.47963,-4.312327,0,False,False,False,322.3828,7.382813
ScreaM,CounterTerrorist,449.3693,2679.506,196.0313,P2000,100,0,74.66933,9.471204,0,False,False,False,322.3828,7.382813
ScreaM,CounterTerrorist,452.3601,2680.339,196.0313,P2000,100,0,77.74853,28.74928,0,False,False,False,322.3828,7.382813
ScreaM,CounterTerrorist,455.4592,2681.844,196.0313,P2000,100,0,80.33221,44.64295,0,False,False,False,322.3828,7.382813
ScreaM,CounterTerrorist,458.6484,2683.903,196.0313,P2000,100,0,82.4578,57.77851,0,False,False,False,322.3828,7.382813
ScreaM,CounterTerrorist,461.9051,2686.426,196.0313,P2000,100,0,83.82033,68.924,0,False,False,False,324.4922,7.734375
ScreaM,CounterTerrorist,465.1754,2689.361,196.0313,P2000,100,0,83.33329,79.22465,0,False,False,False,329.7656,8.4375
ScreaM,CounterTerrorist,468.3627,2692.693,196.0313,P2000,100,0,80.03931,89.30803,0,False,False,False,337.8516,9.492188
ScreaM,CounterTerrorist,471.3507,2696.411,196.0313,P2000,100,0,73.81023,98.98994,0,False,False,False,345.5859,9.84375
ScreaM,CounterTerrorist,474.0344,2700.47,196.0313,P2000,100,0,64.80275,106.6567,0,False,False,False,352.6172,10.19531
ScreaM,CounterTerrorist,476.3213,2704.773,196.0313,P2000,100,0,54.32397,112.3563,0,False,False,False,357.8906,10.54688
ScreaM,CounterTerrorist,478.1991,2709.27,196.0313,P2000,100,0,43.96569,116.7992,0,False,False,False,1.054688,10.89844
ScreaM,CounterTerrorist,479.6897,2713.91,196.0313,P2000,100,0,34.45813,119.9486,0,False,False,False,2.460938,11.25
ScreaM,CounterTerrorist,480.8916,2718.094,196.0313,P2000,100,0,28.46397,99.08296,0,False,False,False,2.8125,11.25
ScreaM,CounterTerrorist,481.9163,2720.916,196.0313,P2000,100,0,24.76273,55.27163,0,False,False,False,2.8125,11.25
ScreaM,CounterTerrorist,482.7546,2722.121,196.0313,P2000,100,0,18.63859,14.96397,0,False,False,False,2.460938,11.25
ScreaM,CounterTerrorist,483.2121,2722.092,196.0313,P2000,100,0,6.602401,-2.883817,0,False,False,False,2.460938,10.89844
ScreaM,CounterTerrorist,483.2548,2722.073,196.0313,P2000,100,0,0,0,0,False,False,False,2.109375,10.89844
ScreaM,CounterTerrorist,483.2548,2722.073,196.0313,P2000,100,0,0,0,0,False,False,False,2.460938,10.89844
ScreaM,CounterTerrorist,483.2548,2722.073,196.0313,P2000,100,0,0,0,0,False,False,False,2.8125,10.89844
ScreaM,CounterTerrorist,483.1437,2722.066,196.0313,P2000,100,0,-8.543638,-0.5679619,0,False,False,False,3.867188,10.89844
ScreaM,CounterTerrorist,482.5349,2721.884,196.0313,P2000,100,0,-18.5085,-10.53851,0,False,False,False,3.867188,11.25
ScreaM,CounterTerrorist,481.6453,2721.156,196.0313,P2000,100,0,-25.88838,-23.66815,0,False,False,False,3.867188,11.25
ScreaM,CounterTerrorist,480.4352,2719.956,196.0313,P2000,100,0,-34.45429,-35.34202,0,False,False,False,3.867188,11.25
ScreaM,CounterTerrorist,478.9756,2718.279,196.0313,P2000,100,0,-35.30771,-49.26159,0,False,False,False,3.867188,10.89844
ScreaM,CounterTerrorist,477.8147,2715.97,196.0313,P2000,100,0,-26.38977,-65.43134,0,False,False,False,4.21875,10.89844
ScreaM,CounterTerrorist,476.9433,2713.063,196.0313,P2000,100,0,-19.80288,-80.16348,0,False,False,False,4.21875,10.54688
ScreaM,CounterTerrorist,476.2989,2709.634,196.0313,P2000,100,0,-14.41811,-92.53037,0,False,False,False,4.21875,10.54688
ScreaM,CounterTerrorist,475.8445,2705.775,196.0313,P2000,100,0,-9.8904,-102.74,0,False,False,False,4.21875,10.54688
ScreaM,CounterTerrorist,475.5355,2701.558,196.0313,P2000,100,0,-6.937144,-111.2168,0,False,False,False,0.703125,10.54688
ScreaM,CounterTerrorist,475.2507,2697.047,196.0313,P2000,100,0,-8.25901,-118.0893,0,False,False,False,349.8047,10.89844
ScreaM,CounterTerrorist,475.0574,2693.169,196.0313,P2000,100,0,-0.5827153,-82.36096,0,False,False,False,335.0391,10.89844
ScreaM,CounterTerrorist,475.3665,2690.858,196.0313,P2000,100,0,13.80669,-44.41472,0,False,False,False,321.3281,10.19531
ScreaM,CounterTerrorist,475.8051,2690.084,196.0313,P2000,100,0,7.940747,-3.704639,0,False,False,False,315.3516,9.140625
ScreaM,CounterTerrorist,475.916,2690.483,196.0313,P2000,100,0,1.688847,16.3502,0,False,False,False,312.5391,8.789063
ScreaM,CounterTerrorist,475.9915,2691.458,196.0313,P2000,100,0,2.231661,30.72295,0,False,False,False,311.1328,8.4375
ScreaM,CounterTerrorist,476.1039,2692.994,196.0313,P2000,100,0,3.349246,45.05437,0,False,False,False,310.4297,8.085938
ScreaM,CounterTerrorist,476.2722,2695.089,196.0313,P2000,100,0,5.069574,59.33094,0,False,False,False,308.3203,8.085938
ScreaM,CounterTerrorist,476.5347,2697.738,196.0313,P2000,100,0,8.006591,73.44389,0,False,False,False,304.8047,7.382813
ScreaM,CounterTerrorist,476.9357,2700.92,196.0313,P2000,100,0,11.80645,86.49714,0,False,False,False,303.0469,6.328125
ScreaM,CounterTerrorist,477.8831,2704.277,196.0313,P2000,100,0,32.05921,85.53896,0,False,False,False,301.9922,6.328125
ScreaM,CounterTerrorist,479.5384,2707.598,196.0313,P2000,100,0,48.82473,84.69077,0,False,False,False,301.9922,6.328125
ScreaM,CounterTerrorist,481.7784,2710.889,196.0313,P2000,100,0,62.67381,83.99014,0,False,False,False,301.9922,6.328125
ScreaM,CounterTerrorist,484.5016,2714.156,196.0313,P2000,100,0,74.11377,83.41137,0,False,False,False,301.9922,6.328125
ScreaM,CounterTerrorist,487.6238,2717.403,196.0313,P2000,100,0,83.56368,82.93329,0,False,False,False,301.9922,6.328125
ScreaM,CounterTerrorist,491.0756,2720.634,196.0313,P2000,100,0,91.36975,82.53836,0,False,False,False,301.9922,6.328125
ScreaM,CounterTerrorist,494.7608,2723.816,196.0313,P2000,100,0,95.55245,80.27931,0,False,False,False,301.9922,5.976563
ScreaM,CounterTerrorist,498.204,2726.681,196.0313,P2000,100,0,77.60483,65.3802,0,False,False,False,301.9922,5.976563
ScreaM,CounterTerrorist,500.369,2728.626,196.0313,P2000,100,0,41.36222,39.93376,0,False,False,False,301.2891,5.625
ScreaM,CounterTerrorist,501.1887,2729.601,196.0313,P2000,100,0,7.711531,14.71191,0,False,False,False,300.9375,5.625
ScreaM,CounterTerrorist,500.9651,2729.619,196.0313,P2000,100,0,-11.01603,-5.521241,0,False,False,False,300.9375,5.273438
ScreaM,CounterTerrorist,500.292,2729.239,196.0313,P2000,100,0,-18.18713,-10.48163,0,False,False,False,300.9375,5.273438
ScreaM,CounterTerrorist,499.8672,2728.994,196.0313,P2000,100,0,-6.003224,-3.459784,0,False,False,False,300.9375,5.273438
ScreaM,CounterTerrorist,499.8533,2728.935,196.0313,P2000,100,0,2.922482,-4.879216,0,False,False,False,300.9375,5.273438
ScreaM,CounterTerrorist,500.1406,2728.455,196.0313,P2000,100,0,10.30898,-17.2113,0,False,False,False,300.9375,5.273438
ScreaM,CounterTerrorist,500.7164,2727.494,196.0313,P2000,100,0,17.69547,-29.54338,0,False,False,False,300.9375,5.273438
ScreaM,CounterTerrorist,501.5807,2726.051,196.0313,P2000,100,0,25.08196,-41.87545,0,False,False,False,300.9375,5.273438
ScreaM,CounterTerrorist,502.7336,2724.126,196.0313,P2000,100,0,32.46846,-54.20753,0,False,False,False,300.9375,5.273438
ScreaM,CounterTerrorist,504.175,2721.719,196.0313,P2000,100,0,39.85495,-66.53961,0,False,False,False,300.9375,5.273438
ScreaM,CounterTerrorist,505.8911,2718.854,196.0313,P2000,100,0,46.47879,-77.59843,0,False,False,False,300.9375,5.273438
ScreaM,CounterTerrorist,507.7528,2715.746,195.543,P2000,100,0,47.65832,-79.56771,-28.125,False,False,False,300.9375,5.273438
ScreaM,CounterTerrorist,509.6145,2712.638,193.834,P2000,100,0,47.65832,-79.56771,-59.375,False,False,False,300.9375,5.273438
ScreaM,CounterTerrorist,511.4763,2709.531,190.9043,P2000,100,0,47.65832,-79.56771,-90.625,False,False,False,300.9375,5.273438
ScreaM,CounterTerrorist,513.3379,2706.423,186.7539,P2000,100,0,47.65832,-79.56771,-121.875,False,False,False,303.0469,5.625
ScreaM,CounterTerrorist,515.1995,2703.315,181.3828,P2000,100,0,47.65832,-79.56771,-153.125,False,False,False,310.4297,5.625
ScreaM,CounterTerrorist,517.061,2700.207,174.791,P2000,100,0,47.65832,-79.56771,-184.375,False,False,False,324.8438,5.625
ScreaM,CounterTerrorist,519.6611,2698.64,166.9785,P2000,100,0,83.95125,0.6842707,-215.625,False,False,False,339.6094,5.273438
ScreaM,CounterTerrorist,522.8464,2699.188,164.0313,P2000,100,0,77.96593,24.07104,0,False,False,False,348.3984,5.273438
ScreaM,CounterTerrorist,525.6655,2700.655,164.0313,P2000,100,0,68.34216,45.96813,0,False,False,False,352.2656,4.921875
ScreaM,CounterTerrorist,528.076,2702.462,160.0313,P2000,100,0,57.06413,42.7919,0,False,False,False,351.5625,4.921875
ScreaM,CounterTerrorist,530.0413,2703.935,160.0313,P2000,100,0,45.81353,34.35518,0,False,False,False,345.9375,5.273438
ScreaM,CounterTerrorist,531.5672,2705.079,160.0313,P2000,100,0,34.56294,25.91846,0,False,False,False,333.9844,5.976563
ScreaM,CounterTerrorist,533.0294,2706.436,160.0313,P2000,100,0,40.32574,39.85654,0,False,False,False,319.2188,6.328125
ScreaM,CounterTerrorist,534.8642,2708.207,160.0313,P2000,100,0,51.95702,48.32106,0,False,False,False,304.8047,5.976563
ScreaM,CounterTerrorist,537.2139,2710.216,160.0313,P2000,100,0,65.57169,53.08397,0,False,False,False,297.7734,4.570313
ScreaM,CounterTerrorist,540.0678,2712.352,160.0313,P2000,100,0,77.81919,55.53007,0,False,False,False,295.3125,3.867188
ScreaM,CounterTerrorist,543.3582,2714.555,160.0313,P2000,100,0,88.24915,56.89999,0,False,False,False,294.6094,3.867188
ScreaM,CounterTerrorist,546.4365,2716.54,160.0313,P2000,100,0,72.89777,47.00195,0,False,False,False,294.6094,3.867188
ScreaM,CounterTerrorist,548.9791,2718.179,160.0313,P2000,100,0,60.19918,38.81435,0,False,False,False,294.2578,3.164063
ScreaM,CounterTerrorist,551.0536,2719.517,160.0313,P2000,100,0,48.38037,31.19399,0,False,False,False,293.5547,2.460938
ScreaM,CounterTerrorist,552.7162,2720.436,160.0313,P2000,100,0,40.74649,13.36622,0,False,False,False,292.5,2.109375
ScreaM,CounterTerrorist,554.2358,2720.298,160.0313,P2000,100,0,37.58532,-13.56591,0,False,False,False,291.7969,1.757813
ScreaM,CounterTerrorist,555.6596,2719.298,160.0313,P2000,100,0,36.07669,-32.94399,0,False,False,False,291.7969,1.757813
ScreaM,CounterTerrorist,557.07,2717.669,160.0313,P2000,100,0,34.98444,-43.76365,0,False,False,False,291.7969,1.757813
ScreaM,CounterTerrorist,558.2308,2716.217,160.0313,P2000,100,0,26.20372,-32.77944,0,False,False,False,291.7969,1.757813
ScreaM,CounterTerrorist,559.0486,2715.194,160.0313,P2000,100,0,17.423,-21.79523,0,False,False,False,291.7969,1.757813
ScreaM,CounterTerrorist,559.5234,2714.6,160.0313,P2000,100,0,8.642276,-10.81102,0,False,False,False,291.7969,1.757813
ScreaM,CounterTerrorist,559.6563,2714.433,160.0313,P2000,100,0,0,0,0,False,False,False,291.7969,1.757813
ScreaM,CounterTerrorist,559.6563,2714.433,160.0313,P2000,100,0,0,0,0,False,False,False,291.7969,1.40625
ScreaM,CounterTerrorist,559.2418,2714.267,160.0313,P2000,100,0,-15.94717,-6.410759,0,False,False,False,291.7969,1.40625
ScreaM,CounterTerrorist,558.3062,2713.891,160.0313,P2000,100,0,-29.2848,-11.77249,0,False,False,False,291.7969,1.054688
ScreaM,CounterTerrorist,557.0971,2713.405,160.0313,P2000,100,0,-26.79124,-10.77008,0,False,False,False,291.7969,1.054688
ScreaM,CounterTerrorist,556.387,2713.031,160.0313,P2000,100,0,-9.827168,-15.26718,0,False,False,False,291.7969,1.054688
ScreaM,CounterTerrorist,556.5745,2711.646,160.0313,P2000,100,0,16.76085,-44.85052,0,False,False,False,291.7969,1.054688
ScreaM,CounterTerrorist,558.199,2709.695,160.0313,P2000,100,0,57.34229,-53.86219,0,False,False,False,291.7969,1.054688
ScreaM,CounterTerrorist,561.2759,2707.356,160.0313,P2000,100,0,92.16154,-63.62075,0,False,False,False,291.7969,1.054688
ScreaM,CounterTerrorist,565.5654,2704.673,160.0313,P2000,100,0,120.8179,-71.92745,0,False,False,False,291.4453,1.054688
ScreaM,CounterTerrorist,570.8497,2701.689,160.0313,P2000,100,0,144.2768,-79.27168,0,False,False,False,290.3906,1.054688
ScreaM,CounterTerrorist,576.9448,2698.432,160.0313,P2000,100,0,163.3272,-86.05606,0,False,False,False,289.6875,1.054688
ScreaM,CounterTerrorist,583.694,2694.917,160.0313,P2000,100,0,178.6369,-92.55254,0,False,False,False,288.6328,1.054688
ScreaM,CounterTerrorist,590.9747,2691.222,160.0313,P2000,100,0,191.6356,-90.54552,0,False,False,False,287.5781,0.3515625
ScreaM,CounterTerrorist,598.777,2688.412,160.0313,P2000,100,0,204.8336,-60.4083,0,False,False,False,286.875,359.2969
ScreaM,CounterTerrorist,607.044,2686.638,160.0313,P2000,100,0,215.914,-36.10372,0,False,False,False,286.1719,358.5938
ScreaM,CounterTerrorist,615.7032,2685.692,160.0313,P2000,100,0,225.3299,-16.95501,0,False,False,False,284.7656,358.2422
ScreaM,CounterTerrorist,624.6975,2685.39,155.6862,P2000,100,0,233.3437,-2.02585,0,False,False,False,284.0625,358.2422
ScreaM,CounterTerrorist,633.9707,2685.604,151.0496,P2000,100,0,239.7842,10.17531,0,False,False,False,284.0625,358.2422
ScreaM,CounterTerrorist,643.3242,2686.232,146.3728,P2000,100,0,239.1938,19.65557,0,False,False,False,283.7109,358.2422
ScreaM,CounterTerrorist,652.6517,2687.171,141.7091,P2000,100,0,238.5166,26.64245,0,False,False,False,282.6563,358.2422
ScreaM,CounterTerrorist,661.9549,2688.329,137.0575,P2000,100,0,237.9418,31.36363,0,False,False,False,281.9531,357.8906
ScreaM,CounterTerrorist,671.2389,2689.631,132.4155,P2000,100,0,237.5109,34.47583,0,False,False,False,281.25,357.8906
ScreaM,CounterTerrorist,680.5093,2691.027,131.1166,P2000,100,0,237.2221,36.40987,0,False,False,False,280.5469,357.8906
ScreaM,CounterTerrorist,689.7722,2692.472,130.3929,P2000,100,0,237.0909,37.25481,0,False,False,False,279.4922,357.8906
ScreaM,CounterTerrorist,699.0331,2693.93,129.6694,P2000,100,0,237.0781,37.33599,0,False,False,False,278.7891,357.8906
ScreaM,CounterTerrorist,708.295,2695.382,128.9458,P2000,100,0,237.1348,36.9744,0,False,False,False,278.0859,357.8906
ScreaM,CounterTerrorist,717.5613,2696.806,128.2219,P2000,100,0,237.2872,35.98286,0,False,False,False,277.0313,358.2422
ScreaM,CounterTerrorist,726.8358,2698.175,128.0313,P2000,100,0,237.5287,34.35254,0,False,False,False,275.9766,358.2422
ScreaM,CounterTerrorist,736.1214,2699.467,128.0313,P2000,100,0,237.8401,32.12642,0,False,False,False,274.5703,358.2422
ScreaM,CounterTerrorist,745.4205,2700.657,128.0313,P2000,100,0,238.206,29.28964,0,False,False,False,273.5156,358.2422
ScreaM,CounterTerrorist,754.7343,2701.726,128.0313,P2000,100,0,238.5858,26.01576,0,False,False,False,272.1094,358.5938
ScreaM,CounterTerrorist,764.0632,2702.654,128.6756,P2000,100,0,238.9772,22.13405,0,False,False,False,270.7031,358.9453
ScreaM,CounterTerrorist,773.407,2703.417,129.4957,P2000,100,0,239.3396,17.79186,0,False,False,False,269.2969,358.9453
ScreaM,CounterTerrorist,782.7629,2704.012,130.3293,P2000,100,0,239.6131,13.62272,0,False,False,False,268.9453,358.9453
ScreaM,CounterTerrorist,792.1272,2704.458,131.1745,P2000,100,0,239.7917,9.998015,0,False,False,False,268.2422,358.9453
ScreaM,CounterTerrorist,801.4969,2704.771,132.03,P2000,100,0,239.9061,6.714918,0,False,False,False,267.8906,359.6484
ScreaM,CounterTerrorist,810.87,2704.958,132.895,P2000,100,0,239.974,3.535021,0,False,False,False,267.1875,0.703125
ScreaM,CounterTerrorist,820.2446,2705.054,140.0286,P2000,100,0,239.9888,2.322337,280.1184,False,False,False,266.4844,1.40625
ScreaM,CounterTerrorist,829.6193,2705.144,150.3604,P2000,100,0,239.9888,2.322337,248.8684,False,False,False,265.4297,2.109375
ScreaM,CounterTerrorist,838.994,2705.234,159.4715,P2000,100,0,239.9888,2.322337,217.6184,False,False,False,264.0234,2.8125
ScreaM,CounterTerrorist,848.3687,2705.325,176.3619,P2000,100,0,239.9888,2.322337,186.3684,False,False,False,262.2656,3.515625
ScreaM,CounterTerrorist,857.7434,2705.415,183.0316,P2000,100,0,239.9888,2.322337,155.1184,False,False,False,260.5078,4.21875
ScreaM,CounterTerrorist,867.1181,2705.505,188.4806,P2000,100,0,239.9888,2.322337,123.8684,False,False,False,256.6406,4.921875
ScreaM,CounterTerrorist,876.4928,2705.596,192.7089,P2000,100,0,239.9888,2.322337,92.61838,False,False,False,249.9609,5.976563
ScreaM,CounterTerrorist,885.8675,2705.686,195.7164,P2000,100,0,239.9888,2.322337,61.36838,False,False,False,243.2813,7.382813
ScreaM,CounterTerrorist,895.2422,2705.776,197.5033,P2000,100,0,239.9888,2.322337,30.11838,False,False,False,240.1172,8.4375
ScreaM,CounterTerrorist,904.6169,2705.867,198.0695,P2000,100,0,239.9888,2.322337,-1.131622,False,False,False,240.1172,8.4375
ScreaM,CounterTerrorist,913.9916,2705.957,197.415,P2000,100,0,239.9888,2.322337,-32.38162,False,False,False,240.1172,8.4375
ScreaM,CounterTerrorist,923.3663,2706.047,195.5397,P2000,100,0,239.9888,2.322337,-63.63162,False,False,False,240.1172,8.4375
ScreaM,CounterTerrorist,932.741,2706.138,192.4438,P2000,100,0,239.9888,2.322337,-94.88162,False,False,False,240.1172,8.4375
ScreaM,CounterTerrorist,942.1157,2706.228,188.1272,P2000,100,0,239.9888,2.322337,-126.1316,False,False,False,240.1172,8.4375
ScreaM,CounterTerrorist,951.4904,2706.318,182.5898,P2000,100,0,239.9888,2.322337,-157.3816,False,False,False,236.9531,8.4375
ScreaM,CounterTerrorist,960.8651,2706.409,166.8318,P2000,100,0,239.9888,2.322337,-188.6316,False,False,False,225,9.140625
ScreaM,CounterTerrorist,970.2397,2706.499,158.8531,P2000,100,0,239.9888,2.322337,-219.8816,False,False,False,211.6406,9.492188
ScreaM,CounterTerrorist,979.6144,2706.589,149.6536,P2000,100,0,239.9888,2.322337,-251.1316,False,False,False,199.3359,9.84375
ScreaM,CounterTerrorist,988.9891,2706.68,139.2335,P2000,100,0,239.9888,2.322337,-282.3816,False,False,False,192.6563,10.89844
ScreaM,CounterTerrorist,996.8795,2706.856,134.5513,P2000,100,0,176.6375,12.51092,0,False,False,False,192.3047,10.89844
ScreaM,CounterTerrorist,1003.674,2708.277,134.4026,P2000,100,0,172.2674,51.29467,0,False,False,False,192.3047,10.89844
ScreaM,CounterTerrorist,1010.272,2710.982,134.1854,P2000,100,0,162.9756,74.50191,0,False,False,False,192.3047,10.89844
ScreaM,CounterTerrorist,1015.958,2713.582,133.9835,P2000,100,0,134.7469,61.731,0,False,False,False,192.3047,10.89844
ScreaM,CounterTerrorist,1019.824,2715.607,133.8321,P2000,100,0,97.68648,57.5042,0,False,False,False,192.3047,10.89844
ScreaM,CounterTerrorist,1023.574,2718.146,133.6537,P2000,100,0,94.97004,69.68777,0,False,False,False,192.3047,10.89844
ScreaM,CounterTerrorist,1027.287,2721.027,133.4569,P2000,100,0,97.59425,72.73188,0,False,False,False,192.3047,10.89844
ScreaM,CounterTerrorist,1031.31,2723.698,133.2685,P2000,100,0,106.1997,65.54899,0,False,False,False,192.3047,10.89844
ScreaM,CounterTerrorist,1035.563,2726.078,133.0935,P2000,100,0,110.4772,58.05022,0,False,False,False,192.3047,10.89844
ScreaM,CounterTerrorist,1039.953,2728.196,132.9315,P2000,100,0,113.5321,51.82187,0,False,False,False,191.9531,10.89844
ScreaM,CounterTerrorist,1044.442,2730.096,132.7805,P2000,100,0,115.7536,46.64912,0,False,False,False,191.9531,10.54688
ScreaM,CounterTerrorist,1049.004,2731.816,132.6386,P2000,100,0,117.3739,42.40755,0,False,False,False,191.9531,10.54688
ScreaM,CounterTerrorist,1053.617,2733.391,132.5042,P2000,100,0,118.5437,39.01833,0,False,False,False,191.9531,10.54688
ScreaM,CounterTerrorist,1058.268,2734.852,132.3755,P2000,100,0,119.3655,36.42682,0,False,False,False,191.9531,10.54688
ScreaM,CounterTerrorist,1062.945,2736.226,132.2199,P2000,100,0,119.9646,34.40261,0,False,False,False,191.9531,10.54688
ScreaM,CounterTerrorist,1067.642,2737.531,132.067,P2000,100,0,120.4153,32.79028,0,False,False,False,191.9531,10.54688
ScreaM,CounterTerrorist,1072.354,2738.781,131.9171,P2000,100,0,120.7619,31.48982,0,False,False,False,191.9531,10.54688
ScreaM,CounterTerrorist,1077.078,2739.985,131.7699,P2000,100,0,121.0327,30.43231,0,False,False,False,191.9531,10.54688
ScreaM,CounterTerrorist,1081.811,2741.153,131.6247,P2000,100,0,121.2468,29.56774,0,False,False,False,191.9531,10.54688
ScreaM,CounterTerrorist,1086.207,2742.219,131.491,P2000,100,0,104.0895,25.24435,0,False,False,False,191.9531,10.54688
ScreaM,CounterTerrorist,1089.837,2743.1,131.3806,P2000,100,0,85.98257,20.85297,0,False,False,False,191.9531,10.54688
ScreaM,CounterTerrorist,1092.837,2743.827,131.2894,P2000,100,0,71.02547,17.22549,0,False,False,False,191.9531,10.54688
ScreaM,CounterTerrorist,1095.291,2744.422,131.2148,P2000,100,0,57.35913,13.91105,0,False,False,False,191.9531,10.54688
ScreaM,CounterTerrorist,1097.211,2744.888,131.1564,P2000,100,0,43.69281,10.59662,0,False,False,False,191.9531,10.54688
ScreaM,CounterTerrorist,1098.467,2745.197,131.1179,P2000,100,0,18.89622,4.938382,0,False,False,False,191.9531,10.54688
ScreaM,CounterTerrorist,1098.372,2745.188,131.1143,P2000,100,0,-11.19581,-2.338861,0,False,False,False,191.9531,10.54688
ScreaM,CounterTerrorist,1097.626,2745.178,131.1316,P2000,100,0,-23.48239,4.712817,0,False,False,False,191.9531,10.54688
ScreaM,CounterTerrorist,1096.467,2745.635,131.1225,P2000,100,0,-33.96993,15.86607,0,False,False,False,191.9531,10.54688
ScreaM,CounterTerrorist,1094.87,2746.462,131.097,P2000,100,0,-45.68466,24.34282,0,False,False,False,195.8203,8.789063
ScreaM,CounterTerrorist,1092.774,2747.54,131.064,P2000,100,0,-59.27657,29.11215,0,False,False,False,206.7188,5.625
ScreaM,CounterTerrorist,1090.107,2748.678,131.0362,P2000,100,0,-74.29913,28.40225,0,False,False,False,219.7266,2.460938
ScreaM,CounterTerrorist,1086.882,2749.664,131.0266,P2000,100,0,-87.71469,22.60697,0,False,False,False,229.9219,1.054688
ScreaM,CounterTerrorist,1083.191,2750.395,131.0266,P2000,100,0,-98.7313,16.28789,0,False,False,False,230.2734,1.054688
ScreaM,CounterTerrorist,1079.116,2750.906,131.0643,P2000,100,0,-107.8315,11.06804,0,False,False,False,230.2734,1.054688
ScreaM,CounterTerrorist,1074.723,2751.234,131.1208,P2000,100,0,-115.3487,6.756217,0,False,False,False,230.2734,1.054688
ScreaM,CounterTerrorist,1070.068,2751.412,131.1693,P2000,100,0,-121.5582,3.194454,0,False,False,False,230.2734,1.054688
ScreaM,CounterTerrorist,1065.219,2751.467,131.2551,P2000,100,0,-124.7996,0.3175641,0,False,False,False,230.2734,1.054688
ScreaM,CounterTerrorist,1060.344,2751.427,131.3337,P2000,100,0,-124.786,-1.870463,0,False,False,False,230.2734,1.054688
ScreaM,CounterTerrorist,1055.47,2751.311,131.4169,P2000,100,0,-124.7477,-3.611246,0,False,False,False,230.2734,1.054688
ScreaM,CounterTerrorist,1050.599,2751.134,131.5038,P2000,100,0,-124.6936,-5.151145,0,False,False,False,230.9766,1.054688
ScreaM,CounterTerrorist,1045.729,2750.897,131.5944,P2000,100,0,-124.6211,-6.679786,0,False,False,False,231.3281,1.054688
ScreaM,CounterTerrorist,1040.863,2750.601,131.6884,P2000,100,0,-124.5329,-8.160743,0,False,False,False,232.0313,1.054688
ScreaM,CounterTerrorist,1036.001,2750.248,131.7626,P2000,100,0,-124.4247,-9.67109,0,False,False,False,233.0859,1.054688
ScreaM,CounterTerrorist,1031.144,2749.829,131.8211,P2000,100,0,-124.2721,-11.46682,0,False,False,False,234.4922,1.054688
ScreaM,CounterTerrorist,1026.198,2749.484,131.9066,P2000,100,0,-132.2144,-0.5228022,0,False,False,False,236.6016,0.703125
ScreaM,CounterTerrorist,1020.594,2750.086,131.9223,P2000,100,0,-150.6934,25.09362,0,False,False,False,239.4141,0.703125
ScreaM,CounterTerrorist,1014.317,2751.535,131.9178,P2000,100,0,-167.0802,44.33412,0,False,False,False,241.875,0.3515625
ScreaM,CounterTerrorist,1007.447,2753.614,131.8753,P2000,100,0,-181.4799,58.60142,0,False,False,False,243.6328,0.3515625
ScreaM,CounterTerrorist,1000.062,2756.166,131.8122,P2000,100,0,-193.8588,69.40487,0,False,False,False,244.6875,0.3515625
ScreaM,CounterTerrorist,992.2365,2759.077,131.7339,P2000,100,0,-204.4,77.65623,0,False,False,False,245.7422,0.3515625
ScreaM,CounterTerrorist,984.0386,2762.266,131.6732,P2000,100,0,-213.2989,84.05039,0,False,False,False,246.0938,0.3515625
ScreaM,CounterTerrorist,975.5287,2765.673,131.64,P2000,100,0,-220.7094,89.19885,0,False,False,False,246.0938,0.3515625
ScreaM,CounterTerrorist,966.8399,2769.157,131.6058,P2000,100,0,-223.5526,83.70715,0,False,False,False,246.4453,0.3515625
ScreaM,CounterTerrorist,957.9542,2771.645,131.6233,P2000,100,0,-229.8912,51.06517,0,False,False,False,247.1484,0.3515625
ScreaM,CounterTerrorist,948.854,2772.977,131.7004,P2000,100,0,-234.8354,23.38853,0,False,False,False,248.2031,0.703125
ScreaM,CounterTerrorist,939.5859,2773.927,131.7989,P2000,100,0,-238.1239,29.94982,0,False,False,False,249.2578,0.703125
ScreaM,CounterTerrorist,930.3214,2775.358,131.8605,P2000,100,0,-236.5274,40.67898,0,False,False,False,249.9609,0.703125
ScreaM,CounterTerrorist,921.1177,2777.14,131.9307,P2000,100,0,-235.0316,48.58142,0,False,False,False,251.0156,1.054688
ScreaM,CounterTerrorist,911.9664,2779.176,131.9496,P2000,100,0,-233.8108,54.15274,0,False,False,False,251.7188,1.40625
ScreaM,CounterTerrorist,902.8546,2781.381,131.8251,P2000,100,0,-232.9393,57.7863,0,False,False,False,252.4219,1.757813
ScreaM,CounterTerrorist,893.7695,2783.694,131.6841,P2000,100,0,-232.369,60.03853,0,False,False,False,253.125,1.757813
ScreaM,CounterTerrorist,884.5939,2783.992,131.6659,P2000,100,0,-237.4242,0,0,False,False,False,253.8281,1.757813
ScreaM,CounterTerrorist,875.2321,2783.992,131.368,P2000,100,0,-239.9831,0,0,False,False,False,254.1797,2.109375
ScreaM,CounterTerrorist,865.8605,2783.828,130.7923,P2000,100,0,-239.7017,-11.96207,0,False,False,False,254.5313,2.109375
ScreaM,CounterTerrorist,856.5209,2783.023,130.2577,P2000,100,0,-239.3222,-18.02402,0,False,False,False,254.5313,2.109375
ScreaM,CounterTerrorist,847.1528,2782.706,129.6915,P2000,100,0,-239.9915,-2.020268,0,False,False,False,255.2344,2.109375
ScreaM,CounterTerrorist,837.7811,2782.917,129.0929,P2000,100,0,-239.8,9.795854,0,False,False,False,256.9922,1.054688
ScreaM,CounterTerrorist,828.424,2783.491,128.4885,P2000,100,0,-239.3656,17.4385,0,False,False,False,259.4531,359.2969
ScreaM,CounterTerrorist,819.0743,2783.98,128.4885,P2000,100,0,-239.9953,1.501522,0,False,False,False,261.5625,357.8906
ScreaM,CounterTerrorist,809.6996,2783.991,128.3961,P2000,100,0,-239.9968,0,0,False,False,False,263.3203,357.5391
ScreaM,CounterTerrorist,800.3252,2784.081,128.2507,P2000,100,0,-239.9576,4.513084,0,False,False,False,263.3203,357.5391
ScreaM,CounterTerrorist,790.9546,2784.366,128.1078,P2000,100,0,-239.8327,8.960204,0,False,False,False,263.3203,357.5391
ScreaM,CounterTerrorist,781.5895,2784.796,128.0313,P2000,100,0,-239.6899,12.19537,0,False,False,False,263.6719,358.2422
ScreaM,CounterTerrorist,772.2297,2785.328,128.0313,P2000,100,0,-239.5661,14.42565,0,False,False,False,264.375,358.5938
ScreaM,CounterTerrorist,762.8736,2785.922,128.0313,P2000,100,0,-239.4942,15.57269,0,False,False,False,265.4297,358.5938
ScreaM,CounterTerrorist,753.5186,2786.533,128.0313,P2000,100,0,-239.4961,15.54403,0,False,False,False,267.1875,358.5938
ScreaM,CounterTerrorist,744.1616,2787.113,128.0313,P2000,100,0,-239.5779,14.22776,0,False,False,False,268.5938,358.5938
ScreaM,CounterTerrorist,734.8005,2787.623,130.3418,P2000,100,0,-239.6725,12.53354,292.6184,False,False,False,270,358.5938
ScreaM,CounterTerrorist,725.4383,2788.113,150.1618,P2000,100,0,-239.6725,12.53354,261.3684,False,False,False,271.0547,358.5938
ScreaM,CounterTerrorist,716.0761,2788.602,159.7612,P2000,100,0,-239.6725,12.53354,230.1184,False,False,False,272.1094,358.9453
ScreaM,CounterTerrorist,706.7139,2789.092,168.1399,P2000,100,0,-239.6725,12.53354,198.8684,False,False,False,273.1641,0
ScreaM,CounterTerrorist,697.3517,2789.581,175.2979,P2000,100,0,-239.6725,12.53354,167.6184,False,False,False,274.2188,0.703125
ScreaM,CounterTerrorist,687.9896,2790.071,181.2351,P2000,100,0,-239.6725,12.53354,136.3684,False,False,False,274.5703,0.703125
ScreaM,CounterTerrorist,678.6274,2790.56,185.9517,P2000,100,0,-239.6725,12.53354,105.1184,False,False,False,274.5703,0.703125
ScreaM,CounterTerrorist,669.2652,2791.05,189.4476,P2000,100,0,-239.6725,12.53354,73.86838,False,False,False,274.5703,0.703125
ScreaM,CounterTerrorist,659.903,2791.539,191.7227,P2000,100,0,-239.6725,12.53354,42.61838,False,False,False,274.5703,0.703125
ScreaM,CounterTerrorist,654.3884,2791.816,192.0313,P2000,100,0,-76.26795,3.021254,0,False,False,False,274.5703,0.703125
ScreaM,CounterTerrorist,651.3206,2791.888,192.0313,P2000,100,0,-80.03541,1.098422,0,False,False,False,274.5703,0.703125
ScreaM,CounterTerrorist,648.1411,2791.894,192.0313,P2000,100,0,-81.59899,-0.4053979,0,False,False,False,274.5703,0.703125
ScreaM,CounterTerrorist,644.954,2791.85,192.0313,P2000,100,0,-81.58545,-1.541149,0,False,False,False,274.5703,0.703125
ScreaM,CounterTerrorist,641.7677,2791.764,192.0313,P2000,100,0,-81.55624,-2.671848,0,False,False,False,275.9766,1.054688
ScreaM,CounterTerrorist,638.5829,2791.633,192.0313,P2000,100,0,-81.51015,-3.828245,0,False,False,False,276.6797,1.054688
ScreaM,CounterTerrorist,635.3524,2791.445,192.0313,P2000,100,0,-83.8545,-5.547642,0,True,False,False,278.7891,1.757813
ScreaM,CounterTerrorist,632.0182,2791.185,192.0313,P2000,100,0,-86.28527,-7.405955,0,True,False,False,279.8438,2.8125
ScreaM,CounterTerrorist,628.6002,2790.854,192.0313,P2000,100,0,-88.26154,-9.126883,0,True,False,False,280.1953,3.164063
ScreaM,CounterTerrorist,625.1138,2790.461,192.0313,P2000,100,0,-89.86356,-10.71457,0,True,False,False,280.8984,2.8125
ScreaM,CounterTerrorist,621.2699,2789.939,192.0313,P2000,100,0,-110.276,-16.46604,0,False,False,False,282.3047,2.460938
ScreaM,CounterTerrorist,616.2826,2789.102,192.0313,P2000,100,0,-138.534,-24.63413,0,False,False,False,283.3594,2.8125
ScreaM,CounterTerrorist,610.3127,2787.967,192.0313,P2000,100,0,-161.7617,-31.86505,0,False,False,False,283.7109,2.8125
ScreaM,CounterTerrorist,603.6192,2786.601,191.8848,P2000,100,0,-173.672,-35.74252,-15.625,False,False,False,284.4141,2.8125
ScreaM,CounterTerrorist,596.8351,2785.204,190.6641,P2000,100,0,-173.672,-35.74252,-46.875,False,False,False,285.8203,2.8125
ScreaM,CounterTerrorist,590.0511,2783.808,188.2227,P2000,100,0,-173.672,-35.74252,-78.125,False,False,False,286.1719,2.8125
ScreaM,CounterTerrorist,583.267,2782.411,184.5605,P2000,100,0,-173.672,-35.74252,-109.375,False,False,False,286.5234,2.8125
ScreaM,CounterTerrorist,576.483,2781.015,179.6777,P2000,100,0,-173.672,-35.74252,-140.625,False,False,False,286.875,2.460938
ScreaM,CounterTerrorist,569.6989,2779.618,173.5742,P2000,100,0,-173.672,-35.74252,-171.875,False,False,False,286.875,2.109375
ScreaM,CounterTerrorist,562.9149,2778.222,166.25,P2000,100,0,-173.672,-35.74252,-203.125,False,False,False,287.2266,1.40625
ScreaM,CounterTerrorist,556.0659,2776.969,160.0313,P2000,100,0,-179.1688,-23.59721,0,False,False,False,287.5781,1.40625
ScreaM,CounterTerrorist,548.887,2776.442,166.2253,P2000,100,0,-184.2793,-12.38084,254.9014,False,False,False,287.5781,1.054688
ScreaM,CounterTerrorist,541.6885,2775.959,175.572,P2000,100,0,-184.2793,-12.38084,223.6514,False,False,False,287.5781,1.054688
ScreaM,CounterTerrorist,534.4901,2775.475,183.6981,P2000,100,0,-184.2793,-12.38084,192.4014,False,False,False,287.5781,1.054688
ScreaM,CounterTerrorist,527.2916,2774.992,190.6035,P2000,100,0,-184.2793,-12.38084,161.1514,False,False,False,287.5781,1.054688
ScreaM,CounterTerrorist,520.0931,2774.509,196.2881,P2000,100,0,-184.2793,-12.38084,129.9014,False,False,False,287.5781,1.054688
ScreaM,CounterTerrorist,512.8946,2774.025,200.7521,P2000,100,0,-184.2793,-12.38084,98.65137,False,False,False,287.5781,1.054688
ScreaM,CounterTerrorist,505.6961,2773.542,203.9953,P2000,100,0,-184.2793,-12.38084,67.40137,False,False,False,288.2813,2.460938
ScreaM,CounterTerrorist,498.4976,2773.058,206.0179,P2000,100,0,-184.2793,-12.38084,36.15137,False,False,False,291.0938,4.21875
ScreaM,CounterTerrorist,491.2991,2772.575,206.8197,P2000,100,0,-184.2793,-12.38084,4.901367,False,False,False,294.6094,5.625
ScreaM,CounterTerrorist,484.1006,2772.092,206.4009,P2000,100,0,-184.2793,-12.38084,-26.34863,False,False,False,298.125,5.976563
ScreaM,CounterTerrorist,476.9022,2771.608,204.7613,P2000,100,0,-184.2793,-12.38084,-57.59863,False,False,False,298.8281,5.976563
ScreaM,CounterTerrorist,469.6976,2771.286,201.9011,P2000,100,0,-185.0578,8.306141,-88.84863,False,False,False,298.8281,5.976563
ScreaM,CounterTerrorist,463.069,2773.666,197.8201,P2000,100,0,-164.3403,79.24689,0,False,False,False,298.8281,5.976563
ScreaM,CounterTerrorist,457.6647,2777.554,196.0313,P2000,100,0,-122.0984,112.2159,0,False,False,False,298.8281,5.976563
ScreaM,CounterTerrorist,453.7339,2782.592,196.0313,P2000,100,0,-87.20467,139.4498,0,False,False,False,298.8281,5.976563
ScreaM,CounterTerrorist,451.0141,2788.582,196.0313,P2000,100,0,-58.71266,162.0416,0,False,False,False,299.1797,5.273438
ScreaM,CounterTerrorist,449.1743,2795.279,195.8848,P2000,100,0,-44.29835,173.7318,-15.625,False,False,False,299.5313,4.921875
ScreaM,CounterTerrorist,447.4439,2802.065,194.6641,P2000,100,0,-44.29835,173.7318,-46.875,False,False,False,299.5313,4.921875
ScreaM,CounterTerrorist,444.4093,2807.546,192.2227,P2000,100,0,-109.0151,109.015,-78.125,False,False,False,299.5313,4.921875
ScreaM,CounterTerrorist,440.1509,2811.804,188.5605,P2000,100,0,-109.0151,109.015,-109.375,False,False,False,299.1797,5.273438
ScreaM,CounterTerrorist,435.8925,2816.062,183.6777,P2000,100,0,-109.0151,109.015,-140.625,False,False,False,300.2344,4.921875
ScreaM,CounterTerrorist,431.634,2820.32,177.5742,P2000,100,0,-109.0151,109.015,-171.875,False,False,False,300.2344,4.921875
ScreaM,CounterTerrorist,427.3756,2824.578,170.25,P2000,100,0,-109.0151,109.015,-203.125,False,False,False,300.2344,4.921875
ScreaM,CounterTerrorist,423.4463,2828.507,164.0313,P2000,100,0,-70.9845,70.98447,0,False,False,False,300.2344,4.921875
ScreaM,CounterTerrorist,420.6098,2831.39,164.0313,P2000,100,0,-74.73611,74.73611,0,False,False,False,300.2344,4.921875
ScreaM,CounterTerrorist,417.6003,2834.399,164.0313,P2000,100,0,-78.59184,78.59184,0,False,False,False,300.2344,4.921875
ScreaM,CounterTerrorist,414.438,2837.562,164.0313,P2000,100,0,-82.54468,82.54467,0,False,False,False,300.5859,4.921875
ScreaM,CounterTerrorist,411.1241,2840.876,164.0313,P2000,100,0,-86.27049,86.27048,0,False,False,False,300.9375,4.570313
ScreaM,CounterTerrorist,407.693,2844.307,164.0313,P2000,100,0,-88.24149,88.24149,0,False,False,False,300.9375,4.570313
ScreaM,CounterTerrorist,404.9354,2847.065,164.0313,P2000,100,0,0,0,0,False,False,False,300.9375,4.921875
ScreaM,CounterTerrorist,404.8358,2847.164,166.2929,P2000,100,0,0,0,-3.125,False,False,False,301.6406,4.921875
ScreaM,CounterTerrorist,404.8358,2847.164,166.2929,P2000,100,0,0,0,-3.125,False,False,False,301.9922,5.273438
ScreaM,CounterTerrorist,404.3041,2847.696,164.0313,P2000,100,0,-18.8644,18.8644,0,False,False,False,302.3438,5.625
ScreaM,CounterTerrorist,403.5457,2848.454,164.0313,P2000,100,0,-19.79766,19.79766,0,False,False,False,303.0469,5.976563
ScreaM,CounterTerrorist,402.7485,2849.251,164.0313,P2000,100,0,-20.82816,20.82815,0,False,False,False,303.0469,6.328125
ScreaM,CounterTerrorist,401.9098,2850.09,164.0313,P2000,100,0,-21.90392,21.90392,0,False,False,False,303.0469,6.328125
ScreaM,CounterTerrorist,401.1707,2850.829,164.0313,P2000,100,0,-13.90698,13.90698,0,False,False,False,303.0469,6.328125
ScreaM,CounterTerrorist,400.9556,2851.044,164.0313,P2000,100,0,0.08548946,-0.08549052,0,False,False,False,303.3984,6.328125
ScreaM,CounterTerrorist,400.9867,2851.013,164.0313,P2000,100,0,0.7976522,-0.7976533,0,False,False,False,303.3984,6.328125
ScreaM,CounterTerrorist,401.0179,2850.981,164.0313,P2000,100,0,0.7976522,-0.7976533,0,False,False,False,303.3984,5.976563
ScreaM,CounterTerrorist,400.9127,2851.086,164.0313,P2000,100,0,-3.161192,3.161191,0,False,False,False,303.3984,5.625
ScreaM,CounterTerrorist,400.7215,2851.278,164.0313,P2000,100,0,-7.770735,7.770735,0,False,False,False,303.3984,5.625
ScreaM,CounterTerrorist,399.9234,2852.076,175.0955,P2000,100,0,-21.64109,21.64456,267.6184,False,False,False,303.3984,5.625
ScreaM,CounterTerrorist,399.4651,2852.535,179.0329,P2000,100,0,-10.2774,10.2774,-15.625,False,False,False,303.3984,5.625
ScreaM,CounterTerrorist,399.054,2852.946,178.5446,P2000,100,0,-10.89147,10.89147,-15.625,False,False,False,303.3984,5.625
ScreaM,CounterTerrorist,398.7894,2853.211,178.2516,P2000,100,0,0,0,-3.125,False,False,False,303.3984,5.625
ScreaM,CounterTerrorist,398.7894,2853.211,178.2516,P2000,100,0,0,0,-3.125,False,False,False,303.75,5.625
ScreaM,CounterTerrorist,398.6439,2853.356,178.1051,P2000,100,0,0,0,-3.125,False,False,False,303.75,5.625
ScreaM,CounterTerrorist,398.4371,2853.563,177.9098,P2000,100,0,-6.808043,6.808043,-9.375,False,False,False,304.1016,5.625
ScreaM,CounterTerrorist,397.6631,2854.337,176.9333,P2000,100,0,-21.58849,21.59821,-40.625,False,False,False,304.1016,5.976563
ScreaM,CounterTerrorist,396.8114,2855.189,175.2731,P2000,100,0,0,0,-3.125,False,False,False,304.4531,5.976563
ScreaM,CounterTerrorist,396.7418,2855.258,175.1755,P2000,100,0,0,0,-3.125,False,False,False,304.4531,5.976563
ScreaM,CounterTerrorist,396.1964,2855.803,174.443,P2000,100,0,-23.35346,23.35346,-34.375,False,False,False,304.8047,5.625
ScreaM,CounterTerrorist,394.9368,2857.063,172.4899,P2000,100,0,-35.2168,35.2168,-65.625,False,False,False,304.8047,5.625
ScreaM,CounterTerrorist,394.3744,2857.626,171.3669,P2000,100,0,0,0,-3.125,False,False,False,304.8047,5.625
ScreaM,CounterTerrorist,394.3107,2857.689,171.318,P2000,100,0,0,0,-3.125,False,False,False,305.1563,5.625
ScreaM,CounterTerrorist,394.3107,2857.689,171.318,P2000,100,0,0,0,-3.125,False,False,False,305.1563,5.273438
ScreaM,CounterTerrorist,394.3107,2857.689,171.318,P2000,100,0,0,0,-3.125,False,False,False,305.1563,5.273438
ScreaM,CounterTerrorist,394.3107,2857.689,171.318,P2000,100,0,0,0,-3.125,False,False,False,305.1563,5.273438
ScreaM,CounterTerrorist,394.1195,2857.881,171.1716,P2000,100,0,-16.31072,16.31072,-15.625,False,False,False,305.1563,5.273438
ScreaM,CounterTerrorist,393.8646,2858.135,170.9762,P2000,100,0,-8.155362,8.155361,-9.375,False,False,False,305.1563,5.273438
ScreaM,CounterTerrorist,393.546,2858.454,170.7321,P2000,100,0,0,0,-3.125,False,False,False,305.1563,5.273438
ScreaM,CounterTerrorist,393.1724,2858.828,170.2438,P2000,100,0,-19.13232,19.13232,-28.125,False,False,False,305.1563,5.273438
ScreaM,CounterTerrorist,391.9987,2860.001,168.5348,P2000,100,0,-34.18197,34.18197,-59.375,False,False,False,305.1563,5.273438
ScreaM,CounterTerrorist,390.5993,2861.401,165.6051,P2000,100,0,-36.36359,36.36359,0,False,False,False,305.1563,5.273438
ScreaM,CounterTerrorist,389.1395,2862.86,164.0313,P2000,100,0,-38.04543,38.04543,0,False,False,False,305.1563,5.273438
ScreaM,CounterTerrorist,387.6132,2864.386,164.0313,P2000,100,0,-39.75876,39.75876,0,False,False,False,305.5078,5.273438
ScreaM,CounterTerrorist,386.0199,2865.979,164.0313,P2000,100,0,-41.4721,41.4721,0,False,False,False,305.5078,5.273438
ScreaM,CounterTerrorist,384.3598,2867.639,164.0313,P2000,100,0,-43.18543,43.18543,0,False,False,False,305.5078,5.273438
ScreaM,CounterTerrorist,382.6327,2869.367,164.0313,P2000,100,0,-44.89876,44.89876,0,False,False,False,305.5078,5.273438
ScreaM,CounterTerrorist,380.8387,2871.161,164.0313,P2000,100,0,-46.61209,46.61209,0,False,False,False,305.5078,5.273438
ScreaM,CounterTerrorist,379.7237,2872.276,170.7674,P2000,100,0,-2.880377,2.880376,-9.375,False,False,False,305.5078,5.273438
ScreaM,CounterTerrorist,379.264,2872.736,169.7909,P2000,100,0,-17.81073,17.81073,-40.625,False,False,False,305.5078,5.273438
ScreaM,CounterTerrorist,378.2097,2873.79,167.5936,P2000,100,0,-32.45202,32.45202,-71.875,False,False,False,305.5078,5.273438
ScreaM,CounterTerrorist,377.0496,2873.969,164.0313,P2000,100,0,-23.62444,0,0,False,False,False,305.5078,5.273438
ScreaM,CounterTerrorist,376.5671,2873.969,164.0313,P2000,100,0,-4.834219,0,0,False,False,False,305.5078,5.273438
ScreaM,CounterTerrorist,376.5883,2873.969,164.0313,P2000,100,0,0.9455431,0,0,False,False,False,305.5078,5.273438
ScreaM,CounterTerrorist,376.6252,2873.969,164.0313,P2000,100,0,0.9455431,0,0,False,False,False,305.5078,5.273438
ScreaM,CounterTerrorist,376.6621,2873.969,164.0313,P2000,100,0,0.9455431,0,0,False,False,False,305.5078,5.273438
ScreaM,CounterTerrorist,376.699,2873.969,164.0313,P2000,100,0,0.9455431,0,0,False,False,False,305.5078,5.273438
ScreaM,CounterTerrorist,376.736,2873.969,164.0313,P2000,100,0,0.9455431,0,0,False,False,False,305.5078,5.273438
ScreaM,CounterTerrorist,376.7729,2873.969,164.0313,P2000,100,0,0.9455431,0,0,False,False,False,305.5078,5.273438
ScreaM,CounterTerrorist,376.8098,2873.969,164.0313,P2000,100,0,0.9455431,0,0,False,False,False,305.5078,5.273438
ScreaM,CounterTerrorist,376.8467,2873.969,164.0313,P2000,100,0,0.9455431,0,0,False,False,False,305.5078,5.273438
ScreaM,CounterTerrorist,376.8496,2873.969,164.0313,P2000,100,0,-3.341437,0,0,False,False,False,305.8594,5.273438
ScreaM,CounterTerrorist,376.6429,2873.969,164.0313,P2000,100,0,-6.85985,0,0,False,False,False,310.4297,7.03125
ScreaM,CounterTerrorist,376.2149,2874,164.0313,P2000,100,0,-14.37746,0,0,False,False,False,325.1953,14.41406
ScreaM,CounterTerrorist,375.378,2874,164.0313,P2000,100,0,-26.68189,0,0,False,False,False,348.0469,25.3125
ScreaM,CounterTerrorist,374.0014,2873.976,164.0313,P2000,100,0,-40.89508,-1.834051,0,False,False,False,9.84375,35.50781
ScreaM,CounterTerrorist,372.7332,2873.919,164.0313,P2000,100,0,-26.84669,-1.204013,0,False,False,False,24.96094,42.53906
ScreaM,CounterTerrorist,372.0138,2873.887,164.0313,P2000,100,0,-12.79832,-0.5739755,0,False,False,False,31.99219,45.35156
ScreaM,CounterTerrorist,371.8333,2873.879,164.0313,P2000,100,0,0,0,0,False,False,False,35.50781,46.75781
ScreaM,CounterTerrorist,371.8333,2873.879,164.0313,P2000,100,0,0,0,0,False,False,False,37.96875,47.46093
ScreaM,CounterTerrorist,371.8333,2873.879,164.0313,P2000,100,0,0,0,0,False,False,False,37.26563,47.10937
ScreaM,CounterTerrorist,371.8333,2873.879,164.0313,P2000,100,0,0,0,0,False,False,False,28.47656,44.29688
ScreaM,CounterTerrorist,371.8126,2873.989,164.0313,P2000,100,0,-1.3956,8.440453,0,False,False,False,7.734375,37.96875
ScreaM,CounterTerrorist,371.8338,2873.989,164.0313,P2000,100,0,1.731058,0,0,False,False,False,342.4219,29.53125
ScreaM,CounterTerrorist,372.4539,2873.989,172.9803,P2000,100,0,31.38089,0,273.8684,False,False,False,319.5703,20.39063
ScreaM,CounterTerrorist,374.01,2873.998,183.0679,P2000,100,0,40.61739,0,242.6184,False,False,False,311.8359,14.0625
ScreaM,CounterTerrorist,375.5966,2873.998,191.9349,P2000,100,0,40.61739,0,211.3684,False,False,False,309.375,9.84375
ScreaM,CounterTerrorist,377.1832,2873.998,199.5812,P2000,100,0,40.61739,0,180.1184,False,False,False,307.9688,7.382813
ScreaM,CounterTerrorist,378.7698,2873.998,206.0067,P2000,100,0,40.61739,0,148.8684,False,False,False,306.2109,5.976563
ScreaM,CounterTerrorist,379.535,2875.137,211.2116,P2000,100,0,13.02884,38.4136,117.6184,False,False,False,304.8047,4.921875
ScreaM,CounterTerrorist,379.9163,2876.82,215.1957,P2000,100,0,9.587727,43.3298,86.36838,False,False,False,304.8047,4.921875
ScreaM,CounterTerrorist,380.2908,2878.513,217.9592,P2000,100,0,9.587727,43.3298,55.11838,False,False,False,304.8047,5.625
ScreaM,CounterTerrorist,380.6652,2880.206,219.5019,P2000,100,0,9.587727,43.3298,23.86838,False,False,False,304.4531,6.328125
ScreaM,CounterTerrorist,381.0397,2881.899,219.8239,P2000,100,0,9.587727,43.3298,-7.381622,False,False,False,304.4531,6.328125
ScreaM,CounterTerrorist,381.4141,2883.593,218.9253,P2000,100,0,9.587727,43.3298,-38.63162,False,False,False,303.75,6.328125
ScreaM,CounterTerrorist,381.7886,2885.286,216.8059,P2000,100,0,9.587727,43.3298,-69.88162,False,False,False,303.0469,5.976563
ScreaM,CounterTerrorist,382.163,2886.979,213.4658,P2000,100,0,9.587727,43.3298,-101.1316,False,False,False,302.6953,5.625
ScreaM,CounterTerrorist,382.5375,2888.672,208.905,P2000,100,0,9.587727,43.3298,-132.3816,False,False,False,302.6953,5.625
ScreaM,CounterTerrorist,382.9119,2890.365,203.1236,P2000,100,0,9.587727,43.3298,-163.6316,False,False,False,302.3438,5.273438
ScreaM,CounterTerrorist,383.2382,2892.106,196.0313,P2000,100,0,3.412806,49.48627,0,False,False,False,301.9922,5.273438
ScreaM,CounterTerrorist,382.7371,2894.755,196.0313,P2000,100,0,-22.93874,80.05847,0,False,False,False,301.9922,5.273438
ScreaM,CounterTerrorist,381.3164,2898.54,196.0313,P2000,100,0,-44.75687,107.4397,0,False,False,False,301.9922,5.273438
ScreaM,CounterTerrorist,379.1449,2903.287,196.0313,P2000,100,0,-62.16936,130.4303,0,False,False,False,300.2344,5.273438
ScreaM,CounterTerrorist,376.4136,2908.863,196.0313,P2000,100,0,-74.33046,150.6775,0,False,False,False,296.7188,6.328125
ScreaM,CounterTerrorist,373.3465,2915.189,196.0313,P2000,100,0,-80.49284,169.2541,0,False,False,False,291.0938,8.085938
ScreaM,CounterTerrorist,370.1699,2922.203,196.0313,P2000,100,0,-81.10536,186.2496,0,False,False,False,285.1172,10.19531
ScreaM,CounterTerrorist,367.2488,2929.806,186.0313,P2000,100,0,-62.61474,198.5338,0,False,False,False,282.3047,10.54688
ScreaM,CounterTerrorist,365.118,2937.615,185.543,P2000,100,0,-54.54799,199.8948,-28.125,False,False,False,281.9531,10.54688
ScreaM,CounterTerrorist,362.9873,2945.423,183.834,P2000,100,0,-54.54799,199.8948,-59.375,False,False,False,282.6563,9.84375
ScreaM,CounterTerrorist,360.8566,2953.232,180.9043,P2000,100,0,-54.54799,199.8948,-90.625,False,False,False,283.0078,9.492188
ScreaM,CounterTerrorist,358.7258,2961.041,176.7539,P2000,100,0,-54.54799,199.8948,-121.875,False,False,False,283.0078,8.789063
ScreaM,CounterTerrorist,356.5951,2968.85,171.3828,P2000,100,0,-54.54799,199.8948,-153.125,False,False,False,284.0625,7.382813
ScreaM,CounterTerrorist,354.9802,2976.807,164.791,P2000,100,0,-32.34432,206.3032,-184.375,False,False,False,288.2813,5.273438
ScreaM,CounterTerrorist,354.2319,2984.537,160.0313,P2000,100,0,-0.24398,189.2394,0,False,False,False,293.9063,3.164063
ScreaM,CounterTerrorist,355.2715,2991.659,160.0313,P2000,100,0,43.18878,178.4282,0,False,False,False,298.4766,1.757813
ScreaM,CounterTerrorist,357.8038,2998.447,160.0313,P2000,100,0,78.35514,170.8607,0,False,False,False,298.8281,0.703125
ScreaM,CounterTerrorist,361.5691,3004.959,160.0313,P2000,100,0,107.711,164.0423,0,False,False,False,297.7734,0.703125
ScreaM,CounterTerrorist,366.3638,3011.223,160.0313,P2000,100,0,132.1772,157.9982,0,False,False,False,297.4219,0.3515625
ScreaM,CounterTerrorist,372.0179,3017.265,160.0313,P2000,100,0,152.6448,152.5036,0,False,False,False,296.3672,0.3515625
ScreaM,CounterTerrorist,378.2519,3023.227,160.0313,P2000,100,0,157.9312,157.9566,0,False,False,False,296.0156,0
ScreaM,CounterTerrorist,384.1447,3029.843,160.0476,P2000,100,0,146.5068,176.4665,0,False,False,False,295.6641,0
ScreaM,CounterTerrorist,389.6524,3037.099,160.0476,P2000,100,0,137.6147,191.5628,0,False,False,False,294.9609,0
ScreaM,CounterTerrorist,394.846,3044.859,160.0476,P2000,100,0,129.482,202.0752,0,False,False,False,294.2578,0.3515625
ScreaM,CounterTerrorist,399.7057,3052.875,160.0476,P2000,100,0,121.3062,207.0865,0,False,False,False,293.5547,0.3515625
ScreaM,CounterTerrorist,404.2914,3061.052,160.0476,P2000,100,0,115.0152,210.6454,0,False,False,False,293.2031,0.703125
ScreaM,CounterTerrorist,408.6753,3069.338,160.0476,P2000,100,0,110.6366,212.9778,0,False,False,False,292.1484,0.703125
ScreaM,CounterTerrorist,412.9233,3077.696,160.1017,P2000,100,0,107.6095,214.5232,0,False,False,False,291.7969,0.703125
ScreaM,CounterTerrorist,417.0698,3086.104,160.2377,P2000,100,0,105.2623,215.6846,0,False,False,False,291.7969,0.703125
ScreaM,CounterTerrorist,421.1407,3094.549,160.3742,P2000,100,0,103.6148,216.4809,0,False,False,False,291.0938,1.054688
ScreaM,CounterTerrorist,425.1612,3103.018,160.357,P2000,100,0,102.5297,216.9969,0,False,False,False,290.7422,1.054688
ScreaM,CounterTerrorist,429.148,3111.503,160.3234,P2000,100,0,101.7962,217.342,0,False,False,False,290.7422,1.054688
ScreaM,CounterTerrorist,433.1143,3119.997,160.2921,P2000,100,0,101.4269,217.5146,0,False,False,False,290.3906,1.054688
ScreaM,CounterTerrorist,437.0762,3128.494,160.2625,P2000,100,0,101.4698,217.4946,0,False,False,False,289.6875,1.054688
ScreaM,CounterTerrorist,441.0478,3136.986,160.2329,P2000,100,0,101.8559,217.314,0,False,False,False,288.9844,1.054688
ScreaM,CounterTerrorist,445.0408,3145.469,160.203,P2000,100,0,102.477,217.0218,0,False,False,False,288.6328,1.054688
ScreaM,CounterTerrorist,449.0608,3153.938,160.1711,P2000,100,0,103.2075,216.6754,0,False,False,False,288.6328,1.054688
ScreaM,CounterTerrorist,453.1104,3162.393,160.1377,P2000,100,0,103.984,216.3038,0,False,False,False,288.2813,1.054688
ScreaM,CounterTerrorist,457.1912,3170.833,160.1041,P2000,100,0,104.798,215.9106,0,False,False,False,287.9297,1.054688
ScreaM,CounterTerrorist,461.3073,3179.257,160.0768,P2000,100,0,105.8096,215.4167,0,False,False,False,287.2266,1.054688
ScreaM,CounterTerrorist,465.4724,3187.656,160.0768,P2000,100,0,107.1638,214.7462,0,False,False,False,286.875,1.054688
ScreaM,CounterTerrorist,469.6929,3196.044,160.0768,Knife,100,0,109.1722,215.9031,0,False,False,False,286.875,1.054688
ScreaM,CounterTerrorist,474.0378,3204.665,160.0768,Knife,100,0,111.5992,223.7088,0,False,False,False,292.8516,2.460938
ScreaM,CounterTerrorist,478.7346,3213.215,160.0768,Knife,100,0,128.539,214.4242,0,False,False,False,309.375,4.21875
ScreaM,CounterTerrorist,483.9242,3221.488,160.0768,Knife,100,0,132.9984,211.6871,0,False,False,False,332.5781,4.921875
ScreaM,CounterTerrorist,488.8445,3229.921,160.0768,Knife,100,0,119.266,219.7171,0,False,False,False,354.7266,5.273438
ScreaM,CounterTerrorist,492.9149,3238.782,160.0768,Knife,100,0,92.76517,231.3453,0,False,False,False,12.65625,4.570313
ScreaM,CounterTerrorist,496.6214,3247.818,160.0638,Knife,100,0,94.72157,231.3608,0,False,False,False,25.3125,4.21875
ScreaM,CounterTerrorist,500.2081,3256.9,160.0612,Knife,100,0,89.14362,233.5667,0,False,False,False,32.34375,4.21875
ScreaM,CounterTerrorist,503.4881,3266.098,160.0612,Knife,100,0,80.33366,236.7414,0,False,False,False,36.21094,4.21875
ScreaM,CounterTerrorist,506.4121,3275.415,160.0466,Knife,100,0,71.33163,239.6076,0,False,False,False,37.26563,4.21875
ScreaM,CounterTerrorist,509.0183,3284.826,160.0466,Knife,100,0,63.86429,241.7051,0,False,False,False,37.26563,4.21875
ScreaM,CounterTerrorist,511.3757,3294.303,160.0466,Knife,100,0,58.27647,243.1129,0,False,False,False,36.5625,4.21875
ScreaM,CounterTerrorist,513.5624,3303.82,160.0466,Knife,100,0,54.71907,243.9382,0,False,False,False,35.50781,4.21875
ScreaM,CounterTerrorist,515.6667,3313.356,160.0466,Knife,100,0,53.7014,244.1642,0,False,False,False,32.34375,4.21875
ScreaM,CounterTerrorist,517.8112,3322.884,160.0425,Knife,100,0,56.27558,243.5838,0,False,False,False,27.07031,3.867188
ScreaM,CounterTerrorist,520.1605,3332.362,160.0388,Knife,100,0,63.26303,241.8632,0,False,False,False,21.09375,3.867188
ScreaM,CounterTerrorist,522.8692,3341.744,160.0352,Knife,100,0,73.92891,238.819,0,False,False,False,14.76563,3.867188
ScreaM,CounterTerrorist,526.0764,3350.966,160.0316,Knife,100,0,87.7711,234.086,0,False,False,False,9.140625,3.867188
ScreaM,CounterTerrorist,530.0566,3359.666,160.0313,Knife,100,0,115.2252,208.6648,0,False,False,False,2.460938,3.515625
ScreaM,CounterTerrorist,535.2951,3366.962,160.0313,Knife,100,0,145.9116,172.708,0,False,False,False,359.2969,3.164063
ScreaM,CounterTerrorist,541.6038,3372.961,160.0313,Knife,100,0,171.2523,141.4932,0,False,False,False,358.2422,2.460938
ScreaM,CounterTerrorist,548.7961,3377.855,160.0313,Knife,100,0,192.169,115.136,0,False,False,False,357.8906,2.460938
ScreaM,CounterTerrorist,556.718,3381.829,160.0313,Knife,100,0,209.4466,93.34585,0,False,False,False,357.8906,2.460938
ScreaM,CounterTerrorist,565.2425,3385.042,160.0313,Knife,100,0,223.7186,75.34616,0,False,False,False,357.8906,2.460938
ScreaM,CounterTerrorist,574.2648,3387.628,160.0313,Knife,100,0,235.5079,60.47762,0,False,False,False,357.8906,2.460938
ScreaM,CounterTerrorist,583.6984,3389.696,160.0313,Knife,100,0,245.2464,48.19553,0,False,False,False,357.8906,2.460938
ScreaM,CounterTerrorist,593.329,3391.31,160.0313,Knife,100,0,247.2404,37.04277,0,False,False,False,357.8906,2.460938
ScreaM,CounterTerrorist,603.0164,3392.539,160.0313,Knife,100,0,248.4253,28.01528,0,False,False,False,357.8906,2.460938
ScreaM,CounterTerrorist,612.7385,3393.458,160.0313,Knife,100,0,249.138,20.74283,0,False,False,False,357.8906,2.460938
ScreaM,CounterTerrorist,622.4809,3394.128,156.7945,Knife,100,0,249.5508,14.9798,0,False,False,False,357.8906,2.460938
ScreaM,CounterTerrorist,632.2348,3394.604,151.9175,Knife,100,0,249.7842,10.38617,0,False,False,False,357.5391,2.460938
ScreaM,CounterTerrorist,641.9955,3394.909,147.0372,Knife,100,0,249.9241,6.158101,0,False,False,False,356.8359,2.460938
ScreaM,CounterTerrorist,651.7599,3395.057,142.155,Knife,100,0,249.9896,2.28019,0,False,False,False,356.4844,2.460938
ScreaM,CounterTerrorist,661.5255,3395.07,137.2722,Knife,100,0,249.9986,-0.8482648,0,False,False,False,356.4844,2.460938
ScreaM,CounterTerrorist,671.2906,3394.975,132.902,Knife,100,0,249.9763,-3.44556,0,False,False,False,356.4844,2.460938
ScreaM,CounterTerrorist,681.0549,3394.827,132.2795,Knife,100,0,249.999,-0.7041995,0,False,False,False,356.4844,2.460938
ScreaM,CounterTerrorist,690.6891,3395.61,131.5759,Knife,100,0,244.5276,33.01778,0,False,False,False,356.4844,2.460938
ScreaM,CounterTerrorist,700.1323,3397.569,130.7735,Knife,100,0,240.008,60.87364,0,False,False,False,356.4844,2.460938
ScreaM,CounterTerrorist,709.4144,3400.494,130.3423,Knife,100,0,235.7198,83.28373,0,False,False,False,355.0781,2.460938
ScreaM,CounterTerrorist,718.6178,3403.752,129.7036,Knife,100,0,238.4706,75.0452,0,False,False,False,349.4531,2.460938
ScreaM,CounterTerrorist,728.1029,3406.055,129.4243,Knife,100,0,245.3561,47.96217,0,False,False,False,341.0156,3.164063
ScreaM,CounterTerrorist,737.7872,3407.274,129.1903,Knife,100,0,249.1755,20.28687,0,False,False,False,336.4453,4.570313
ScreaM,CounterTerrorist,747.5469,3407.493,128.9739,Knife,100,0,249.9748,-3.548157,0,False,False,False,336.4453,4.570313
ScreaM,CounterTerrorist,757.2915,3406.887,128.9652,Knife,100,0,248.9455,-22.93739,0,False,False,False,336.4453,4.570313
ScreaM,CounterTerrorist,766.9724,3405.615,129.0002,Knife,100,0,247.0124,-38.53429,0,False,False,False,336.4453,4.570313
ScreaM,CounterTerrorist,776.6604,3404.422,129.0163,Knife,100,0,249.1829,-20.19619,0,False,False,False,336.4453,4.570313
ScreaM,CounterTerrorist,786.4197,3404.165,129.0163,Knife,100,0,249.9934,1.817704,0,False,False,False,335.7422,4.570313
ScreaM,CounterTerrorist,796.1751,3404.59,128.984,Knife,100,0,249.5178,15.51972,0,False,False,False,328.3594,4.570313
ScreaM,CounterTerrorist,805.9159,3405.285,128.7722,Knife,100,0,249.3592,17.88827,0,False,False,False,316.7578,4.21875
ScreaM,CounterTerrorist,815.6667,3405.81,129.0313,Knife,100,0,249.8295,9.232633,0,False,False,False,304.8047,3.867188
ScreaM,CounterTerrorist,825.4308,3405.821,129.0313,Knife,100,0,249.9239,-6.166759,0,False,False,False,296.7188,4.21875
ScreaM,CounterTerrorist,835.1752,3405.202,129.0313,Knife,100,0,249.0324,-21.97417,0,False,False,False,294.9609,4.570313
ScreaM,CounterTerrorist,844.8696,3404.033,129.0313,Knife,100,0,247.5642,-34.81299,0,False,False,False,294.9609,4.570313
ScreaM,CounterTerrorist,854.5013,3402.426,129.0313,Knife,100,0,245.9029,-45.07526,0,False,False,False,294.9609,4.570313
ScreaM,CounterTerrorist,864.0681,3400.467,129.0313,Knife,100,0,244.2606,-53.26141,0,False,False,False,294.9609,4.570313
ScreaM,CounterTerrorist,873.1033,3397.504,129.0313,Knife,100,0,223.1966,-89.98695,0,False,False,False,294.9609,4.570313
ScreaM,CounterTerrorist,881.4036,3393.259,128.6407,Knife,100,0,205.7778,-120.3328,0,False,False,False,294.9609,4.570313
ScreaM,CounterTerrorist,889.0873,3387.952,128.0313,Knife,100,0,190.9376,-145.6068,0,False,False,False,293.9063,4.570313
ScreaM,CounterTerrorist,896.2433,3381.76,128.0313,Knife,100,0,178.3516,-166.6317,0,False,False,False,293.9063,4.570313
ScreaM,CounterTerrorist,902.9619,3374.834,128.0313,Knife,100,0,168.0672,-183.9491,0,False,False,False,294.2578,4.570313
ScreaM,CounterTerrorist,909.2734,3367.384,128.0313,Knife,100,0,157.2005,-194.3913,0,False,False,False,295.3125,4.570313
ScreaM,CounterTerrorist,915.1996,3359.623,128.0313,Knife,100,0,148.4214,-201.1743,0,False,False,False,296.7188,4.21875
ScreaM,CounterTerrorist,920.8464,3351.656,128.0313,Knife,100,0,142.3484,-205.5163,0,False,False,False,298.4766,4.21875
ScreaM,CounterTerrorist,926.3184,3343.567,128.0313,Knife,100,0,138.8752,-207.879,0,False,False,False,300.2344,4.21875
ScreaM,CounterTerrorist,931.6989,3335.417,128.0313,Knife,100,0,137.1436,-209.0255,0,False,False,False,301.2891,3.867188
ScreaM,CounterTerrorist,937.1406,3327.323,128.0313,Knife,100,0,145.8579,-201.5078,0,False,False,False,301.9922,3.867188
ScreaM,CounterTerrorist,943.4166,3320.02,128.0313,Knife,100,0,169.9257,-177.8504,0,False,False,False,301.9922,3.867188
ScreaM,CounterTerrorist,950.5321,3313.542,128.0313,Knife,100,0,189.8068,-158.3084,0,False,False,False,301.9922,3.867188
ScreaM,CounterTerrorist,958.3384,3307.749,128.0313,Knife,100,0,205.8638,-141.8453,0,False,False,False,301.9922,3.867188
ScreaM,CounterTerrorist,966.6241,3302.584,128.0313,Knife,100,0,215.8586,-126.1152,0,False,False,False,302.3438,3.867188
ScreaM,CounterTerrorist,975.0503,3297.652,128.0313,Knife,100,0,211.4656,-133.3502,0,False,False,False,303.0469,3.515625
ScreaM,CounterTerrorist,983.0297,3292.027,128.0313,Knife,100,0,199.6544,-150.4597,0,False,False,False,303.3984,3.515625
ScreaM,CounterTerrorist,990.5798,3285.835,128.0313,Knife,100,0,189.2253,-163.3824,0,False,False,False,303.75,3.164063
ScreaM,CounterTerrorist,997.7557,3279.213,128.0313,Knife,100,0,180.2101,-173.2752,0,False,False,False,303.75,3.164063
ScreaM,CounterTerrorist,1004.613,3272.261,128.0313,Knife,100,0,172.6218,-180.8362,0,False,False,False,303.75,3.164063
ScreaM,CounterTerrorist,1011.461,3265.327,128.0313,Knife,100,0,182.5522,-169.5672,0,False,False,False,303.75,3.164063
ScreaM,CounterTerrorist,1019.023,3259.179,128.0313,Knife,100,0,200.2825,-149.6226,0,False,False,False,303.75,3.164063
ScreaM,CounterTerrorist,1027.147,3253.765,128.0313,Knife,100,0,212.5541,-131.6084,0,False,False,False,303.75,3.164063
ScreaM,CounterTerrorist,1035.665,3248.992,128.0313,Knife,100,0,221.3312,-116.2433,0,False,False,False,303.75,3.164063
ScreaM,CounterTerrorist,1044.292,3244.421,128.0313,Knife,100,0,216.6244,-124.7954,0,False,False,False,303.3984,3.164063
ScreaM,CounterTerrorist,1052.465,3239.082,128.0313,Knife,100,0,204.3821,-143.9721,0,False,False,False,303.0469,3.164063
ScreaM,CounterTerrorist,1060.177,3233.094,128.0313,Knife,100,0,192.9035,-159.0228,0,False,False,False,302.6953,3.164063
ScreaM,CounterTerrorist,1067.464,3226.595,128.0313,Knife,100,0,182.4359,-170.9302,0,False,False,False,301.6406,3.164063
ScreaM,CounterTerrorist,1074.98,3220.366,128.0313,Knife,100,0,198.3376,-152.1914,0,False,False,False,300.5859,3.164063
ScreaM,CounterTerrorist,1083,3214.798,128.0313,Knife,100,0,209.4247,-136.5331,0,False,False,False,299.5313,3.164063
ScreaM,CounterTerrorist,1091.372,3209.772,128.0313,Knife,100,0,217.2062,-123.7799,0,False,False,False,299.1797,2.8125
ScreaM,CounterTerrorist,1099.804,3204.856,128.0313,Knife,100,0,210.8443,-134.2871,0,False,False,False,298.125,2.8125
ScreaM,CounterTerrorist,1107.691,3199.104,128.0313,Knife,100,0,195.8864,-155.3336,0,False,False,False,296.0156,2.8125
ScreaM,CounterTerrorist,1114.992,3192.623,128.0313,Knife,100,0,180.9055,-172.5491,0,False,False,False,293.5547,2.8125
ScreaM,CounterTerrorist,1121.702,3185.531,128.0313,Knife,100,0,165.6073,-187.2812,0,False,False,False,290.0391,2.8125
ScreaM,CounterTerrorist,1127.801,3177.907,128.0313,Knife,100,0,149.7355,-200.1981,0,False,False,False,285.8203,2.8125
ScreaM,CounterTerrorist,1133.273,3169.822,128.0313,Knife,100,0,133.6678,-211.265,0,False,False,False,283.0078,3.164063
ScreaM,CounterTerrorist,1138.125,3161.349,128.0313,Knife,100,0,118.0035,-220.3977,0,False,False,False,280.1953,3.164063
ScreaM,CounterTerrorist,1142.382,3152.562,128.0313,Knife,100,0,103.0963,-227.7524,0,False,False,False,278.0859,3.164063
ScreaM,CounterTerrorist,1146.088,3143.529,128.0313,Knife,100,0,89.65327,-233.3716,0,False,False,False,277.0313,3.164063
ScreaM,CounterTerrorist,1149.315,3134.312,128.0313,Knife,100,0,78.16271,-237.467,0,False,False,False,276.6797,3.164063
ScreaM,CounterTerrorist,1152.136,3124.963,128.0313,Knife,100,0,68.50065,-240.4322,0,False,False,False,276.3281,3.164063
ScreaM,CounterTerrorist,1154.622,3115.52,128.0313,Knife,100,0,60.62611,-242.5376,0,False,False,False,276.3281,3.164063
ScreaM,CounterTerrorist,1156.836,3106.009,128.0313,Knife,100,0,54.21016,-244.0517,0,False,False,False,276.3281,2.8125
ScreaM,CounterTerrorist,1158.832,3096.449,128.0313,Knife,100,0,49.23129,-245.1046,0,False,False,False,276.6797,2.460938
ScreaM,CounterTerrorist,1160.678,3086.86,128.0313,Knife,100,0,46.21636,-245.691,0,False,False,False,278.0859,2.109375
ScreaM,CounterTerrorist,1162.445,3077.256,128.0313,Knife,100,0,44.75458,-245.9614,0,False,False,False,279.1406,1.757813
ScreaM,CounterTerrorist,1164.185,3067.646,128.0313,Knife,100,0,44.60704,-245.9882,0,False,False,False,280.8984,1.40625
ScreaM,CounterTerrorist,1165.959,3058.043,129.0313,Knife,100,0,46.16822,-245.7,0,False,False,False,283.0078,1.054688
ScreaM,CounterTerrorist,1167.733,3048.838,129.0313,P2000,100,0,46.56005,-235.4404,0,False,False,False,284.7656,1.054688
ScreaM,CounterTerrorist,1169.624,3039.656,129.0313,P2000,100,0,49.67406,-234.8031,0,False,False,False,285.8203,0.703125
ScreaM,CounterTerrorist,1171.638,3030.5,129.0313,P2000,100,0,52.7398,-234.1335,0,False,False,False,286.1719,0.703125
ScreaM,CounterTerrorist,1173.758,3021.368,129.0313,P2000,100,0,55.21682,-233.5618,0,False,False,False,286.1719,0.703125
ScreaM,CounterTerrorist,1175.964,3012.256,129.0313,P2000,100,0,57.2226,-233.0785,0,False,False,False,286.1719,0.703125
ScreaM,CounterTerrorist,1178.238,3003.161,129.0313,P2000,100,0,58.85669,-232.6712,0,False,False,False,286.1719,0.703125
ScreaM,CounterTerrorist,1180.57,2994.08,129.0313,P2000,100,0,60.19352,-232.3289,0,False,False,False,286.1719,0.703125
ScreaM,CounterTerrorist,1182.882,2984.995,127.7323,P2000,100,0,57.2481,-233.0722,0,False,False,False,275.625,2.109375
ScreaM,CounterTerrorist,1184.803,2975.821,127.3407,P2000,100,0,42.10958,-236.2769,0,False,False,False,257.6953,2.8125
ScreaM,CounterTerrorist,1185.854,2966.517,126.9436,P2000,100,0,15.25637,-238.8529,0,False,False,False,238.711,1.40625
ScreaM,CounterTerrorist,1185.629,2957.297,126.55,P2000,100,0,-20.25725,-233.0754,0,False,False,False,222.1875,0.703125
ScreaM,CounterTerrorist,1183.998,2948.449,126.1724,P2000,100,0,-55.65602,-221.7706,0,False,False,False,215.1563,0.703125
ScreaM,CounterTerrorist,1181.096,2940.043,125.8136,P2000,100,0,-85.92182,-211.0603,0,False,False,False,214.8047,0.3515625
ScreaM,CounterTerrorist,1177.377,2931.839,125.4634,P2000,100,0,-94.30493,-213.6904,0,False,False,False,214.8047,0.3515625
ScreaM,CounterTerrorist,1173.884,2923.236,125.3728,P2000,100,0,-86.24792,-223.9672,0,False,False,False,214.8047,0.3515625
ScreaM,CounterTerrorist,1171.277,2914.446,125.3335,P2000,100,0,-49.71565,-225.3776,0,False,False,False,214.8047,0.3515625
ScreaM,CounterTerrorist,1170.213,2905.624,125.2002,P2000,100,0,-13.19957,-226.1195,0,False,False,False,214.8047,0.3515625
ScreaM,CounterTerrorist,1170.422,2896.776,124.979,P2000,100,0,16.89873,-226.7778,0,False,False,False,214.4531,0.3515625
ScreaM,CounterTerrorist,1171.657,2887.889,124.7301,P2000,100,0,40.57497,-228.117,0,False,False,False,212.3437,0
ScreaM,CounterTerrorist,1173.685,2878.935,124.2495,P2000,100,0,58.88142,-230.0156,0,False,False,False,210.9375,0
ScreaM,CounterTerrorist,1176.321,2869.952,123.6878,P2000,100,0,72.43893,-228.8069,0,False,False,False,210.2344,0
ScreaM,CounterTerrorist,1179.422,2861.112,123.1111,P2000,100,0,86.37901,-223.3224,0,False,False,False,210.2344,0
ScreaM,CounterTerrorist,1183.568,2853.024,122.5223,P2000,100,0,118.4566,-196.8702,0,False,False,False,210.2344,0
ScreaM,CounterTerrorist,1188.831,2845.854,122.435,P2000,100,0,144.8905,-175.2585,0,False,False,False,209.8828,0
ScreaM,CounterTerrorist,1195.014,2839.432,122.7718,P2000,100,0,166.6479,-157.6936,0,False,False,False,209.5313,359.6484
ScreaM,CounterTerrorist,1201.953,2833.614,123.0141,P2000,100,0,184.5246,-143.5278,0,False,False,False,209.1797,359.6484
ScreaM,CounterTerrorist,1209.517,2828.29,123.1789,P2000,100,0,199.3575,-131.5863,0,False,False,False,210.2344,359.6484
ScreaM,CounterTerrorist,1217.54,2823.447,123.2753,P2000,100,0,206.3444,-122.5642,0,False,False,False,219.7266,1.757813
ScreaM,CounterTerrorist,1225.508,2818.479,123.3866,Knife,100,0,205.2491,-127.9783,0,False,False,False,243.6328,4.21875
ScreaM,CounterTerrorist,1233.849,2813.75,123.4508,Knife,100,0,219.2447,-113.3838,0,False,False,False,271.4063,5.273438
ScreaM,CounterTerrorist,1242.684,2809.997,123.6268,Knife,100,0,230.5066,-89.12333,0,False,False,False,300.5859,4.570313
ScreaM,CounterTerrorist,1251.903,2806.821,124.0436,Knife,100,0,238.8793,-73.73394,0,False,False,False,321.3281,3.164063
ScreaM,CounterTerrorist,1261.391,2804.527,124.3298,Knife,100,0,245.3425,-48.03211,0,False,False,False,333.2813,1.757813
ScreaM,CounterTerrorist,1270.984,2802.702,124.5469,Knife,100,0,244.8558,-50.45418,0,False,False,False,339.9609,1.054688
ScreaM,CounterTerrorist,1280.517,2800.583,124.8074,Knife,100,0,243.5364,-56.48028,0,False,False,False,341.3672,1.054688
ScreaM,CounterTerrorist,1290.004,2798.268,125.0967,Knife,100,0,242.4608,-60.93227,0,False,False,False,341.3672,1.054688
ScreaM,CounterTerrorist,1299.453,2795.804,125.4261,Knife,100,0,241.5555,-64.42789,0,False,False,False,341.3672,1.054688
ScreaM,CounterTerrorist,1308.871,2793.219,125.8043,Knife,100,0,240.7941,-67.21766,0,False,False,False,341.3672,1.054688
ScreaM,CounterTerrorist,1318.262,2790.539,126.1965,Knife,100,0,240.1545,-69.46822,0,False,False,False,341.3672,1.054688
ScreaM,CounterTerrorist,1327.63,2787.781,126.6002,Knife,100,0,239.6179,-71.29693,0,False,False,False,341.3672,1.054688
ScreaM,CounterTerrorist,1336.979,2784.96,127.013,Knife,100,0,239.1685,-72.79021,0,False,False,False,341.3672,1.054688
ScreaM,CounterTerrorist,1346.313,2782.088,127.4334,Knife,100,0,238.7927,-74.0137,0,False,False,False,341.3672,1.054688
ScreaM,CounterTerrorist,1355.633,2779.172,127.86,Knife,100,0,238.479,-75.01849,0,False,False,False,341.3672,1.054688
ScreaM,CounterTerrorist,1365.044,2777.098,128.1525,Knife,100,0,242.4399,-39.40914,0,False,False,False,341.3672,1.054688
ScreaM,CounterTerrorist,1374.593,2776.265,128.2537,Knife,100,0,245.7118,-9.994207,0,False,False,False,341.3672,1.054688
ScreaM,CounterTerrorist,1384.256,2776.459,128.2383,Knife,100,0,248.4146,14.30385,0,False,False,False,341.3672,1.054688
ScreaM,CounterTerrorist,1393.961,2777.494,128.0993,Knife,100,0,247.6745,34.0196,0,False,False,False,341.3672,1.054688
ScreaM,CounterTerrorist,1403.575,2779.203,127.9286,Knife,100,0,244.9986,49.75623,0,False,False,False,341.3672,1.054688
ScreaM,CounterTerrorist,1413.077,2781.45,127.7368,Knife,100,0,242.1124,62.30259,0,False,False,False,341.3672,1.054688
ScreaM,CounterTerrorist,1422.672,2783.233,127.5846,Knife,100,0,247.5101,35.19564,0,False,False,False,341.3672,1.054688
ScreaM,CounterTerrorist,1432.399,2784.066,127.5135,Knife,100,0,249.6791,12.66236,0,False,False,False,341.3672,1.054688
ScreaM,CounterTerrorist,1442.162,2784.117,127.5037,Knife,100,0,249.9342,-5.734448,0,False,False,False,341.3672,1.054688
ScreaM,CounterTerrorist,1451.909,2783.535,127.5451,Knife,100,0,249.1507,-20.58907,0,False,False,False,341.3672,1.054688
ScreaM,CounterTerrorist,1461.669,2783.359,127.5688,Knife,100,0,249.9383,5.553258,0,False,False,False,341.3672,1.054688
ScreaM,CounterTerrorist,1471.405,2784.09,127.5114,Knife,100,0,248.5508,26.87942,0,False,False,False,341.3672,1.054688
ScreaM,CounterTerrorist,1481.058,2785.554,127.3865,Knife,100,0,246.0897,44.04385,0,False,False,False,341.3672,1.054688
ScreaM,CounterTerrorist,1490.676,2787.235,127.2395,Knife,100,0,247.635,34.3059,0,False,False,False,341.3672,1.054688
ScreaM,CounterTerrorist,1500.405,2788.036,127.1584,Knife,100,0,249.7151,11.93081,0,False,False,False,341.3672,1.054688
ScreaM,CounterTerrorist,1510.169,2788.063,127.1418,Knife,100,0,249.9199,-6.327623,0,False,False,False,341.3672,1.054688
ScreaM,CounterTerrorist,1519.915,2787.46,127.1822,Knife,100,0,249.1109,-21.06611,0,False,False,False,341.3672,1.054688
ScreaM,CounterTerrorist,1529.616,2786.352,127.2642,Knife,100,0,247.8272,-32.88865,0,False,False,False,341.3672,1.054688
ScreaM,CounterTerrorist,1539.264,2784.839,127.3808,Knife,100,0,246.3886,-42.33969,0,False,False,False,341.3672,1.054688
ScreaM,CounterTerrorist,1548.861,2783.066,127.5197,Knife,100,0,245.849,-41.82476,0,False,False,False,341.3672,1.054688
ScreaM,CounterTerrorist,1558.529,2782.149,127.6501,Knife,100,0,248.5278,-11.98962,0,False,False,False,341.3672,1.054688
ScreaM,CounterTerrorist,1568.279,2782.273,127.6501,Knife,100,0,249.6818,12.61014,0,False,False,False,341.3672,1.054688
ScreaM,CounterTerrorist,1577.993,2783.247,127.5944,Knife,100,0,247.8682,32.57859,0,False,False,False,341.3672,1.054688
ScreaM,CounterTerrorist,1587.672,2784.531,127.518,Knife,100,0,248.7568,24.90056,0,False,False,False,341.3672,1.054688
ScreaM,CounterTerrorist,1597.424,2784.996,127.4836,Knife,100,0,249.9728,3.688015,0,False,False,False,340.3125,1.054688
ScreaM,CounterTerrorist,1607.183,2784.7,127.4803,Knife,100,0,249.5618,-14.79564,0,False,False,False,338.5547,1.054688
ScreaM,CounterTerrorist,1616.899,2783.734,127.5198,Knife,100,0,248.0636,-31.05519,0,False,False,False,337.1484,1.054688
ScreaM,CounterTerrorist,1626.54,2782.187,127.6084,Knife,100,0,245.9186,-44.98957,0,False,False,False,336.0938,1.054688
ScreaM,CounterTerrorist,1636.089,2780.147,127.7141,Knife,100,0,243.4571,-56.82112,0,False,False,False,335.0391,1.054688
ScreaM,CounterTerrorist,1645.538,2777.683,127.8757,Knife,100,0,240.8498,-67.01756,0,False,False,False,334.3359,1.054688
ScreaM,CounterTerrorist,1655.092,2775.744,128.1648,Knife,100,0,246.9323,-38.86211,0,False,False,False,333.6328,1.054688
ScreaM,CounterTerrorist,1664.807,2774.78,128.302,Knife,100,0,249.4953,-15.8777,0,False,False,False,333.2813,1.054688
ScreaM,CounterTerrorist,1674.536,2773.977,128.4143,Knife,100,0,248.3178,-28.95282,0,False,False,False,332.2266,1.054688
ScreaM,CounterTerrorist,1684.173,2772.41,128.5667,Knife,100,0,245.5103,-47.16668,0,False,False,False,331.5234,1.054688
ScreaM,CounterTerrorist,1693.682,2770.192,128.7199,Knife,100,0,241.9586,-62.89725,0,False,False,False,329.7656,1.40625
ScreaM,CounterTerrorist,1703.041,2767.407,128.9642,Knife,100,0,237.9627,-76.64051,0,False,False,False,328.0078,1.40625
ScreaM,CounterTerrorist,1712.236,2764.122,129.2897,Knife,100,0,233.6389,-88.9542,0,False,False,False,326.25,1.40625
ScreaM,CounterTerrorist,1721.255,2760.378,129.6899,Knife,100,0,229.0104,-100.2709,0,False,False,False,324.1406,1.757813
ScreaM,CounterTerrorist,1730.088,2756.216,129.8463,Knife,100,0,224.1871,-110.6351,0,False,False,False,322.3828,1.757813
ScreaM,CounterTerrorist,1738.728,2751.667,129.5514,Knife,100,0,219.1668,-120.2743,0,False,False,False,320.2734,2.109375
ScreaM,CounterTerrorist,1747.169,2746.757,129.1449,Knife,100,0,214.0509,-129.1596,0,False,False,False,318.8672,2.109375
ScreaM,CounterTerrorist,1755.414,2741.524,128.6901,Knife,100,0,209.0848,-137.053,0,False,False,False,317.4609,2.109375
ScreaM,CounterTerrorist,1763.423,2735.976,128.2963,Knife,100,0,198.2094,-148.0567,0,False,False,False,317.4609,2.109375
ScreaM,CounterTerrorist,1770.391,2729.593,128.115,Knife,100,0,165.9695,-172.9889,0,False,False,False,317.4609,2.109375
ScreaM,CounterTerrorist,1776.234,2722.341,128.16,Knife,100,0,139.338,-193.584,0,False,False,False,317.4609,2.109375
ScreaM,CounterTerrorist,1781.149,2714.37,128.3917,Knife,100,0,117.3391,-210.5965,0,False,False,False,317.4609,2.109375
ScreaM,CounterTerrorist,1785.295,2705.806,128.7778,Knife,100,0,99.16706,-224.6496,0,False,False,False,317.4609,2.109375
ScreaM,CounterTerrorist,1789.654,2697.147,129.1482,Knife,100,0,119.2777,-219.7108,0,False,False,False,317.4609,2.109375
ScreaM,CounterTerrorist,1794.69,2688.784,128.9154,Knife,100,0,134.2262,-210.9107,0,False,False,False,317.4609,2.109375
ScreaM,CounterTerrorist,1800.194,2680.719,128.5376,Knife,100,0,145.0003,-203.6539,0,False,False,False,317.4609,2.109375
ScreaM,CounterTerrorist,1805.948,2672.831,128.2601,Knife,100,0,142.8107,-204.9453,0,False,False,False,317.4609,2.109375
ScreaM,CounterTerrorist,1810.979,2664.471,128.1967,Knife,100,0,119.8754,-219.3852,0,False,False,False,317.4609,2.109375
ScreaM,CounterTerrorist,1815.185,2655.661,127.995,Knife,100,0,99.96107,-229.1458,0,False,False,False,317.4609,2.109375
ScreaM,CounterTerrorist,1818.867,2646.617,127.8185,Knife,100,0,98.40181,-229.8197,0,False,False,False,317.4609,2.109375
ScreaM,CounterTerrorist,1823.164,2637.85,127.6125,Knife,100,0,117.1119,-220.8728,0,False,False,False,317.4609,2.109375
ScreaM,CounterTerrorist,1828.092,2629.421,127.7996,Knife,100,0,131.6932,-212.5015,0,False,False,False,317.4609,2.109375
ScreaM,CounterTerrorist,1833.511,2621.298,127.9527,Knife,100,0,143.0635,-205.0191,0,False,False,False,317.4609,2.109375
ScreaM,CounterTerrorist,1839.317,2613.447,128.0502,Knife,100,0,152.089,-198.416,0,False,False,False,317.8125,2.109375
ScreaM,CounterTerrorist,1845.433,2605.835,127.8803,Knife,100,0,159.338,-192.6432,0,False,False,False,318.1641,2.109375
ScreaM,CounterTerrorist,1851.795,2598.426,127.7036,Knife,100,0,165.0113,-187.8065,0,False,False,False,318.1641,2.109375
ScreaM,CounterTerrorist,1858.348,2591.186,127.5216,Knife,100,0,169.4072,-183.851,0,False,False,False,318.1641,2.109375
ScreaM,CounterTerrorist,1865.046,2584.08,127.3355,Knife,100,0,172.7389,-180.7243,0,False,False,False,318.1641,2.109375
ScreaM,CounterTerrorist,1871.853,2577.077,127.3584,Knife,100,0,175.098,-178.4396,0,False,False,False,317.4609,2.460938
ScreaM,CounterTerrorist,1878.726,2570.14,126.9748,Knife,100,0,176.4417,-177.1111,0,False,False,False,316.7578,2.109375
ScreaM,CounterTerrorist,1885.637,2563.24,127.3996,Knife,100,0,177.1614,-176.3912,0,False,False,False,316.0547,1.757813
ScreaM,CounterTerrorist,1892.884,2556.867,127.6089,Knife,100,0,193.4843,-150.4927,0,False,False,False,316.0547,1.757813
ScreaM,CounterTerrorist,1900.852,2551.641,127.7683,Knife,100,0,210.5543,-123.3397,0,False,False,False,316.0547,1.757813
ScreaM,CounterTerrorist,1909.416,2547.362,127.7425,Knife,100,0,224.6548,-100.9101,0,False,False,False,316.0547,1.757813
ScreaM,CounterTerrorist,1918.469,2543.866,127.6911,Knife,100,0,236.0652,-82.29951,0,False,False,False,316.0547,1.757813
ScreaM,CounterTerrorist,1927.818,2541.052,127.634,Knife,100,0,241.2224,-65.66382,0,False,False,False,316.0547,1.757813
ScreaM,CounterTerrorist,1937.324,2538.815,127.4064,Knife,100,0,244.5339,-51.99226,0,False,False,False,316.0547,1.757813
ScreaM,CounterTerrorist,1946.928,2537.052,127.3149,Knife,100,0,246.618,-40.98268,0,False,False,False,315.7031,1.757813
ScreaM,CounterTerrorist,1956.592,2535.65,127.5789,Knife,100,0,247.8349,-32.83076,0,False,False,False,314.6484,1.757813
ScreaM,CounterTerrorist,1966.29,2534.502,127.5605,Knife,100,0,248.4787,-27.53798,0,False,False,False,312.8906,1.757813
ScreaM,CounterTerrorist,1976.001,2533.474,127.5441,Knife,100,0,248.6488,-25.95697,0,False,False,False,309.375,1.757813
ScreaM,CounterTerrorist,1985.71,2532.428,127.4745,Knife,100,0,248.4434,-27.85449,0,False,False,False,304.8047,1.757813
ScreaM,CounterTerrorist,1995.399,2531.208,127.8491,Knife,100,0,247.6702,-34.05074,0,False,False,False,299.1797,1.757813
ScreaM,CounterTerrorist,2005.04,2529.653,127.8404,Knife,100,0,246.0957,-44.01022,0,False,False,False,293.2031,1.757813
ScreaM,CounterTerrorist,2014.593,2527.635,127.8292,Knife,100,0,243.3716,-57.18614,0,False,False,False,286.875,1.054688
ScreaM,CounterTerrorist,2024.007,2525.044,127.8002,Knife,100,0,239.2205,-72.61932,0,False,False,False,280.8984,0.703125
ScreaM,CounterTerrorist,2033.226,2521.828,127.4313,Knife,100,0,233.7009,-88.79137,0,False,False,False,276.6797,0.3515625
ScreaM,CounterTerrorist,2042.209,2518.001,127.0591,Knife,100,0,227.4252,-103.8161,0,False,False,False,274.5703,0
ScreaM,CounterTerrorist,2050.676,2513.799,126.7085,P2000,100,0,212.6103,-111.3413,0,False,False,False,273.8672,359.6484
ScreaM,CounterTerrorist,2058.848,2509.208,126.3703,P2000,100,0,207.0569,-121.3566,0,False,False,False,273.5156,359.6484
ScreaM,CounterTerrorist,2066.821,2504.277,126.4992,P2000,100,0,202.2413,-129.2224,0,False,False,False,273.5156,359.6484
ScreaM,CounterTerrorist,2074.624,2499.08,126.8142,P2000,100,0,198.1591,-135.3993,0,False,False,False,273.5156,359.6484
ScreaM,CounterTerrorist,2082.704,2494.429,127.2277,P2000,100,0,212.3034,-108.847,0,False,False,False,273.5156,359.6484
ScreaM,CounterTerrorist,2091.276,2490.705,127.7665,P2000,100,0,223.746,-86.82011,0,False,False,False,273.5156,359.6484
ScreaM,CounterTerrorist,2100.178,2487.772,128.2008,P2000,100,0,230.2578,-67.68568,0,False,False,False,273.5156,359.6484
ScreaM,CounterTerrorist,2109.275,2485.51,128.5462,P2000,100,0,234.3412,-51.80956,0,False,False,False,273.5156,359.6484
ScreaM,CounterTerrorist,2118.489,2483.787,128.8201,P2000,100,0,236.7225,-39.5278,0,False,False,False,271.7578,358.5938
ScreaM,CounterTerrorist,2127.768,2482.452,129.1806,P2000,100,0,237.9866,-31.02179,0,False,False,False,270.3516,357.8906
ScreaM,CounterTerrorist,2137.061,2481.257,129.7254,P2000,100,0,236.5243,-37.00208,0,False,False,False,270,357.8906
ScreaM,CounterTerrorist,2146.139,2479.139,130.3851,P2000,100,0,229.827,-65.00081,0,False,False,False,270,357.8906
ScreaM,CounterTerrorist,2154.973,2476.048,131.1649,P2000,100,0,223.3732,-87.77475,0,False,False,False,270,357.8906
ScreaM,CounterTerrorist,2163.516,2472.192,131.8228,P2000,100,0,215.6107,-105.4136,0,False,False,False,270,357.8906
ScreaM,CounterTerrorist,2171.765,2467.741,132.326,P2000,100,0,208.3016,-119.2076,0,False,False,False,270,357.8906
ScreaM,CounterTerrorist,2179.746,2462.823,132.8818,P2000,100,0,201.7615,-129.9704,0,False,False,False,270,357.8906
ScreaM,CounterTerrorist,2187.492,2457.543,132.4736,P2000,100,0,196.0731,-138.4028,0,False,False,False,270,357.8906
ScreaM,CounterTerrorist,2195.034,2451.976,130.7829,P2000,100,0,191.2172,-145.0379,0,False,False,False,270,357.8906
ScreaM,CounterTerrorist,2202.357,2446.154,128.6788,P2000,100,0,180.8458,-154.1981,0,False,False,False,270,357.8906
ScreaM,CounterTerrorist,2208.663,2439.604,126.7683,P2000,100,0,149.3016,-176.0819,0,False,False,False,270,357.8906
ScreaM,CounterTerrorist,2213.869,2432.292,125.1415,P2000,100,0,123.2447,-194.1589,0,False,False,False,270,357.8906
ScreaM,CounterTerrorist,2218.165,2424.348,124.7042,P2000,100,0,101.7205,-209.0914,0,False,False,False,270,357.8906
ScreaM,CounterTerrorist,2222.441,2416.155,124.2927,P2000,100,0,116.0618,-208.9043,0,False,False,False,270,357.8906
ScreaM,CounterTerrorist,2227.267,2408.119,123.8599,P2000,100,0,127.8489,-203.1124,0,False,False,False,270,357.8906
ScreaM,CounterTerrorist,2232.474,2400.324,123.4157,P2000,100,0,136.6533,-197.2964,0,False,False,False,270,357.8906
ScreaM,CounterTerrorist,2237.979,2392.735,123.3421,P2000,100,0,143.5203,-192.3588,0,False,False,False,269.6484,357.8906
ScreaM,CounterTerrorist,2243.56,2385.222,123.5897,P2000,100,0,135.8772,-196.4729,0,False,False,False,269.6484,357.8906
ScreaM,CounterTerrorist,2248.287,2377.198,123.8984,P2000,100,0,111.6852,-210.9996,0,False,False,False,269.2969,357.8906
ScreaM,CounterTerrorist,2252.162,2368.679,124.2554,P2000,100,0,91.11056,-222.0335,0,False,False,False,268.9453,357.8906
ScreaM,CounterTerrorist,2255.29,2359.843,124.6013,P2000,100,0,73.13597,-228.5851,0,False,False,False,268.9453,357.8906
ScreaM,CounterTerrorist,2258.52,2351.045,124.9406,P2000,100,0,90.53593,-222.2684,0,False,False,False,268.9453,357.8906
ScreaM,CounterTerrorist,2262.447,2342.535,125.2327,P2000,100,0,106.6517,-215.0009,0,False,False,False,268.5938,357.8906
ScreaM,CounterTerrorist,2266.913,2334.293,125.4856,P2000,100,0,119.0113,-208.4138,0,False,False,False,268.2422,357.8906
ScreaM,CounterTerrorist,2271.784,2326.284,125.7076,P2000,100,0,128.1027,-202.9524,0,False,False,False,267.1875,357.8906
ScreaM,CounterTerrorist,2276.94,2318.454,125.8842,P2000,100,0,134.1366,-199.016,0,False,False,False,265.0781,357.8906
ScreaM,CounterTerrorist,2282.25,2310.728,126.0464,P2000,100,0,136.6875,-197.2727,0,False,False,False,261.5625,358.2422
ScreaM,CounterTerrorist,2287.572,2303.01,126.2075,P2000,100,0,135.4107,-198.1513,0,False,False,False,255.5859,358.2422
ScreaM,CounterTerrorist,2292.741,2295.189,126.3819,P2000,100,0,129.6886,-201.9427,0,False,False,False,248.5547,358.2422
ScreaM,CounterTerrorist,2297.599,2287.172,126.7483,P2000,100,0,120.428,-207.5984,0,False,False,False,242.5781,358.5938
ScreaM,CounterTerrorist,2302.056,2278.925,127.1791,P2000,100,0,109.9029,-213.3573,0,False,False,False,240.1172,358.5938
ScreaM,CounterTerrorist,2306.129,2270.482,127.644,P2000,100,0,100.7447,-217.8314,0,False,False,False,240.1172,358.5938
ScreaM,CounterTerrorist,2309.884,2261.892,128.1358,P2000,100,0,93.25636,-221.1408,0,False,False,False,240.1172,358.5938
ScreaM,CounterTerrorist,2313.38,2253.193,128.6486,P2000,100,0,87.1694,-223.6102,0,False,False,False,240.1172,358.5938
ScreaM,CounterTerrorist,2316.669,2244.414,129.1103,P2000,100,0,82.37095,-225.4219,0,False,False,False,240.1172,358.5938
ScreaM,CounterTerrorist,2319.795,2235.576,129.155,P2000,100,0,78.612,-226.7601,0,False,False,False,240.1172,358.5938
ScreaM,CounterTerrorist,2322.794,2226.693,129.2392,P2000,100,0,75.61191,-227.778,0,False,False,False,240.1172,358.5938
ScreaM,CounterTerrorist,2325.684,2217.775,129.3225,P2000,100,0,72.8131,-228.6881,0,False,False,False,238.711,358.5938
ScreaM,CounterTerrorist,2328.487,2208.835,129.3997,P2000,100,0,75.46111,-227.1185,0,False,False,False,235.1953,358.2422
ScreaM,CounterTerrorist,2332.039,2200.191,129.4239,P2000,100,0,100.0235,-218.1635,0,False,False,False,228.1641,357.1875
ScreaM,CounterTerrorist,2336.319,2191.852,129.3735,P2000,100,0,114.9722,-210.6689,0,False,False,False,223.2422,356.4844
ScreaM,CounterTerrorist,2341.047,2183.758,129.2916,P2000,100,0,124.7416,-205.0355,0,False,False,False,222.1875,356.4844
ScreaM,CounterTerrorist,2346.104,2175.864,129.1693,P2000,100,0,132.3541,-200.2059,0,False,False,False,222.1875,356.4844
ScreaM,CounterTerrorist,2351.419,2168.142,129.0147,P2000,100,0,138.3298,-196.1246,0,False,False,False,222.1875,356.4844
ScreaM,CounterTerrorist,2356.936,2160.562,128.8344,P2000,100,0,142.9874,-192.7553,0,False,False,False,222.1875,356.4844
ScreaM,CounterTerrorist,2361.865,2152.669,128.9202,P2000,100,0,115.7004,-207.8721,0,False,False,False,222.1875,356.4844
ScreaM,CounterTerrorist,2365.843,2144.249,128.9386,P2000,100,0,93.16006,-220.3593,0,False,False,False,222.1875,356.4844
ScreaM,CounterTerrorist,2369.018,2135.433,128.6986,P2000,100,0,73.67063,-228.4133,0,False,False,False,222.1875,356.4844
ScreaM,CounterTerrorist,2372.069,2126.571,128.468,P2000,100,0,85.71931,-224.17,0,False,False,False,221.4844,356.4844
ScreaM,CounterTerrorist,2375.791,2117.969,128.2007,P2000,100,0,101.1205,-217.6572,0,False,False,False,221.1328,356.4844
ScreaM,CounterTerrorist,2380.028,2109.607,127.9246,P2000,100,0,112.923,-211.7744,0,False,False,False,220.7813,356.4844
ScreaM,CounterTerrorist,2384.659,2101.456,127.6059,P2000,100,0,121.9908,-206.6839,0,False,False,False,220.4297,356.4844
ScreaM,CounterTerrorist,2389.592,2093.485,127.2544,P2000,100,0,128.878,-202.461,0,False,False,False,220.0781,356.4844
ScreaM,CounterTerrorist,2394.751,2085.657,126.8782,P2000,100,0,133.987,-199.1167,0,False,False,False,219.7266,356.4844
ScreaM,CounterTerrorist,2399.42,2077.58,126.4376,P2000,100,0,108.5499,-212.1695,0,False,False,False,219.375,356.4844
ScreaM,CounterTerrorist,2403.091,2069.014,126.0747,P2000,100,0,84.84417,-223.7295,0,False,False,False,219.0234,356.4844
ScreaM,CounterTerrorist,2405.921,2060.082,125.795,P2000,100,0,64.52288,-231.164,0,False,False,False,219.0234,356.4844
ScreaM,CounterTerrorist,2408.029,2050.949,125.432,P2000,100,0,47.31612,-235.2896,0,False,False,False,219.0234,356.4844
ScreaM,CounterTerrorist,2410.117,2041.813,124.357,P2000,100,0,62.29403,-231.7746,0,False,False,False,218.3203,356.4844
ScreaM,CounterTerrorist,2412.705,2033.232,123.2845,P2000,100,0,62.49115,-204.6724,0,False,False,False,217.9688,356.4844
ScreaM,CounterTerrorist,2414.885,2026.092,122.9882,P2000,100,0,51.62051,-169.0686,0,False,False,False,217.2656,356.4844
ScreaM,CounterTerrorist,2416.686,2020.195,122.8649,P2000,100,0,42.64086,-139.6583,0,False,False,False,216.5625,356.4844
ScreaM,CounterTerrorist,2418.241,2015.576,122.7624,P2000,100,0,42.99742,-117.1591,0,False,False,False,215.8594,356.4844
ScreaM,CounterTerrorist,2420.075,2011.059,122.7313,P2000,100,0,49.35299,-114.6269,0,False,False,False,215.1563,356.4844
ScreaM,CounterTerrorist,2422.12,2006.635,122.7151,P2000,100,0,54.20264,-112.4149,0,False,False,False,215.1563,356.4844
ScreaM,CounterTerrorist,2424.307,2002.278,122.6921,P2000,100,0,55.48878,-111.7857,0,False,False,False,214.4531,356.4844
ScreaM,CounterTerrorist,2426.123,1997.759,122.7803,P2000,100,0,40.73649,-117.9643,0,False,False,False,213.75,356.4844
ScreaM,CounterTerrorist,2427.408,1993.058,122.9262,P2000,100,0,27.94173,-121.6318,0,False,False,False,213.3984,356.4844
ScreaM,CounterTerrorist,2428.24,1988.257,123.0474,P2000,100,0,17.17178,-123.613,0,False,False,False,213.0469,356.4844
ScreaM,CounterTerrorist,2428.697,1983.404,123.1475,P2000,100,0,8.252525,-124.5268,0,False,False,False,212.6953,356.4844
ScreaM,CounterTerrorist,2428.843,1978.532,123.2146,P2000,100,0,0.9164532,-124.7966,0,False,False,False,211.9922,356.4844
ScreaM,CounterTerrorist,2428.649,1973.24,123.2987,P2000,100,0,-9.388966,-145.7561,0,False,False,False,211.6406,356.4844
ScreaM,CounterTerrorist,2428.048,1967.017,123.3158,P2000,100,0,-19.17611,-167.7507,0,False,False,False,211.289,356.4844
ScreaM,CounterTerrorist,2427.096,1960.03,123.3158,P2000,100,0,-27.68048,-185.8158,0,False,False,False,210.5859,356.4844
ScreaM,CounterTerrorist,2425.837,1952.415,123.466,P2000,100,0,-35.15846,-200.6226,0,False,False,False,210.2344,356.8359
ScreaM,CounterTerrorist,2424.305,1944.287,123.4638,P2000,100,0,-41.78746,-212.7335,0,False,False,False,209.5313,356.8359
ScreaM,CounterTerrorist,2422.531,1935.739,123.4294,P2000,100,0,-47.78936,-222.5916,0,False,False,False,208.8281,356.8359
ScreaM,CounterTerrorist,2420.533,1926.852,123.3839,P2000,100,0,-53.35789,-230.5576,0,False,False,False,208.125,356.8359
ScreaM,CounterTerrorist,2418.341,1917.753,123.328,P2000,100,0,-57.54248,-232.9997,0,False,False,False,207.0703,356.8359
ScreaM,CounterTerrorist,2416.013,1908.671,123.2632,P2000,100,0,-60.93647,-232.1352,0,False,False,False,206.3672,356.8359
ScreaM,CounterTerrorist,2413.567,1899.621,123.4859,P2000,100,0,-63.50159,-231.4467,0,False,False,False,207.7734,357.1875
ScreaM,CounterTerrorist,2411.108,1890.574,123.8883,P2000,100,0,-61.69172,-231.9356,0,False,False,False,215.1563,357.8906
ScreaM,CounterTerrorist,2408.553,1881.56,124.3891,P2000,100,0,-73.99669,-228.3079,0,False,False,False,226.7578,358.5938
ScreaM,CounterTerrorist,2405.302,1872.767,124.8776,P2000,100,0,-87.58564,-223.4474,0,False,False,False,239.0625,358.9453
ScreaM,CounterTerrorist,2401.8,1864.071,125.3607,P2000,100,0,-89.8651,-222.5405,0,False,False,False,248.9063,358.9453
ScreaM,CounterTerrorist,2398.364,1855.349,125.7487,P2000,100,0,-86.27179,-223.958,0,False,False,False,254.5313,358.9453
ScreaM,CounterTerrorist,2395.094,1846.562,126.2375,P2000,100,0,-82.13354,-225.5085,0,False,False,False,254.5313,358.9453
ScreaM,CounterTerrorist,2391.965,1837.725,126.8558,P2000,100,0,-78.85255,-226.6766,0,False,False,False,254.5313,358.9453
ScreaM,CounterTerrorist,2388.949,1828.849,127.4782,P2000,100,0,-76.21365,-227.5774,0,False,False,False,254.5313,358.9453
ScreaM,CounterTerrorist,2386.003,1819.948,134.5132,P2000,100,0,-75.30373,-227.8801,280.1184,False,False,False,254.5313,358.9453
ScreaM,CounterTerrorist,2383.062,1811.047,144.845,P2000,100,0,-75.30373,-227.8801,248.8684,False,False,False,254.5313,358.9453
ScreaM,CounterTerrorist,2380.12,1802.146,153.9561,P2000,100,0,-75.30373,-227.8801,217.6184,False,False,False,254.5313,358.9453
ScreaM,CounterTerrorist,2377.178,1793.244,161.8465,P2000,100,0,-75.30373,-227.8801,186.3684,False,False,False,254.5313,358.9453
ScreaM,CounterTerrorist,2374.236,1784.343,168.5162,P2000,100,0,-75.30373,-227.8801,155.1184,False,False,False,254.5313,358.9453
ScreaM,CounterTerrorist,2371.294,1775.442,173.9651,P2000,100,0,-75.30373,-227.8801,123.8684,False,False,False,254.5313,358.9453
ScreaM,CounterTerrorist,2368.352,1766.54,178.1934,P2000,100,0,-75.30373,-227.8801,92.61838,False,False,False,254.5313,358.9453
ScreaM,CounterTerrorist,2365.41,1757.639,181.201,P2000,100,0,-75.30373,-227.8801,61.36838,False,False,False,254.5313,359.2969
ScreaM,CounterTerrorist,2362.468,1748.737,182.9879,P2000,100,0,-75.30373,-227.8801,30.11838,False,False,False,255.5859,0
ScreaM,CounterTerrorist,2359.526,1739.836,183.5541,P2000,100,0,-75.30373,-227.8801,-1.131622,False,False,False,259.8047,1.054688
ScreaM,CounterTerrorist,2356.584,1730.935,182.8996,P2000,100,0,-75.30373,-227.8801,-32.38162,False,False,False,267.1875,1.40625
ScreaM,CounterTerrorist,2353.643,1722.033,181.0243,P2000,100,0,-75.30373,-227.8801,-63.63162,False,False,False,272.8125,0.703125
ScreaM,CounterTerrorist,2350.701,1713.132,177.9284,P2000,100,0,-75.30373,-227.8801,-94.88162,False,False,False,272.8125,0.703125
ScreaM,CounterTerrorist,2347.759,1704.231,173.6118,P2000,100,0,-75.30373,-227.8801,-126.1316,False,False,False,272.8125,0.703125
ScreaM,CounterTerrorist,2344.817,1695.329,168.0744,P2000,100,0,-75.30373,-227.8801,-157.3816,False,False,False,272.8125,0.703125
ScreaM,CounterTerrorist,2341.875,1686.428,161.3164,P2000,100,0,-75.30373,-227.8801,0,False,False,False,272.8125,0.703125
ScreaM,CounterTerrorist,2340.487,1678.991,160.0313,P2000,100,0,-17.30548,-190.2023,0,False,False,False,272.8125,0.703125
ScreaM,CounterTerrorist,2340.596,1671.496,160.0313,P2000,100,0,8.597886,-196.3169,0,False,False,False,275.9766,0.703125
ScreaM,CounterTerrorist,2341.099,1663.497,160.0313,P2000,100,0,16.76076,-209.8435,0,False,False,False,285.4688,0.3515625
ScreaM,CounterTerrorist,2342.085,1655.079,160.0313,P2000,100,0,31.82523,-218.5264,0,False,False,False,296.0156,359.6484
ScreaM,CounterTerrorist,2343.765,1646.441,160.0313,P2000,100,0,48.01024,-223.3801,0,False,False,False,305.8594,358.5938
ScreaM,CounterTerrorist,2345.324,1637.484,160.0313,P2000,100,0,35.53047,-233.0351,0,False,False,False,312.1875,358.2422
ScreaM,CounterTerrorist,2346.529,1628.22,160.0313,P2000,100,0,28.0044,-238.3605,0,False,False,False,314.2969,357.8906
ScreaM,CounterTerrorist,2346.938,1619.02,160.0313,P2000,100,0,-5.232203,-232.6541,0,False,False,False,314.6484,357.5391
ScreaM,CounterTerrorist,2345.925,1610.079,160.0313,P2000,100,0,-38.84018,-226.547,0,False,False,False,315,357.5391
ScreaM,CounterTerrorist,2343.747,1601.345,160.0313,P2000,100,0,-66.32104,-221.782,0,False,False,False,315.3516,357.5391
ScreaM,CounterTerrorist,2340.957,1592.636,160.0313,P2000,100,0,-67.23082,-226.6616,0,False,False,False,315.7031,357.5391
ScreaM,CounterTerrorist,2338.637,1583.584,160.0313,P2000,100,0,-54.14914,-233.8116,0,False,False,False,316.0547,357.5391
ScreaM,CounterTerrorist,2336.807,1574.39,160.0313,P2000,100,0,-42.25143,-236.2516,0,False,False,False,316.7578,357.5391
ScreaM,CounterTerrorist,2335.401,1565.122,160.0313,P2000,100,0,-32.00923,-237.8559,0,False,False,False,317.4609,357.5391
ScreaM,CounterTerrorist,2334.531,1555.855,160.0313,P2000,100,0,-9.011661,-234.5887,0,False,False,False,318.8672,357.5391
ScreaM,CounterTerrorist,2335.291,1547.48,160.0313,P2000,100,0,38.92714,-196.7556,0,False,False,False,319.5703,357.5391
ScreaM,CounterTerrorist,2337.815,1540.712,160.0313,P2000,100,0,80.69667,-158.5084,0,False,False,False,319.9219,357.5391
ScreaM,CounterTerrorist,2341.797,1535.281,160.0313,P2000,100,0,115.2025,-126.9446,0,False,False,False,319.2188,357.5391
ScreaM,CounterTerrorist,2346.904,1531.094,160.0313,P2000,100,0,137.0746,-87.79484,0,False,False,False,317.4609,357.8906
ScreaM,CounterTerrorist,2352.497,1528.875,160.0313,P2000,100,0,147.312,-37.73513,0,False,False,False,314.2969,357.8906
ScreaM,CounterTerrorist,2358.505,1528.343,160.0313,P2000,100,0,158.2082,1.035897,0,False,False,False,309.7266,358.5938
ScreaM,CounterTerrorist,2364.947,1529.098,160.0313,P2000,100,0,169.3502,30.47029,0,False,False,False,306.5625,358.5938
ScreaM,CounterTerrorist,2371.802,1530.848,160.0313,P2000,100,0,179.3061,53.78542,0,False,False,False,305.8594,358.5938
ScreaM,CounterTerrorist,2379.003,1533.412,160.0313,P2000,100,0,187.5301,73.04475,0,False,False,False,305.8594,358.5938
ScreaM,CounterTerrorist,2386.701,1535.777,160.0313,P2000,100,0,203.0134,52.70175,0,False,False,False,305.8594,358.5938
ScreaM,CounterTerrorist,2393.954,1537.279,160.0313,P2000,65,0,89.71412,16.39563,0,False,False,False,305.8594,358.5938
ScreaM,CounterTerrorist,2397.422,1538.356,160.0313,P2000,65,0,88.18003,33.48859,0,False,False,False,306.9141,358.5938
ScreaM,CounterTerrorist,2400.84,1539.915,160.0313,P2000,65,0,87.0274,43.84895,0,False,False,False,310.4297,358.9453
ScreaM,CounterTerrorist,2403.495,1541.18,160.0313,P2000,30,0,46.30782,23.1628,0,False,False,False,312.8906,358.9453
ScreaM,CounterTerrorist,2403.844,1541.914,160.0313,P2000,30,0,-13.48665,14.53084,0,False,False,False,313.2422,358.9453
ScreaM,CounterTerrorist,2402.43,1542.181,160.0313,P2000,30,0,-47.82113,-4.327404,0,False,False,False,313.2422,358.9453
