Name,Team,Position.X,Position.Y,Position.Z,ActiveWeapon,HP,Armour,Velocity.X,Velocity.Y,Velocity.Z,IsDucking,HasHelmet,HasDefuseKit,ViewDirectionX,ViewDirectionY,Map = de_inferno
krimz * crucial,CounterTerrorist,2432,2184,124.3104,Knife,100,100,0,0,0,False,True,False,256.6406,18.98438
krimz * crucial,CounterTerrorist,2432,2184,124.3104,Knife,100,100,0,0,0,False,True,False,256.6406,18.98438
krimz * crucial,CounterTerrorist,2432,2184,124.3104,Knife,100,100,0,0,0,False,True,False,256.6406,18.98438
krimz * crucial,CounterTerrorist,2432,2184,124.3104,Knife,100,100,0,0,0,False,True,False,256.6406,18.98438
krimz * crucial,CounterTerrorist,2432,2184,124.3104,Knife,100,100,0,0,0,False,True,False,271.0547,0
krimz * crucial,CounterTerrorist,2432,2184,124.3104,Knife,100,100,0,0,0,False,True,False,271.0547,0
krimz * crucial,CounterTerrorist,2432,2184,124.3104,Knife,100,100,0,0,0,False,True,False,271.0547,0
krimz * crucial,CounterTerrorist,2432,2184,124.3104,Knife,100,100,0,0,0,False,True,False,271.0547,0
krimz * crucial,CounterTerrorist,2432,2184,124.3104,Knife,100,100,0,0,0,False,True,False,271.0547,0
krimz * crucial,CounterTerrorist,2432,2184,124.3104,Knife,100,100,0,0,0,False,True,False,271.0547,0
krimz * crucial,CounterTerrorist,2432,2184,124.3104,Knife,100,100,0,0,0,False,True,False,271.0547,0
krimz * crucial,CounterTerrorist,2432,2184,124.3104,Knife,100,100,0,0,0,False,True,False,271.0547,0
krimz * crucial,CounterTerrorist,2432,2184,124.3104,Knife,100,100,0,0,0,False,True,False,271.0547,0
krimz * crucial,CounterTerrorist,2432,2184,124.3104,Knife,100,100,0,0,0,False,True,False,271.0547,0
krimz * crucial,CounterTerrorist,2432,2184,124.3104,Knife,100,100,0,0,0,False,True,False,271.0547,0
krimz * crucial,CounterTerrorist,2432,2184,124.3104,Knife,100,100,0,0,0,False,True,True,271.0547,0
krimz * crucial,CounterTerrorist,2432,2184,124.3104,Knife,100,100,0,0,0,False,True,True,271.0547,0
krimz * crucial,CounterTerrorist,2432,2184,124.3104,Knife,100,100,0,0,0,False,True,True,271.0547,0
krimz * crucial,CounterTerrorist,2432,2184,124.3104,Knife,100,100,0,0,0,False,True,True,271.0547,0
krimz * crucial,CounterTerrorist,2432,2184,124.3104,Knife,100,100,0,0,0,False,True,True,271.0547,0
krimz * crucial,CounterTerrorist,2432,2184,124.3104,Knife,100,100,0,0,0,False,True,True,271.0547,0
krimz * crucial,CounterTerrorist,2432,2184,124.3104,Knife,100,100,0,0,0,False,True,True,271.0547,0
krimz * crucial,CounterTerrorist,2432,2184,124.3104,Knife,100,100,0,0,0,False,True,True,271.0547,0
krimz * crucial,CounterTerrorist,2432,2184,124.3104,Smoke,100,100,0,0,0,False,True,True,271.0547,0
krimz * crucial,CounterTerrorist,2432,2184,124.3104,Smoke,100,100,0,0,0,False,True,True,271.0547,0
krimz * crucial,CounterTerrorist,2432,2184,124.3104,Smoke,100,100,0,0,0,False,True,True,271.0547,0
krimz * crucial,CounterTerrorist,2432,2184,124.3104,Smoke,100,100,0,0,0,False,True,True,271.0547,0
krimz * crucial,CounterTerrorist,2432,2184,124.3104,Smoke,100,100,0,0,0,False,True,True,271.0547,0
krimz * crucial,CounterTerrorist,2432,2184,124.3104,Smoke,100,100,0,0,0,False,True,True,271.0547,0
krimz * crucial,CounterTerrorist,2432,2184,124.3104,Smoke,100,100,0,0,0,False,True,True,271.0547,0
krimz * crucial,CounterTerrorist,2432,2184,124.3104,Smoke,100,100,0,0,0,False,True,True,271.0547,0
krimz * crucial,CounterTerrorist,2432,2184,124.3104,Smoke,100,100,0,0,0,False,True,True,271.0547,0
krimz * crucial,CounterTerrorist,2432,2184,124.3104,Smoke,100,100,0,0,0,False,True,True,271.4063,359.6484
krimz * crucial,CounterTerrorist,2432,2184,124.3104,Smoke,100,100,0,0,0,False,True,True,260.1563,0.3515625
krimz * crucial,CounterTerrorist,2432,2184,124.3104,Smoke,100,100,0,0,0,False,True,True,229.5703,2.109375
krimz * crucial,CounterTerrorist,2432,2184,124.3104,Knife,100,100,0,0,0,False,True,True,208.4766,1.40625
krimz * crucial,CounterTerrorist,2432,2184,124.3104,Knife,100,100,0,0,0,False,True,True,210.5859,1.40625
krimz * crucial,CounterTerrorist,2432,2184,124.3104,Knife,100,100,0,0,0,False,True,True,210.5859,1.40625
krimz * crucial,CounterTerrorist,2432,2184,124.3104,Smoke,100,100,0,0,0,False,True,True,210.9375,1.054688
krimz * crucial,CounterTerrorist,2432,2184,124.3104,Smoke,100,100,0,0,0,False,True,True,195.4688,1.757813
krimz * crucial,CounterTerrorist,2432,2184,124.3104,Knife,100,100,0,0,0,False,True,True,168.3984,2.460938
krimz * crucial,CounterTerrorist,2432,2184,124.3104,P2000,100,100,0,0,0,False,True,True,156.7969,1.757813
krimz * crucial,CounterTerrorist,2432,2184,124.3104,P2000,100,100,0,0,0,False,True,True,156.7969,1.757813
krimz * crucial,CounterTerrorist,2432,2184,124.3104,P2000,100,100,0,0,0,False,True,True,156.7969,1.757813
krimz * crucial,CounterTerrorist,2432,2184,124.3104,M4A4,100,100,0,0,0,False,True,True,156.7969,1.757813
krimz * crucial,CounterTerrorist,2432,2184,124.3104,Knife,100,100,0,0,0,False,True,True,155.0391,1.40625
krimz * crucial,CounterTerrorist,2432,2184,124.3104,Knife,100,100,0,0,0,False,True,True,153.6328,1.40625
krimz * crucial,CounterTerrorist,2432,2184,124.3104,Knife,100,100,0,0,0,False,True,True,153.2813,1.40625
krimz * crucial,CounterTerrorist,2432,2184,124.3104,Knife,100,100,0,0,0,False,True,True,153.2813,1.40625
krimz * crucial,CounterTerrorist,2432,2184,124.3104,Knife,100,100,0,0,0,False,True,True,153.2813,1.40625
krimz * crucial,CounterTerrorist,2432,2184,124.3104,Knife,100,100,0,0,0,False,True,True,153.2813,1.40625
krimz * crucial,CounterTerrorist,2432,2184,124.3104,Knife,100,100,0,0,0,False,True,True,153.2813,1.40625
krimz * crucial,CounterTerrorist,2432,2184,124.3104,Knife,100,100,0,0,0,False,True,True,152.9297,1.40625
krimz * crucial,CounterTerrorist,2432,2184,124.3104,Knife,100,100,0,0,0,False,True,True,152.2266,1.40625
krimz * crucial,CounterTerrorist,2432,2184,124.3104,Knife,100,100,0,0,0,False,True,True,151.875,1.40625
krimz * crucial,CounterTerrorist,2432,2184,124.3104,Knife,100,100,0,0,0,False,True,True,151.875,1.40625
krimz * crucial,CounterTerrorist,2432,2184,124.3104,Knife,100,100,0,0,0,False,True,True,151.875,1.40625
krimz * crucial,CounterTerrorist,2432,2184,124.3104,Knife,100,100,0,0,0,False,True,True,151.875,1.40625
krimz * crucial,CounterTerrorist,2432,2184,124.3104,Knife,100,100,0,0,0,False,True,True,151.875,1.40625
krimz * crucial,CounterTerrorist,2432,2184,124.3104,Knife,100,100,0,0,0,False,True,True,151.875,1.40625
krimz * crucial,CounterTerrorist,2432,2184,124.3104,Knife,100,100,0,0,0,False,True,True,151.875,1.40625
krimz * crucial,CounterTerrorist,2432,2184,124.3104,Knife,100,100,0,0,0,False,True,True,151.875,1.40625
krimz * crucial,CounterTerrorist,2432,2184,124.3104,Knife,100,100,0,0,0,False,True,True,151.875,1.40625
krimz * crucial,CounterTerrorist,2432,2184,124.3104,Knife,100,100,0,0,0,False,True,True,151.875,1.40625
krimz * crucial,CounterTerrorist,2432,2184,124.3104,Knife,100,100,0,0,0,False,True,True,151.875,1.40625
krimz * crucial,CounterTerrorist,2432,2184,124.3104,Knife,100,100,0,0,0,False,True,True,151.875,1.40625
krimz * crucial,CounterTerrorist,2432,2184,124.3104,Knife,100,100,0,0,0,False,True,True,151.875,1.40625
krimz * crucial,CounterTerrorist,2432,2184,124.3104,Knife,100,100,0,0,0,False,True,True,151.875,1.40625
krimz * crucial,CounterTerrorist,2432,2184,124.3104,Knife,100,100,0,0,0,False,True,True,151.875,1.40625
krimz * crucial,CounterTerrorist,2432,2184,124.3104,Knife,100,100,0,0,0,False,True,True,151.875,1.40625
krimz * crucial,CounterTerrorist,2432,2184,124.3104,Knife,100,100,0,0,0,False,True,True,151.875,1.40625
krimz * crucial,CounterTerrorist,2432,2184,124.3104,Knife,100,100,0,0,0,False,True,True,151.875,1.40625
krimz * crucial,CounterTerrorist,2432,2184,124.3104,Knife,100,100,0,0,0,False,True,True,151.875,1.40625
krimz * crucial,CounterTerrorist,2432,2184,124.3104,Knife,100,100,0,0,0,False,True,True,151.875,1.40625
krimz * crucial,CounterTerrorist,2432,2184,124.3104,Knife,100,100,0,0,0,False,True,True,151.875,1.40625
krimz * crucial,CounterTerrorist,2432,2184,124.3104,Knife,100,100,0,0,0,False,True,True,151.875,1.40625
krimz * crucial,CounterTerrorist,2432,2184,124.3104,Knife,100,100,0,0,0,False,True,True,151.875,1.40625
krimz * crucial,CounterTerrorist,2432,2184,124.3104,Knife,100,100,0,0,0,False,True,True,151.875,1.40625
krimz * crucial,CounterTerrorist,2432,2184,124.3104,Knife,100,100,0,0,0,False,True,True,151.875,1.40625
krimz * crucial,CounterTerrorist,2432,2184,124.3104,Knife,100,100,0,0,0,False,True,True,151.875,1.40625
krimz * crucial,CounterTerrorist,2432,2184,124.3104,Knife,100,100,0,0,0,False,True,True,151.875,1.40625
krimz * crucial,CounterTerrorist,2432,2184,124.3104,Knife,100,100,0,0,0,False,True,True,151.875,1.40625
krimz * crucial,CounterTerrorist,2432,2184,124.3104,Knife,100,100,0,0,0,False,True,True,151.875,1.40625
krimz * crucial,CounterTerrorist,2432,2184,124.3104,Knife,100,100,0,0,0,False,True,True,151.875,1.40625
krimz * crucial,CounterTerrorist,2432,2184,124.3104,Knife,100,100,0,0,0,False,True,True,151.875,1.40625
krimz * crucial,CounterTerrorist,2432,2184,124.3104,Knife,100,100,0,0,0,False,True,True,151.875,1.40625
krimz * crucial,CounterTerrorist,2432,2184,124.3104,Knife,100,100,0,0,0,False,True,True,151.875,1.40625
krimz * crucial,CounterTerrorist,2432,2184,124.3104,Knife,100,100,0,0,0,False,True,True,151.875,1.40625
krimz * crucial,CounterTerrorist,2432,2184,124.3104,Knife,100,100,0,0,0,False,True,True,151.875,1.40625
krimz * crucial,CounterTerrorist,2432,2184,124.3104,M4A4,100,100,0,0,0,False,True,True,151.875,1.40625
krimz * crucial,CounterTerrorist,2432,2184,124.3104,M4A4,100,100,0,0,0,False,True,True,151.875,1.40625
krimz * crucial,CounterTerrorist,2432,2184,124.3104,Knife,100,100,0,0,0,False,True,True,151.875,1.40625
krimz * crucial,CounterTerrorist,2432,2184,124.3104,M4A4,100,100,0,0,0,False,True,True,151.875,1.40625
krimz * crucial,CounterTerrorist,2432,2184,124.3104,M4A4,100,100,0,0,0,False,True,True,151.875,1.40625
krimz * crucial,CounterTerrorist,2432,2184,124.3104,Knife,100,100,0,0,0,False,True,True,151.875,1.40625
krimz * crucial,CounterTerrorist,2432,2184,124.3104,Knife,100,100,0,0,0,False,True,True,151.875,1.40625
krimz * crucial,CounterTerrorist,2432,2184,124.3104,Knife,100,100,0,0,0,False,True,True,151.875,1.40625
krimz * crucial,CounterTerrorist,2432,2184,124.3104,P2000,100,100,0,0,0,False,True,True,151.875,1.40625
krimz * crucial,CounterTerrorist,2432,2184,124.3104,P2000,100,100,0,0,0,False,True,True,151.875,1.40625
krimz * crucial,CounterTerrorist,2432,2184,124.3104,M4A4,100,100,0,0,0,False,True,True,151.875,1.40625
krimz * crucial,CounterTerrorist,2432,2184,124.3104,M4A4,100,100,0,0,0,False,True,True,151.875,1.40625
krimz * crucial,CounterTerrorist,2432,2184,124.3104,Knife,100,100,0,0,0,False,True,True,151.875,1.40625
krimz * crucial,CounterTerrorist,2432,2184,124.3104,Knife,100,100,0,0,0,False,True,True,151.875,1.40625
krimz * crucial,CounterTerrorist,2432,2184,124.3104,Knife,100,100,0,0,0,False,True,True,151.875,1.40625
krimz * crucial,CounterTerrorist,2432,2184,124.3104,Knife,100,100,0,0,0,False,True,True,151.875,1.40625
krimz * crucial,CounterTerrorist,2432,2184,124.3104,M4A4,100,100,0,0,0,False,True,True,151.875,1.40625
krimz * crucial,CounterTerrorist,2432,2184,124.3104,M4A4,100,100,0,0,0,False,True,True,151.875,1.40625
krimz * crucial,CounterTerrorist,2432,2184,124.3104,Knife,100,100,0,0,0,False,True,True,151.875,1.40625
krimz * crucial,CounterTerrorist,2432,2184,124.3104,Knife,100,100,0,0,0,False,True,True,151.875,1.40625
krimz * crucial,CounterTerrorist,2432,2184,124.3104,M4A4,100,100,0,0,0,False,True,True,151.875,1.40625
krimz * crucial,CounterTerrorist,2432,2184,124.3104,M4A4,100,100,0,0,0,False,True,True,151.875,1.40625
krimz * crucial,CounterTerrorist,2432,2184,124.3104,Knife,100,100,0,0,0,False,True,True,151.875,1.40625
krimz * crucial,CounterTerrorist,2432,2184,124.3104,Knife,100,100,0,0,0,False,True,True,151.875,1.40625
krimz * crucial,CounterTerrorist,2432,2184,124.3104,M4A4,100,100,0,0,0,False,True,True,151.875,1.40625
krimz * crucial,CounterTerrorist,2432,2184,124.3104,Knife,100,100,0,0,0,False,True,True,151.875,1.40625
krimz * crucial,CounterTerrorist,2432,2184,124.3104,Knife,100,100,0,0,0,False,True,True,151.875,1.40625
krimz * crucial,CounterTerrorist,2432,2184,124.3104,M4A4,100,100,0,0,0,False,True,True,151.875,1.40625
krimz * crucial,CounterTerrorist,2432,2184,124.3104,M4A4,100,100,0,0,0,False,True,True,151.875,1.40625
krimz * crucial,CounterTerrorist,2432,2184,124.3104,Knife,100,100,0,0,0,False,True,True,151.875,1.40625
krimz * crucial,CounterTerrorist,2432,2184,124.3104,M4A4,100,100,0,0,0,False,True,True,151.875,1.40625
krimz * crucial,CounterTerrorist,2432,2184,124.3104,M4A4,100,100,0,0,0,False,True,True,151.875,1.40625
krimz * crucial,CounterTerrorist,2432,2184,124.3104,Knife,100,100,0,0,0,False,True,True,151.875,1.40625
krimz * crucial,CounterTerrorist,2432,2184,124.3104,Knife,100,100,0,0,0,False,True,True,151.875,1.40625
krimz * crucial,CounterTerrorist,2432,2184,124.3104,M4A4,100,100,0,0,0,False,True,True,151.875,1.40625
krimz * crucial,CounterTerrorist,2432,2184,124.3104,M4A4,100,100,0,0,0,False,True,True,151.875,1.40625
krimz * crucial,CounterTerrorist,2432,2184,124.3104,M4A4,100,100,0,0,0,False,True,True,151.875,1.40625
krimz * crucial,CounterTerrorist,2432,2184,124.3104,Knife,100,100,0,0,0,False,True,True,151.875,1.40625
krimz * crucial,CounterTerrorist,2432,2184,124.3104,M4A4,100,100,0,0,0,False,True,True,151.875,1.40625
krimz * crucial,CounterTerrorist,2432,2184,124.3104,Knife,100,100,0,0,0,False,True,True,151.875,1.40625
krimz * crucial,CounterTerrorist,2432,2184,124.3104,Knife,100,100,0,0,0,False,True,True,151.875,1.40625
krimz * crucial,CounterTerrorist,2432,2184,124.3104,Knife,100,100,0,0,0,False,True,True,151.875,1.40625
krimz * crucial,CounterTerrorist,2432,2184,124.3104,Knife,100,100,0,0,0,False,True,True,151.875,1.40625
krimz * crucial,CounterTerrorist,2432,2184,124.3104,Knife,100,100,0,0,0,False,True,True,151.875,1.40625
krimz * crucial,CounterTerrorist,2432,2184,124.3104,Knife,100,100,0,0,0,False,True,True,151.875,1.40625
krimz * crucial,CounterTerrorist,2432,2184,124.3104,Knife,100,100,0,0,0,False,True,True,151.875,1.40625
krimz * crucial,CounterTerrorist,2432,2184,124.3104,Knife,100,100,0,0,0,False,True,True,151.875,1.40625
krimz * crucial,CounterTerrorist,2432,2184,124.3104,Knife,100,100,0,0,0,False,True,True,151.875,1.40625
krimz * crucial,CounterTerrorist,2432,2184,124.3104,Knife,100,100,0,0,0,False,True,True,151.875,1.40625
krimz * crucial,CounterTerrorist,2432,2184,124.3104,Knife,100,100,0,0,0,False,True,True,151.875,1.40625
krimz * crucial,CounterTerrorist,2432,2184,124.3104,Knife,100,100,0,0,0,False,True,True,151.875,1.40625
krimz * crucial,CounterTerrorist,2432,2184,124.3104,Knife,100,100,0,0,0,False,True,True,151.875,1.40625
krimz * crucial,CounterTerrorist,2432,2184,124.3104,Knife,100,100,0,0,0,False,True,True,151.875,1.40625
krimz * crucial,CounterTerrorist,2432,2184,124.3104,Knife,100,100,0,0,0,False,True,True,151.875,1.40625
krimz * crucial,CounterTerrorist,2432,2184,124.3104,Knife,100,100,0,0,0,False,True,True,151.875,1.40625
krimz * crucial,CounterTerrorist,2432,2184,124.3104,Knife,100,100,0,0,0,False,True,True,151.875,1.40625
krimz * crucial,CounterTerrorist,2432,2184,124.3104,Knife,100,100,0,0,0,False,True,True,151.875,1.40625
krimz * crucial,CounterTerrorist,2432,2184,124.3104,Knife,100,100,0,0,0,False,True,True,151.875,1.40625
krimz * crucial,CounterTerrorist,2432,2184,124.3104,Knife,100,100,0,0,0,False,True,True,151.875,1.40625
krimz * crucial,CounterTerrorist,2432,2184,124.3104,Knife,100,100,0,0,0,False,True,True,151.875,1.40625
krimz * crucial,CounterTerrorist,2432,2184,124.3104,Knife,100,100,0,0,0,False,True,True,151.875,1.40625
krimz * crucial,CounterTerrorist,2432,2184,124.3104,Knife,100,100,0,0,0,False,True,True,151.875,1.40625
krimz * crucial,CounterTerrorist,2432,2184,124.3104,Knife,100,100,0,0,0,False,True,True,151.875,1.40625
krimz * crucial,CounterTerrorist,2432,2184,124.3104,Knife,100,100,0,0,0,False,True,True,151.875,1.40625
krimz * crucial,CounterTerrorist,2432,2184,124.3104,Knife,100,100,0,0,0,False,True,True,151.875,1.40625
krimz * crucial,CounterTerrorist,2432,2184,124.3104,Knife,100,100,0,0,0,False,True,True,151.875,1.40625
krimz * crucial,CounterTerrorist,2432,2184,124.3104,Knife,100,100,0,0,0,False,True,True,151.875,1.40625
krimz * crucial,CounterTerrorist,2432,2184,124.3104,Knife,100,100,0,0,0,False,True,True,151.875,1.40625
krimz * crucial,CounterTerrorist,2432,2184,124.3104,Knife,100,100,0,0,0,False,True,True,151.875,1.40625
krimz * crucial,CounterTerrorist,2432,2184,124.3104,Knife,100,100,0,0,0,False,True,True,151.875,1.40625
krimz * crucial,CounterTerrorist,2432,2184,124.3104,Knife,100,100,0,0,0,False,True,True,151.875,1.40625
krimz * crucial,CounterTerrorist,2432,2184,124.3104,Knife,100,100,0,0,0,False,True,True,151.875,1.40625
krimz * crucial,CounterTerrorist,2432,2184,124.3104,Knife,100,100,0,0,0,False,True,True,151.875,1.40625
krimz * crucial,CounterTerrorist,2432,2184,124.3104,Knife,100,100,0,0,0,False,True,True,151.875,1.40625
krimz * crucial,CounterTerrorist,2432,2184,124.3104,Knife,100,100,0,0,0,False,True,True,151.875,1.40625
krimz * crucial,CounterTerrorist,2432,2184,124.3104,Knife,100,100,0,0,0,False,True,True,151.875,1.40625
krimz * crucial,CounterTerrorist,2432,2184,124.3104,Knife,100,100,0,0,0,False,True,True,151.875,1.40625
krimz * crucial,CounterTerrorist,2432,2184,124.3104,Knife,100,100,0,0,0,False,True,True,151.875,1.40625
krimz * crucial,CounterTerrorist,2432,2184,124.3104,Knife,100,100,0,0,0,False,True,True,151.875,1.40625
krimz * crucial,CounterTerrorist,2432,2184,124.3104,Knife,100,100,0,0,0,False,True,True,151.875,1.40625
krimz * crucial,CounterTerrorist,2432,2184,124.3104,Knife,100,100,0,0,0,False,True,True,151.875,1.40625
krimz * crucial,CounterTerrorist,2432,2184,124.3104,Knife,100,100,0,0,0,False,True,True,151.875,1.40625
krimz * crucial,CounterTerrorist,2432,2184,124.3104,Knife,100,100,0,0,0,False,True,True,151.875,1.40625
krimz * crucial,CounterTerrorist,2432,2184,124.3104,Knife,100,100,0,0,0,False,True,True,151.875,1.40625
krimz * crucial,CounterTerrorist,2432,2184,124.3104,Knife,100,100,0,0,0,False,True,True,151.875,1.40625
krimz * crucial,CounterTerrorist,2432,2184,124.3104,Knife,100,100,0,0,0,False,True,True,151.875,1.40625
krimz * crucial,CounterTerrorist,2432,2184,124.3104,Knife,100,100,0,0,0,False,True,True,151.875,1.40625
krimz * crucial,CounterTerrorist,2432,2184,124.3104,Knife,100,100,0,0,0,False,True,True,151.875,1.40625
krimz * crucial,CounterTerrorist,2432,2184,124.3104,Knife,100,100,0,0,0,False,True,True,151.875,1.40625
krimz * crucial,CounterTerrorist,2432,2184,124.3104,Knife,100,100,0,0,0,False,True,True,151.875,1.40625
krimz * crucial,CounterTerrorist,2432,2184,124.3104,Knife,100,100,0,0,0,False,True,True,151.875,1.40625
krimz * crucial,CounterTerrorist,2432,2184,124.3104,Knife,100,100,0,0,0,False,True,True,151.875,1.40625
krimz * crucial,CounterTerrorist,2432,2184,124.3104,Knife,100,100,0,0,0,False,True,True,151.875,1.40625
krimz * crucial,CounterTerrorist,2432,2184,124.3104,Knife,100,100,0,0,0,False,True,True,151.875,1.40625
krimz * crucial,CounterTerrorist,2432,2184,124.3104,Knife,100,100,0,0,0,False,True,True,151.875,1.40625
krimz * crucial,CounterTerrorist,2432,2184,124.3104,Knife,100,100,0,0,0,False,True,True,151.875,1.40625
krimz * crucial,CounterTerrorist,2432,2184,124.3104,Knife,100,100,0,0,0,False,True,True,151.875,1.40625
krimz * crucial,CounterTerrorist,2432,2184,124.3104,Knife,100,100,0,0,0,False,True,True,151.875,1.40625
krimz * crucial,CounterTerrorist,2432,2184,124.3104,Knife,100,100,0,0,0,False,True,True,151.875,1.40625
krimz * crucial,CounterTerrorist,2432,2184,124.3104,Knife,100,100,0,0,0,False,True,True,151.875,1.40625
krimz * crucial,CounterTerrorist,2432,2184,124.3104,Knife,100,100,0,0,0,False,True,True,151.875,1.40625
krimz * crucial,CounterTerrorist,2432,2184,124.3104,Knife,100,100,0,0,0,False,True,True,151.875,1.40625
krimz * crucial,CounterTerrorist,2432,2184,124.3104,Knife,100,100,0,0,0,False,True,True,151.875,1.40625
krimz * crucial,CounterTerrorist,2432,2184,124.3104,Knife,100,100,0,0,0,False,True,True,151.875,1.40625
krimz * crucial,CounterTerrorist,2432,2184,124.3104,Knife,100,100,0,0,0,False,True,True,151.875,1.40625
krimz * crucial,CounterTerrorist,2432,2184,124.3104,Knife,100,100,0,0,0,False,True,True,151.875,1.40625
krimz * crucial,CounterTerrorist,2432,2184,124.3104,Knife,100,100,0,0,0,False,True,True,151.875,1.40625
krimz * crucial,CounterTerrorist,2432,2184,124.3104,Knife,100,100,0,0,0,False,True,True,151.875,1.40625
krimz * crucial,CounterTerrorist,2432,2184,124.3104,Knife,100,100,0,0,0,False,True,True,151.875,1.40625
krimz * crucial,CounterTerrorist,2432,2184,124.3104,Knife,100,100,0,0,0,False,True,True,151.875,1.40625
krimz * crucial,CounterTerrorist,2432,2184,124.3104,Knife,100,100,0,0,0,False,True,True,151.875,1.40625
krimz * crucial,CounterTerrorist,2432,2184,124.3104,Knife,100,100,0,0,0,False,True,True,151.875,1.40625
krimz * crucial,CounterTerrorist,2432,2184,124.3104,Knife,100,100,0,0,0,False,True,True,151.875,1.40625
krimz * crucial,CounterTerrorist,2432,2184,124.3104,Knife,100,100,0,0,0,False,True,True,151.875,1.40625
krimz * crucial,CounterTerrorist,2432,2184,124.3104,Knife,100,100,0,0,0,False,True,True,151.875,1.40625
krimz * crucial,CounterTerrorist,2432,2184,124.3104,Knife,100,100,0,0,0,False,True,True,151.875,1.40625
krimz * crucial,CounterTerrorist,2432,2184,124.3104,Knife,100,100,0,0,0,False,True,True,151.875,1.40625
krimz * crucial,CounterTerrorist,2432,2184,124.3104,Knife,100,100,0,0,0,False,True,True,151.875,1.40625
krimz * crucial,CounterTerrorist,2432,2184,124.3104,Knife,100,100,0,0,0,False,True,True,151.5234,1.40625
krimz * crucial,CounterTerrorist,2432,2184,124.3104,Knife,100,100,0,0,0,False,True,True,151.5234,1.40625
krimz * crucial,CounterTerrorist,2432,2184,124.3104,Knife,100,100,0,0,0,False,True,True,151.5234,1.40625
krimz * crucial,CounterTerrorist,2432,2184,124.3104,Knife,100,100,0,0,0,False,True,True,149.7656,0
krimz * crucial,CounterTerrorist,2432,2184,124.3104,Knife,100,100,0,0,0,False,True,True,147.6563,0.703125
krimz * crucial,CounterTerrorist,2432,2184,124.3104,Knife,100,100,0,0,0,False,True,True,146.25,1.40625
krimz * crucial,CounterTerrorist,2432,2184,124.3104,M4A4,100,100,0,0,0,False,True,True,146.25,1.40625
krimz * crucial,CounterTerrorist,2432,2184,124.3104,Knife,100,100,0,0,0,False,True,True,146.25,1.40625
krimz * crucial,CounterTerrorist,2432,2184,124.3104,M4A4,100,100,0,0,0,False,True,True,146.25,1.40625
krimz * crucial,CounterTerrorist,2432,2184,124.3104,M4A4,100,100,0,0,0,False,True,True,146.25,1.40625
krimz * crucial,CounterTerrorist,2432,2184,124.3104,Knife,100,100,0,0,0,False,True,True,145.8984,2.109375
krimz * crucial,CounterTerrorist,2432,2184,124.3104,Knife,100,100,0,0,0,False,True,True,145.5469,4.921875
krimz * crucial,CounterTerrorist,2432,2184,124.3104,Knife,100,100,0,0,0,False,True,True,146.25,7.382813
krimz * crucial,CounterTerrorist,2432,2184,124.3104,Knife,100,100,0,0,0,False,True,True,147.6563,9.140625
krimz * crucial,CounterTerrorist,2432,2184,124.3104,Knife,100,100,0,0,0,False,True,True,148.7109,9.140625
krimz * crucial,CounterTerrorist,2432,2184,124.3104,Knife,100,100,0,0,0,False,True,True,148.7109,8.4375
krimz * crucial,CounterTerrorist,2432,2184,124.3104,Knife,100,100,0,0,0,False,True,True,148.3594,8.4375
krimz * crucial,CounterTerrorist,2432,2184,124.3104,Knife,100,100,0,0,0,False,True,True,148.3594,8.4375
krimz * crucial,CounterTerrorist,2432,2184,124.3104,Knife,100,100,0,0,0,False,True,True,148.3594,8.4375
krimz * crucial,CounterTerrorist,2432,2184,124.3104,Knife,100,100,0,0,0,False,True,True,148.3594,8.4375
krimz * crucial,CounterTerrorist,2432,2184,124.3104,Knife,100,100,0,0,0,False,True,True,148.3594,8.4375
krimz * crucial,CounterTerrorist,2432,2184,124.3104,Knife,100,100,0,0,0,False,True,True,148.3594,8.4375
krimz * crucial,CounterTerrorist,2432,2184,124.3104,Knife,100,100,0,0,0,False,True,True,148.3594,8.4375
krimz * crucial,CounterTerrorist,2432,2184,124.3104,Knife,100,100,0,0,0,False,True,True,148.3594,8.4375
krimz * crucial,CounterTerrorist,2432,2184,124.3104,Knife,100,100,0,0,0,False,True,True,148.3594,8.4375
krimz * crucial,CounterTerrorist,2432,2184,124.3104,Knife,100,100,0,0,0,False,True,True,148.3594,8.4375
krimz * crucial,CounterTerrorist,2432,2184,124.3104,Knife,100,100,0,0,0,False,True,True,148.3594,8.4375
krimz * crucial,CounterTerrorist,2432,2184,124.3104,Knife,100,100,0,0,0,False,True,True,148.3594,8.4375
krimz * crucial,CounterTerrorist,2432,2184,124.3104,Knife,100,100,0,0,0,False,True,True,148.3594,8.4375
krimz * crucial,CounterTerrorist,2432,2184,124.3104,Knife,100,100,0,0,0,False,True,True,148.3594,8.4375
krimz * crucial,CounterTerrorist,2432,2184,124.3104,Knife,100,100,0,0,0,False,True,True,148.3594,8.4375
krimz * crucial,CounterTerrorist,2432,2184,124.3104,Knife,100,100,0,0,0,False,True,True,148.3594,8.4375
krimz * crucial,CounterTerrorist,2431.384,2184.377,124.271,Knife,100,100,-30.11442,18.44164,0,False,True,True,148.3594,8.4375
krimz * crucial,CounterTerrorist,2427.562,2186.718,124.2737,Knife,100,100,-84.6899,51.86289,0,False,True,True,148.3594,8.4375
krimz * crucial,CounterTerrorist,2420.682,2190.93,124.5697,Knife,100,100,-127.9059,78.32778,0,False,True,True,148.3594,8.4375
krimz * crucial,CounterTerrorist,2411.519,2196.542,124.7215,Knife,100,100,-159.737,97.82066,0,False,True,True,148.3594,8.4375
krimz * crucial,CounterTerrorist,2400.675,2203.183,124.9175,Knife,100,100,-183.1823,112.1783,0,False,True,True,148.3594,8.4375
krimz * crucial,CounterTerrorist,2388.592,2210.583,125.1587,Knife,100,100,-200.4511,122.7534,0,False,True,True,148.3594,8.4375
krimz * crucial,CounterTerrorist,2375.597,2218.541,125.418,Knife,100,100,-213.1705,130.5427,0,False,True,True,148.3594,8.4375
krimz * crucial,CounterTerrorist,2362.273,2226.701,125.6839,Knife,100,100,-213.1994,130.5604,0,False,True,True,148.3594,8.4375
krimz * crucial,CounterTerrorist,2348.949,2234.861,126.4107,Knife,100,100,-213.1994,130.5604,0,False,True,True,148.3594,8.4375
krimz * crucial,CounterTerrorist,2335.625,2243.021,127.3551,Knife,100,100,-213.1994,130.5604,0,False,True,True,148.3594,8.4375
krimz * crucial,CounterTerrorist,2322.3,2251.181,128.2994,Knife,100,100,-213.1994,130.5604,0,False,True,True,148.3594,8.4375
krimz * crucial,CounterTerrorist,2308.976,2259.342,128.3749,Knife,100,100,-213.1994,130.5604,0,False,True,True,148.3594,8.4375
krimz * crucial,CounterTerrorist,2295.631,2267.443,128.3909,Knife,100,100,-215.8389,123.1078,0,False,True,True,148.3594,8.4375
krimz * crucial,CounterTerrorist,2281.486,2273.287,128.6179,Knife,100,100,-233.6868,72.71587,0,False,True,True,148.3594,8.4375
krimz * crucial,CounterTerrorist,2266.398,2276.469,129.0845,Knife,100,100,-246.8327,35.59936,0,False,True,True,148.3594,8.4375
krimz * crucial,CounterTerrorist,2251.049,2279.339,129.5625,Knife,100,100,-242.9519,58.94366,0,False,True,True,148.3594,8.4375
krimz * crucial,CounterTerrorist,2236.093,2283.844,129.8943,Knife,100,100,-236.4796,81.10109,0,False,True,True,148.3594,8.4375
krimz * crucial,CounterTerrorist,2221.522,2289.479,130.1199,Knife,100,100,-230.686,96.35329,0,False,True,True,148.3594,8.4375
krimz * crucial,CounterTerrorist,2207.274,2295.889,131.1333,Knife,100,100,-226.0202,106.8403,0,False,True,True,148.3594,8.4375
krimz * crucial,CounterTerrorist,2192.737,2301.292,133.4986,Knife,100,100,-239.1546,66.55397,0,False,True,True,148.3594,8.4375
krimz * crucial,CounterTerrorist,2177.411,2304.14,135.764,Knife,100,100,-248.1128,30.66024,0,False,True,True,148.3594,8.4375
krimz * crucial,CounterTerrorist,2162.098,2307.195,140.0313,Knife,100,100,-242.3238,61.475,0,False,True,True,148.3594,8.4375
krimz * crucial,CounterTerrorist,2147.184,2311.84,140.0313,Knife,100,100,-235.7605,83.1683,0,False,True,True,148.0078,8.085938
krimz * crucial,CounterTerrorist,2132.661,2317.597,140.0313,Knife,100,100,-229.849,98.33324,0,False,True,True,147.6563,8.789063
krimz * crucial,CounterTerrorist,2118.049,2322.979,140.0313,Knife,100,100,-240.0697,67.96368,0,False,True,True,147.3047,14.41406
krimz * crucial,CounterTerrorist,2102.725,2325.964,140.0313,Knife,100,100,-247.7167,33.711,0,False,True,True,145.8984,21.44531
krimz * crucial,CounterTerrorist,2087.321,2328.503,140.0313,Knife,100,100,-243.544,56.44738,0,False,True,True,142.3828,25.66406
krimz * crucial,CounterTerrorist,2072.428,2333.192,140.0313,Knife,100,100,-233.9493,88.1348,0,False,True,True,140.625,26.71875
krimz * crucial,CounterTerrorist,2058.158,2339.542,140.0313,Knife,100,100,-224.0173,110.9785,0,False,True,True,139.5703,21.44531
krimz * crucial,CounterTerrorist,2044.475,2347.079,140.0313,Knife,100,100,-215.2235,127.1961,0,False,True,True,139.2188,15.11719
krimz * crucial,CounterTerrorist,2031.279,2355.443,140.0313,Knife,100,100,-208.1311,138.4971,0,False,True,True,138.8672,9.140625
krimz * crucial,CounterTerrorist,2018.485,2364.41,140.0313,Knife,100,100,-202.2504,146.9517,0,False,True,True,138.1641,5.976563
krimz * crucial,CounterTerrorist,2006.009,2373.817,140.0313,Knife,100,100,-197.7642,152.9357,0,False,True,True,137.8125,4.921875
krimz * crucial,CounterTerrorist,1993.768,2383.526,140.0313,Knife,100,100,-194.5311,157.0276,0,False,True,True,137.8125,4.921875
krimz * crucial,CounterTerrorist,1981.696,2393.447,140.0313,Knife,100,100,-192.1835,159.8922,0,False,True,True,137.8125,4.921875
krimz * crucial,CounterTerrorist,1969.747,2403.514,140.0313,Knife,100,100,-190.5413,161.8457,0,False,True,True,138.1641,4.921875
krimz * crucial,CounterTerrorist,1959.339,2412.379,140.0313,Knife,100,100,-190.4066,162.0041,0,False,True,True,140.625,5.625
krimz * crucial,CounterTerrorist,1945.895,2423.705,140.0313,Knife,100,100,-191.7764,160.3803,0,False,True,True,141.3281,5.625
krimz * crucial,CounterTerrorist,1933.877,2433.69,140.0313,Knife,100,100,-192.6659,159.3106,0,False,True,True,141.3281,5.625
krimz * crucial,CounterTerrorist,1921.811,2443.617,140.0313,Knife,100,100,-193.3153,158.5219,0,False,True,True,141.3281,5.625
krimz * crucial,CounterTerrorist,1909.711,2453.504,132.6428,Knife,100,100,-193.7908,157.9402,0,False,True,True,141.3281,5.625
krimz * crucial,CounterTerrorist,1897.586,2463.359,131.2881,Knife,100,100,-194.1397,157.5112,0,False,True,True,141.3281,5.625
krimz * crucial,CounterTerrorist,1885.443,2473.192,129.9327,Knife,100,100,-194.3837,157.2099,0,False,True,True,141.3281,5.625
krimz * crucial,CounterTerrorist,1873.296,2483.02,128.5288,Knife,100,100,-194.2951,157.3195,0,False,True,True,140.625,5.976563
krimz * crucial,CounterTerrorist,1861.167,2492.871,127.2153,Knife,100,100,-193.7754,157.9592,0,False,True,True,139.9219,6.328125
krimz * crucial,CounterTerrorist,1849.094,2502.789,127.3487,Knife,100,100,-192.6328,159.3506,0,False,True,True,138.8672,6.679688
krimz * crucial,CounterTerrorist,1837.105,2512.809,127.796,Knife,100,100,-191.1778,161.0932,0,False,True,True,138.1641,8.085938
krimz * crucial,CounterTerrorist,1825.217,2522.948,128.2227,Knife,100,100,-189.3805,163.2025,0,False,True,True,137.1094,9.84375
krimz * crucial,CounterTerrorist,1812.663,2532.012,128.6098,Knife,100,100,-212.4201,125.8648,0,False,True,True,136.0547,11.60156
krimz * crucial,CounterTerrorist,1800.444,2537.921,129.1893,Knife,100,100,-230.8251,96.01974,0,False,True,True,134.6484,12.65625
krimz * crucial,CounterTerrorist,1784.588,2545.475,139.7388,Knife,100,100,-218.6336,121.2408,0,False,True,True,132.5391,13.00781
krimz * crucial,CounterTerrorist,1771.384,2553.817,146.3412,Knife,100,100,-205.8451,141.8725,0,False,True,True,132.1875,13.00781
krimz * crucial,CounterTerrorist,1758.895,2563.202,152.5853,Knife,100,100,-195.5068,155.8111,0,False,True,True,132.1875,13.00781
krimz * crucial,CounterTerrorist,1746.964,2573.289,158.551,Knife,100,100,-187.6597,165.1781,0,False,True,True,132.1875,13.00781
krimz * crucial,CounterTerrorist,1735.444,2583.843,160.0313,Knife,100,100,-182.0435,171.348,0,False,True,True,132.1875,13.00781
krimz * crucial,CounterTerrorist,1724.21,2594.704,160.0313,Knife,100,100,-178.1223,175.4208,0,False,True,True,132.1875,13.00781
krimz * crucial,CounterTerrorist,1713.185,2605.775,160.0313,Knife,100,100,-175.1756,178.3634,0,False,True,True,131.8359,13.00781
krimz * crucial,CounterTerrorist,1702.319,2617.003,160.0313,Knife,100,100,-172.8975,180.5725,0,False,True,True,131.8359,13.35938
krimz * crucial,CounterTerrorist,1691.572,2628.346,160.0313,Knife,100,100,-171.409,181.9861,0,False,True,True,132.5391,13.71094
krimz * crucial,CounterTerrorist,1680.835,2639.697,160.0313,Knife,100,100,-172.8508,180.6172,0,False,True,True,137.4609,14.41406
krimz * crucial,CounterTerrorist,1670.428,2651.295,162.3418,Knife,100,100,-156.5642,193.9019,292.6184,False,True,True,144.8438,14.0625
krimz * crucial,CounterTerrorist,1661.866,2661.899,177.1481,Knife,100,100,-156.5642,193.9019,248.8684,False,True,True,137.1094,14.41406
krimz * crucial,CounterTerrorist,1652.786,2677.114,192.6691,Knife,100,100,-101.2974,235.3999,192.6184,False,True,True,119.8828,15.46875
krimz * crucial,CounterTerrorist,1647.755,2692.466,203.1453,Knife,100,100,-69.64669,250.4792,142.6184,False,True,True,111.4453,16.52344
krimz * crucial,CounterTerrorist,1642.884,2707.941,210.4965,Knife,100,100,-91.91182,242.7593,92.61838,False,True,True,108.9844,18.28125
krimz * crucial,CounterTerrorist,1635.832,2722.612,214.7227,Knife,100,100,-129.2356,227.6014,42.61838,False,True,True,115.6641,20.39063
krimz * crucial,CounterTerrorist,1626.46,2736.052,215.8239,Knife,100,100,-165.711,203.808,-7.381622,False,True,True,128.6719,22.5
krimz * crucial,CounterTerrorist,1613.356,2746.235,213.8001,Knife,100,100,-226.7444,144.0986,-57.38162,False,True,True,140.9766,24.60938
krimz * crucial,CounterTerrorist,1598.159,2753.729,208.6513,Knife,100,100,-255.0132,99.73814,-107.3816,False,True,True,152.2266,26.01563
krimz * crucial,CounterTerrorist,1581.45,2758.107,200.3775,Knife,100,100,-275.6776,45.18858,-157.3816,False,True,True,164.5313,27.07031
krimz * crucial,CounterTerrorist,1564.079,2760.343,188.9787,Knife,100,100,-277.9306,35.79273,-207.3816,False,True,True,172.9688,27.42188
krimz * crucial,CounterTerrorist,1546.708,2762.58,174.4549,Knife,100,100,-277.9306,35.79273,-257.3816,False,True,True,172.9688,27.42188
krimz * crucial,CounterTerrorist,1529.337,2764.816,156.8061,Knife,100,100,-277.9306,35.79273,-307.3816,False,True,True,172.9688,27.42188
krimz * crucial,CounterTerrorist,1511.966,2767.052,136.0323,Knife,100,100,-277.9306,35.79273,-357.3816,False,True,True,171.5625,26.71875
krimz * crucial,CounterTerrorist,1499.611,2768.598,129.2776,Knife,100,100,-175.9321,20.14544,0,False,True,True,178.2422,22.85156
krimz * crucial,CounterTerrorist,1488.019,2769.518,129.1692,Knife,100,100,-192.9841,9.416986,0,False,True,True,186.3281,17.22656
krimz * crucial,CounterTerrorist,1475.358,2769.61,129.1475,Knife,100,100,-209.9941,-4.795349,0,False,True,True,190.1953,11.95313
krimz * crucial,CounterTerrorist,1461.641,2768.829,129.2617,Knife,100,100,-226.8596,-18.18246,0,False,True,True,191.6016,7.734375
krimz * crucial,CounterTerrorist,1446.901,2767.283,129.4691,Knife,100,100,-242.1498,-29.55417,0,False,True,True,192.6563,5.273438
krimz * crucial,CounterTerrorist,1433.419,2765.423,129.7186,Knife,100,100,-247.3058,-36.60386,0,False,True,True,192.3047,4.570313
krimz * crucial,CounterTerrorist,1416.064,2762.633,130.0929,Knife,100,100,-246.4735,-41.84255,0,False,True,True,192.3047,4.570313
krimz * crucial,CounterTerrorist,1400.681,2759.898,130.4598,Knife,100,100,-245.9011,-45.08496,0,False,True,True,192.3047,4.570313
krimz * crucial,CounterTerrorist,1385.328,2756.994,130.8493,Knife,100,100,-245.4595,-47.43041,0,False,True,True,192.3047,4.570313
krimz * crucial,CounterTerrorist,1369.992,2754.011,130.9527,Knife,100,100,-245.2452,-48.52617,0,False,True,True,192.3047,4.570313
krimz * crucial,CounterTerrorist,1354.674,2750.927,131.0695,Knife,100,100,-244.9607,-49.94236,0,False,True,True,192.3047,4.570313
krimz * crucial,CounterTerrorist,1339.372,2747.767,131.2117,Knife,100,100,-244.7467,-50.98107,0,False,True,True,192.3047,4.570313
krimz * crucial,CounterTerrorist,1324.081,2744.553,131.3452,Knife,100,100,-244.5864,-51.74422,0,False,True,True,192.3047,4.570313
krimz * crucial,CounterTerrorist,1308.799,2741.298,131.612,Knife,100,100,-244.467,-52.30547,0,False,True,True,192.3047,4.570313
krimz * crucial,CounterTerrorist,1293.523,2738.014,131.9454,Knife,100,100,-244.3783,-52.71846,0,False,True,True,192.3047,4.570313
krimz * crucial,CounterTerrorist,1278.251,2734.713,132.3469,Knife,100,100,-244.3493,-52.85291,0,False,True,True,192.3047,4.21875
krimz * crucial,CounterTerrorist,1262.982,2731.396,132.75,Knife,100,100,-244.2537,-53.29291,0,False,True,True,192.6563,3.867188
krimz * crucial,CounterTerrorist,1247.72,2728.049,133.1001,Knife,100,100,-244.1471,-53.77929,0,False,True,True,192.6563,3.867188
krimz * crucial,CounterTerrorist,1232.464,2724.671,133.409,Knife,100,100,-244.0532,-54.20375,0,False,True,True,192.6563,3.867188
krimz * crucial,CounterTerrorist,1217.213,2721.272,133.5268,Knife,100,100,-243.9836,-54.51618,0,False,True,True,192.6563,3.867188
krimz * crucial,CounterTerrorist,1201.966,2717.856,133.6386,Knife,100,100,-243.928,-54.76414,0,False,True,True,192.6563,3.867188
krimz * crucial,CounterTerrorist,1186.723,2714.425,133.7516,Knife,100,100,-243.8763,-54.99408,0,False,True,True,193.0078,3.867188
krimz * crucial,CounterTerrorist,1171.466,2711.856,133.8086,Knife,100,100,-244.503,-18.71884,0,False,True,True,193.0078,3.515625
krimz * crucial,CounterTerrorist,1156.152,2712.354,133.6116,Knife,100,100,-245.4157,26.66773,0,False,True,True,193.3594,3.515625
krimz * crucial,CounterTerrorist,1140.575,2713.107,133.3896,Knife,100,100,-249.9941,1.721432,0,False,True,True,193.3594,3.515625
krimz * crucial,CounterTerrorist,1124.964,2712.523,133.2733,Knife,100,100,-249.4049,-17.23899,0,False,True,True,194.7656,3.867188
krimz * crucial,CounterTerrorist,1109.427,2710.899,133.2402,Knife,100,100,-247.8839,-32.45905,0,False,True,True,196.5234,3.867188
krimz * crucial,CounterTerrorist,1094.003,2708.406,133.431,Knife,100,100,-245.8934,-45.12711,0,False,True,True,197.5781,3.867188
krimz * crucial,CounterTerrorist,1078.7,2705.257,133.7868,Knife,100,100,-244.1093,-53.95064,0,False,True,True,197.5781,3.867188
krimz * crucial,CounterTerrorist,1063.493,2701.666,134.1423,Knife,100,100,-242.7304,-59.84945,0,False,True,True,197.5781,3.867188
krimz * crucial,CounterTerrorist,1048.361,2697.773,134.5135,Knife,100,100,-241.6782,-63.96589,0,False,True,True,197.5781,3.867188
krimz * crucial,CounterTerrorist,1033.472,2693.726,138.0313,HE,100,100,-236.1066,-65.41139,0,False,True,True,197.5781,3.867188
krimz * crucial,CounterTerrorist,1018.737,2689.559,138.3263,HE,100,100,-235.5013,-67.55827,0,False,True,True,197.5781,3.867188
krimz * crucial,CounterTerrorist,1004.043,2685.254,139.3483,HE,100,100,-234.7268,-70.20203,0,False,True,True,199.3359,4.570313
krimz * crucial,CounterTerrorist,989.4271,2680.688,140.4029,HE,100,100,-232.9768,-75.80776,0,False,True,True,203.2031,5.625
krimz * crucial,CounterTerrorist,976.7715,2676.291,141.1722,HE,100,100,-230.0354,-84.31321,0,False,True,True,207.7734,6.679688
krimz * crucial,CounterTerrorist,960.0753,2672.25,142.6298,HE,100,100,-241.8264,-39.30659,0,False,True,True,213.0469,8.085938
krimz * crucial,CounterTerrorist,944.8472,2670.7,143.6691,HE,100,100,-244.5197,-15.33287,0,False,True,True,216.211,8.789063
krimz * crucial,CounterTerrorist,929.6532,2669.055,144.3145,HE,100,100,-240.952,-44.35247,0,False,True,True,217.6172,9.140625
krimz * crucial,CounterTerrorist,914.8828,2665.061,145.0072,HE,100,100,-232.469,-77.35101,0,False,True,True,217.6172,9.140625
krimz * crucial,CounterTerrorist,900.6624,2659.404,145.1188,HE,100,100,-223.9711,-99.3073,0,False,True,True,217.6172,9.140625
krimz * crucial,CounterTerrorist,888.329,2651.465,144.4273,HE,100,100,-175.6804,-147.2489,0,False,True,True,220.0781,8.789063
krimz * crucial,CounterTerrorist,878.9331,2640.925,143.4404,HE,100,100,-131.202,-183.6991,0,False,True,True,226.4063,8.085938
krimz * crucial,CounterTerrorist,872.2162,2628.465,144.0313,HE,100,100,-89.42141,-210.2184,0,False,True,True,233.0859,6.679688
krimz * crucial,CounterTerrorist,868.001,2614.643,144.0313,HE,100,100,-50.99422,-228.633,0,False,True,True,238.3594,4.921875
krimz * crucial,CounterTerrorist,864.7553,2600.051,144.0313,HE,100,100,-62.36713,-235.5955,0,False,True,True,241.1719,3.515625
krimz * crucial,CounterTerrorist,860.2181,2585.43,144.0313,HE,100,100,-79.34544,-231.7958,0,False,True,True,241.5234,3.164063
krimz * crucial,CounterTerrorist,854.8323,2571.098,144.0313,HE,100,100,-90.86291,-227.5279,0,False,True,True,241.5234,3.164063
krimz * crucial,CounterTerrorist,848.8632,2556.997,144.0313,HE,100,100,-98.62802,-224.2711,0,False,True,True,241.5234,3.164063
krimz * crucial,CounterTerrorist,842.507,2543.066,144.0313,HE,100,100,-103.8085,-221.9207,0,False,True,True,241.5234,3.164063
krimz * crucial,CounterTerrorist,835.8845,2529.26,144.0313,HE,100,100,-107.4642,-220.1737,0,False,True,True,241.5234,3.515625
krimz * crucial,CounterTerrorist,829.9311,2517.257,144.0313,HE,100,100,-109.8157,-219.0103,0,False,True,True,241.5234,3.164063
krimz * crucial,CounterTerrorist,822.1154,2501.906,144.0313,HE,100,100,-112.1187,-217.8403,0,False,True,True,241.1719,3.164063
krimz * crucial,CounterTerrorist,815.0518,2488.32,134.9062,HE,100,100,-113.6889,-217.0249,0,False,True,True,241.1719,3.164063
krimz * crucial,CounterTerrorist,807.8989,2474.781,133.1501,HE,100,100,-114.9788,-216.3444,0,False,True,True,241.1719,3.164063
krimz * crucial,CounterTerrorist,801.504,2461.026,136.7869,HE,100,100,-81.56133,-226.3259,0,False,True,True,241.1719,3.164063
krimz * crucial,CounterTerrorist,797.9592,2446.412,134.8119,HE,100,100,-39.27685,-239.0737,0,False,True,True,241.1719,3.164063
krimz * crucial,CounterTerrorist,796.6522,2431.198,134.0277,HE,100,100,-7.963628,-244.8705,0,False,True,True,240.8203,3.164063
krimz * crucial,CounterTerrorist,796.9816,2415.894,134.2254,HE,100,100,14.31842,-244.5813,0,False,True,True,240.4688,2.8125
krimz * crucial,CounterTerrorist,796.7973,2400.607,134.1148,HE,100,100,-21.08985,-244.0906,0,False,True,True,239.4141,2.8125
krimz * crucial,CounterTerrorist,795.3726,2385.366,133.26,HE,100,100,-12.91455,-244.6594,0,False,True,True,237.6563,2.8125
krimz * crucial,CounterTerrorist,795.2707,2370.057,133.1989,HE,100,100,5.774458,-244.9319,0,False,True,True,235.8984,2.8125
krimz * crucial,CounterTerrorist,796.0223,2354.764,133.6498,HE,100,100,15.68837,-244.4972,0,False,True,True,233.0859,2.460938
krimz * crucial,CounterTerrorist,797.1406,2339.492,134.3208,HE,100,100,18.77419,-244.2796,0,False,True,True,229.9219,2.109375
krimz * crucial,CounterTerrorist,798.0399,2324.209,130.489,HE,100,100,13.44317,-244.6309,0,False,True,True,227.1094,1.757813
krimz * crucial,CounterTerrorist,798.7772,2308.915,131.3686,HE,100,100,10.08076,-244.7925,0,False,True,True,223.9453,1.054688
krimz * crucial,CounterTerrorist,799.2169,2293.609,132.2045,HE,100,100,4.447833,-244.9596,0,False,True,True,221.8359,0.703125
krimz * crucial,CounterTerrorist,799.2615,2278.297,132.5522,HE,100,100,-2.272717,-244.9895,0,False,True,True,219.7266,0
krimz * crucial,CounterTerrorist,798.8771,2262.99,132.8529,HE,100,100,-9.132726,-244.8297,0,False,True,True,218.3203,359.6484
krimz * crucial,CounterTerrorist,798.0744,2247.698,132.911,HE,100,100,-15.69783,-244.4966,0,False,True,True,216.9141,358.9453
krimz * crucial,CounterTerrorist,795.4139,2232.995,132.7447,HE,100,100,-66.82275,-226.6151,0,False,True,True,215.8594,358.2422
krimz * crucial,CounterTerrorist,789.3412,2220.684,132.3651,HE,100,100,-116.8994,-183.32,0,False,True,True,214.8047,357.5391
krimz * crucial,CounterTerrorist,780.8879,2209.432,131.8368,HE,100,100,-148.217,-177.5933,0,False,True,True,214.1016,356.8359
krimz * crucial,CounterTerrorist,770.7575,2198.517,131.2037,HE,100,100,-171.932,-172.4136,0,False,True,True,213.0469,355.4297
krimz * crucial,CounterTerrorist,759.5449,2188.094,130.7955,HE,100,100,-183.8613,-161.926,0,False,True,True,212.3437,354.0234
krimz * crucial,CounterTerrorist,747.7677,2178.31,130.7822,HE,100,100,-191.6199,-152.6657,0,False,True,True,211.6406,352.2656
krimz * crucial,CounterTerrorist,735.5866,2169.033,130.6437,HE,100,100,-197.1106,-145.5074,0,False,True,True,211.289,350.8594
krimz * crucial,CounterTerrorist,723.4955,2160.339,130.3099,HE,100,100,-177.8822,-126.8144,0,False,True,True,211.289,350.8594
krimz * crucial,CounterTerrorist,712.6886,2156.009,130.763,HE,100,100,-165.8447,-27.72299,0,False,True,True,211.9922,351.9141
krimz * crucial,CounterTerrorist,704.5302,2157.236,132.0227,M4A4,100,100,-106.2209,52.2785,0,False,True,True,213.3984,354.0234
krimz * crucial,CounterTerrorist,699.4174,2162.488,132.9126,M4A4,100,100,-64.6628,106.3146,0,False,True,True,213.75,354.0234
krimz * crucial,CounterTerrorist,696.5,2170.594,133.5347,M4A4,100,100,-34.05295,146.1152,0,False,True,True,213.75,354.0234
krimz * crucial,CounterTerrorist,694.0597,2180.577,134.1268,M4A4,100,100,-51.93654,167.4224,0,False,True,True,214.1016,354.0234
krimz * crucial,CounterTerrorist,689.8971,2191.67,135.0039,Knife,100,100,-75.82437,187.1883,0,False,True,True,204.2578,356.1328
krimz * crucial,CounterTerrorist,688.0313,2203.827,135.3682,Knife,100,100,0,196.0048,0,False,True,True,175.7813,359.6484
krimz * crucial,CounterTerrorist,688.0016,2216.696,135.4062,Knife,100,100,0,215.2368,0,False,True,True,145.5469,0
krimz * crucial,CounterTerrorist,688.0016,2230.864,135.4403,Knife,100,100,0,234.7301,0,False,True,True,142.7344,359.6484
krimz * crucial,CounterTerrorist,688.0016,2246.061,135.4772,Knife,100,100,0,249.0481,0,False,True,True,142.7344,359.6484
krimz * crucial,CounterTerrorist,688.0016,2261.686,135.5159,Knife,100,100,0,249.9958,0,False,True,True,142.7344,359.6484
krimz * crucial,CounterTerrorist,688.0099,2277.311,135.5159,Knife,100,100,1.088829,249.9976,0,False,True,True,129.375,1.40625
krimz * crucial,CounterTerrorist,688.9127,2292.899,135.4316,Knife,100,100,29.97442,248.1966,0,False,True,True,99.84375,4.921875
krimz * crucial,CounterTerrorist,690.8853,2308.399,135.1084,Knife,100,100,30.1316,248.1775,0,False,True,True,82.96875,5.625
krimz * crucial,CounterTerrorist,692.75,2323.912,134.7887,Knife,100,100,29.54121,248.2485,0,False,True,True,83.67188,5.625
krimz * crucial,CounterTerrorist,694.5767,2339.43,134.4731,Knife,100,100,29.0059,248.3116,0,False,True,True,83.67188,5.625
krimz * crucial,CounterTerrorist,696.3751,2354.951,133.9036,Knife,100,100,28.61171,248.3573,0,False,True,True,83.67188,5.625
krimz * crucial,CounterTerrorist,698.1523,2370.475,133.1625,Knife,100,100,28.30795,248.3922,0,False,True,True,83.67188,5.625
krimz * crucial,CounterTerrorist,699.9125,2386,132.424,Knife,100,100,27.96843,248.4306,0,False,True,True,84.02344,5.976563
krimz * crucial,CounterTerrorist,701.6317,2401.531,141.0064,Knife,100,100,27.3809,248.496,273.8684,False,True,True,84.72656,8.085938
krimz * crucial,CounterTerrorist,703.3431,2417.062,156.5607,Knife,100,100,27.3809,248.496,223.8684,False,True,True,78.75,10.54688
krimz * crucial,CounterTerrorist,705.0545,2432.593,168.99,Knife,100,100,27.3809,248.496,173.8684,False,True,True,65.03906,12.65625
krimz * crucial,CounterTerrorist,706.7659,2448.125,178.2943,Knife,100,100,27.3809,248.496,123.8684,False,True,True,63.98437,12.65625
krimz * crucial,CounterTerrorist,708.4774,2463.656,184.4737,Flash,100,100,27.3809,248.496,73.86838,False,True,True,63.98437,12.65625
krimz * crucial,CounterTerrorist,710.1888,2479.187,187.528,Flash,100,100,27.3809,248.496,23.86838,False,True,True,63.98437,12.65625
krimz * crucial,CounterTerrorist,710.3022,2494.156,187.4573,Smoke,100,100,-52.11234,221.2475,-26.13162,False,True,True,62.57813,12.30469
krimz * crucial,CounterTerrorist,705.2014,2507.477,184.2616,Smoke,100,100,-82.66913,212.8694,-76.13162,False,True,True,37.96875,13.71094
krimz * crucial,CounterTerrorist,698.4011,2519.96,177.9409,Smoke,100,100,-114.153,197.1911,-126.1316,False,True,True,1.757813,12.30469
krimz * crucial,CounterTerrorist,691.2663,2532.284,168.4953,Smoke,100,100,-114.153,197.1911,-176.1316,False,True,True,348.75,9.84375
krimz * crucial,CounterTerrorist,685.0234,2543.068,157.6668,Smoke,100,100,-114.153,197.1911,-219.8816,False,True,True,348.75,9.84375
krimz * crucial,CounterTerrorist,677.8886,2555.392,142.3618,Smoke,100,100,-114.153,197.1911,-269.8816,False,True,True,348.75,9.84375
krimz * crucial,CounterTerrorist,670.0587,2567.167,133.4167,Smoke,100,100,-122.1505,135.9291,0,False,True,True,351.5625,8.789063
krimz * crucial,CounterTerrorist,660.9326,2575.02,134.2976,Smoke,100,100,-161.5706,122.2916,0,False,True,True,334.3359,8.085938
krimz * crucial,CounterTerrorist,657.0146,2583.04,139.5276,Smoke,100,100,0,136.9335,0,False,True,True,310.4297,6.679688
krimz * crucial,CounterTerrorist,657.0146,2592.6,139.5276,Smoke,100,100,0,165.5973,0,False,True,True,296.0156,5.273438
krimz * crucial,CounterTerrorist,657.0146,2603.856,139.5276,Smoke,100,100,0,190.373,0,False,True,True,294.6094,4.921875
krimz * crucial,CounterTerrorist,656.2556,2615.19,139.9071,Smoke,100,100,-38.1398,170.4821,0,False,True,True,295.3125,5.273438
krimz * crucial,CounterTerrorist,651.6371,2625.127,142.2164,Smoke,100,100,-98.98856,150.9454,0,False,True,True,295.3125,5.273438
krimz * crucial,CounterTerrorist,643.8064,2634.038,146.1317,Smoke,100,100,-143.7551,136.7006,0,False,True,True,295.3125,5.273438
krimz * crucial,CounterTerrorist,633.6708,2640.933,151.1995,Smoke,100,100,-174.5828,81.33998,0,False,True,True,295.3125,5.273438
krimz * crucial,CounterTerrorist,622.8734,2644.433,156.5983,Smoke,100,100,-167.0381,39.66718,0,False,True,True,300.2344,5.273438
krimz * crucial,CounterTerrorist,612.8638,2645.669,160.0313,Smoke,100,100,-154.2165,4.437363,0,False,True,True,315.7031,6.679688
krimz * crucial,CounterTerrorist,604.0262,2644.754,160.0313,M4A4,100,100,-114.1149,-25.82244,0,False,True,True,337.1484,7.734375
krimz * crucial,CounterTerrorist,597.593,2641.981,160.0313,M4A4,100,100,-94.33173,-57.59641,0,False,True,True,345.9375,8.085938
krimz * crucial,CounterTerrorist,592.079,2637.579,160.0313,M4A4,100,100,-86.50874,-78.20564,0,False,True,True,323.7891,8.789063
krimz * crucial,CounterTerrorist,586.5968,2632.742,160.0313,M4A4,100,100,-90.3787,-74.30134,0,False,True,True,292.8516,6.328125
krimz * crucial,CounterTerrorist,580.5029,2629.135,160.0313,M4A4,100,100,-102.7358,-42.33749,0,False,True,True,290.3906,5.625
krimz * crucial,CounterTerrorist,573.7391,2627.411,160.0313,M4A4,100,100,-112.2961,-23.01282,0,False,True,True,290.3906,5.625
krimz * crucial,CounterTerrorist,566.8478,2625.824,160.0313,M4A4,100,100,-94.82243,-21.8576,0,False,True,True,290.3906,5.625
krimz * crucial,CounterTerrorist,563.2766,2625.199,160.0313,M4A4,100,100,-28.73734,-1.348685,0,False,True,True,291.0938,4.921875
krimz * crucial,CounterTerrorist,563.3771,2625.461,160.0313,M4A4,100,100,18.97596,7.674961,0,False,True,True,290.3906,3.867188
krimz * crucial,CounterTerrorist,566.409,2626.651,160.0313,M4A4,100,100,71.37168,28.13322,0,False,True,True,291.7969,3.164063
krimz * crucial,CounterTerrorist,571.9428,2628.84,160.0313,M4A4,100,100,95.70768,37.92111,0,False,True,True,291.7969,3.164063
krimz * crucial,CounterTerrorist,578.3615,2631.386,160.0313,M4A4,100,100,107.6086,42.72868,0,False,True,True,291.7969,3.164063
krimz * crucial,CounterTerrorist,585.1574,2634.086,160.0313,M4A4,100,100,108.7383,43.18551,0,False,True,True,291.4453,3.164063
krimz * crucial,CounterTerrorist,591.767,2636.711,160.0313,M4A4,100,100,96.95399,38.51767,0,False,True,True,291.4453,3.164063
krimz * crucial,CounterTerrorist,595.4769,2638.206,160.0313,M4A4,100,100,31.40007,13.15765,0,False,True,True,290.3906,3.515625
krimz * crucial,CounterTerrorist,595.5485,2638.262,160.0313,M4A4,100,100,-13.42946,-4.949477,0,False,True,True,290.0391,3.515625
krimz * crucial,CounterTerrorist,594.9821,2638.052,160.0313,M4A4,100,100,11.65643,4.247496,0,False,True,True,290.0391,3.515625
krimz * crucial,CounterTerrorist,597.5404,2638.977,160.0313,M4A4,100,100,60.69558,21.82295,0,False,True,True,289.3359,3.164063
krimz * crucial,CounterTerrorist,602.092,2640.589,160.0313,M4A4,100,100,81.84225,28.68437,0,False,True,True,288.6328,3.515625
krimz * crucial,CounterTerrorist,607.8044,2642.415,160.0313,M4A4,100,100,97.79192,22.96985,0,False,True,True,288.6328,3.515625
krimz * crucial,CounterTerrorist,615.0282,2642.576,160.0313,M4A4,100,100,130.5638,-13.50461,0,False,True,True,286.5234,3.867188
krimz * crucial,CounterTerrorist,622.361,2641.254,156.8544,M4A4,100,100,113.6431,-27.82536,0,False,True,True,280.5469,3.164063
krimz * crucial,CounterTerrorist,629.3158,2639.007,153.377,M4A4,100,100,110.4525,-38.59076,0,False,True,True,276.6797,2.109375
krimz * crucial,CounterTerrorist,635.4973,2637.372,150.2863,M4A4,100,100,114.5149,-23.98609,0,False,True,True,276.6797,2.109375
krimz * crucial,CounterTerrorist,643.6406,2636.236,146.2146,M4A4,100,100,116.5088,-10.71019,0,False,True,True,276.6797,2.109375
krimz * crucial,CounterTerrorist,650.9413,2635.84,142.5643,M4A4,100,100,116.9465,-3.537984,0,False,True,True,275.2734,1.40625
krimz * crucial,CounterTerrorist,658.2531,2635.759,138.9084,M4A4,100,100,117,0.0425674,0,False,True,True,273.5156,0.703125
krimz * crucial,CounterTerrorist,665.5654,2635.817,135.2522,M4A4,100,100,116.9918,1.381871,0,False,True,True,271.7578,0.3515625
krimz * crucial,CounterTerrorist,671.9603,2635.898,132.1828,M4A4,100,100,75.13998,0.9082366,0,False,True,True,270.7031,0.3515625
krimz * crucial,CounterTerrorist,673.2035,2635.909,132.0467,M4A4,100,100,-16.87297,-0.2614488,0,False,True,True,270.7031,0.3515625
krimz * crucial,CounterTerrorist,670.6331,2635.869,132.7184,M4A4,100,100,-43.5885,-0.6754094,0,False,True,True,270.7031,0.3515625
krimz * crucial,CounterTerrorist,670.5892,2635.867,132.7403,M4A4,100,100,30.93449,0.4178556,0,False,True,True,270.7031,0
krimz * crucial,CounterTerrorist,673.654,2635.907,131.9974,M4A4,100,100,37.96521,0.5060522,0,False,True,True,270.7031,0
krimz * crucial,CounterTerrorist,673.0168,2635.898,132.0673,M4A4,100,100,-37.96506,-0.529219,0,False,True,True,270.7031,0
krimz * crucial,CounterTerrorist,669.9757,2635.856,133.0471,M4A4,100,100,-36.68394,-0.5113606,0,False,True,True,270.7031,359.6484
krimz * crucial,CounterTerrorist,669.8058,2635.854,133.132,M4A4,100,100,14.31111,0.1994916,0,False,True,True,270.7031,359.6484
krimz * crucial,CounterTerrorist,671.5089,2635.877,132.2805,M4A4,100,100,37.30887,0.520072,0,False,True,True,270.7031,359.6484
krimz * crucial,CounterTerrorist,674.2048,2635.916,131.9371,M4A4,100,100,37.55872,0.532214,0,False,True,True,270.7031,359.6484
krimz * crucial,CounterTerrorist,674.4255,2635.918,131.9013,M4A4,100,100,-13.56095,-0.203813,0,False,True,True,270.7031,0
krimz * crucial,CounterTerrorist,672.7693,2635.893,132.0944,M4A4,100,100,-36.55838,-0.5477543,0,False,True,True,270.7031,0
krimz * crucial,CounterTerrorist,669.7649,2635.845,133.1525,M4A4,100,100,-48.1812,-0.775628,0,False,True,True,271.0547,0
krimz * crucial,CounterTerrorist,669.012,2635.838,133.5289,M4A4,100,100,8.560745,0.1948085,0,False,True,True,271.4063,0
krimz * crucial,CounterTerrorist,670.3554,2635.869,132.8572,M4A4,100,100,31.55479,0.7180368,0,False,True,True,271.4063,0
krimz * crucial,CounterTerrorist,672.0698,2635.908,132.1707,M4A4,100,100,9.0605,0.2115999,0,False,True,True,271.4063,0
krimz * crucial,CounterTerrorist,671.2872,2635.891,132.3913,M4A4,100,100,-22.93233,-0.4865853,0,False,True,True,271.0547,0
krimz * crucial,CounterTerrorist,669.1788,2635.846,133.4455,M4A4,100,100,-34.55473,-0.7327401,0,False,True,True,271.0547,0
krimz * crucial,CounterTerrorist,667.8101,2635.817,134.1299,M4A4,100,100,-12.05978,-0.2557302,0,False,True,True,271.0547,0
krimz * crucial,CounterTerrorist,667.6592,2635.814,134.1912,M4A4,100,100,0,0,0,False,True,True,271.0547,0
krimz * crucial,CounterTerrorist,667.6592,2635.814,134.1912,M4A4,100,100,0,0,0,False,True,True,271.0547,0
krimz * crucial,CounterTerrorist,667.8599,2635.819,134.105,M4A4,100,100,11.43499,0.2394647,0,False,True,True,271.0547,0
krimz * crucial,CounterTerrorist,669.3829,2635.85,133.3435,M4A4,100,100,34.43036,0.7007667,0,False,True,True,271.0547,0
krimz * crucial,CounterTerrorist,671.0993,2635.885,132.4853,M4A4,100,100,17.62138,0.3567445,0,False,True,True,271.0547,0
krimz * crucial,CounterTerrorist,670.5671,2635.876,132.7514,M4A4,100,100,-20.05958,-0.3420297,0,False,True,True,271.0547,0
krimz * crucial,CounterTerrorist,670.0881,2635.868,132.9784,M4A4,100,100,0,0,0,False,True,True,271.0547,0
krimz * crucial,CounterTerrorist,670.0881,2635.868,132.9784,M4A4,100,100,0,0,0,False,True,True,271.0547,0
krimz * crucial,CounterTerrorist,670.0881,2635.868,132.9784,M4A4,100,100,0,0,0,False,True,True,271.0547,0
krimz * crucial,CounterTerrorist,670.0881,2635.868,132.9784,M4A4,100,100,0,0,0,False,True,True,271.0547,0
krimz * crucial,CounterTerrorist,670.0881,2635.868,132.9784,M4A4,100,100,0,0,0,False,True,True,271.0547,0
krimz * crucial,CounterTerrorist,669.1038,2635.849,133.483,M4A4,100,100,-25.80778,-0.4935713,0,False,True,True,271.0547,0
krimz * crucial,CounterTerrorist,666.949,2635.808,134.5604,M4A4,100,100,-31.7442,-0.6071045,0,False,True,True,271.0547,0
krimz * crucial,CounterTerrorist,665.7559,2635.785,135.157,M4A4,100,100,-9.248311,-0.176873,0,False,True,True,271.0547,0
krimz * crucial,CounterTerrorist,665.9897,2635.79,135.0401,M4A4,100,100,14.30959,0.288511,0,False,True,True,271.0547,0
krimz * crucial,CounterTerrorist,667.6924,2635.824,134.1887,M4A4,100,100,37.30497,0.7491968,0,False,True,True,271.0547,0
krimz * crucial,CounterTerrorist,668.1713,2635.834,133.9493,M4A4,100,100,-11.43541,-0.2187011,0,False,True,True,271.0547,0
krimz * crucial,CounterTerrorist,668.0351,2635.831,134.0057,M4A4,100,100,0,0,0,False,True,True,271.0547,0
krimz * crucial,CounterTerrorist,668.0351,2635.831,134.0057,M4A4,100,100,0,0,0,False,True,True,271.0547,0
krimz * crucial,CounterTerrorist,668.6386,2635.843,133.7156,M4A4,100,100,20.05883,0.3836232,0,False,True,True,271.0547,0
krimz * crucial,CounterTerrorist,669.92,2635.867,133.0749,M4A4,100,100,17.43435,0.3316377,0,False,True,True,271.0547,0
krimz * crucial,CounterTerrorist,669.2516,2635.855,133.4091,M4A4,100,100,-17.24701,-0.3209037,0,False,True,True,271.0547,0
krimz * crucial,CounterTerrorist,668.9073,2635.848,133.5688,M4A4,100,100,0,0,0,False,True,True,271.0547,0
krimz * crucial,CounterTerrorist,668.9073,2635.848,133.5688,M4A4,100,100,0,0,0,False,True,True,271.0547,0
krimz * crucial,CounterTerrorist,668.9073,2635.848,133.5688,M4A4,100,100,0,0,0,False,True,True,271.0547,0
krimz * crucial,CounterTerrorist,667.9793,2635.831,134.0453,M4A4,100,100,-36.6808,-0.7007176,0,False,True,True,271.0547,0
krimz * crucial,CounterTerrorist,663.7153,2635.736,136.1773,M4A4,100,100,-92.35732,-2.338352,0,False,True,True,272.1094,0.3515625
krimz * crucial,CounterTerrorist,656.7714,2635.485,139.6492,M4A4,100,100,-116.8763,-5.378199,0,False,True,True,277.0313,1.054688
krimz * crucial,CounterTerrorist,649.4788,2634.961,143.2955,M4A4,100,100,-116.4296,-11.5387,0,False,True,True,285.4688,2.460938
krimz * crucial,CounterTerrorist,642.2402,2633.936,146.9148,M4A4,100,100,-115.2692,-20.05041,0,False,True,True,289.3359,3.164063
krimz * crucial,CounterTerrorist,635.0801,2632.454,150.4949,M4A4,100,100,-114.0504,-26.10575,0,False,True,True,289.3359,3.164063
krimz * crucial,CounterTerrorist,627.986,2630.681,154.0419,M4A4,100,100,-113.1199,-29.88139,0,False,True,True,289.3359,3.164063
krimz * crucial,CounterTerrorist,620.9417,2628.72,157.5641,M4A4,100,100,-112.4194,-32.41713,0,False,True,True,289.3359,3.164063
krimz * crucial,CounterTerrorist,613.935,2626.627,160.0313,M4A4,100,100,-111.8829,-34.22303,0,False,True,True,289.3359,2.8125
krimz * crucial,CounterTerrorist,606.8138,2625.044,160.0313,M4A4,100,100,-116.1467,-14.10476,0,False,True,True,289.6875,2.8125
krimz * crucial,CounterTerrorist,599.5112,2624.927,160.0313,M4A4,100,100,-116.8134,6.604578,0,False,True,True,289.6875,2.8125
krimz * crucial,CounterTerrorist,592.2095,2625.215,160.0313,M4A4,100,100,-116.9793,-2.197763,0,False,True,True,290.0391,3.164063
krimz * crucial,CounterTerrorist,584.925,2624.613,160.0313,M4A4,100,100,-116.0672,-14.74481,0,False,True,True,290.3906,3.164063
krimz * crucial,CounterTerrorist,580.1846,2624.346,160.0313,M4A4,100,100,-46.7429,3.116574,0,False,True,True,290.7422,3.164063
krimz * crucial,CounterTerrorist,579.4192,2624.849,160.0313,M4A4,100,100,9.225418,8.228985,0,False,True,True,291.0938,3.164063
krimz * crucial,CounterTerrorist,580.8156,2625.535,160.0313,M4A4,100,100,31.97485,14.08055,0,False,True,True,291.7969,3.164063
krimz * crucial,CounterTerrorist,583.5705,2626.701,160.0313,M4A4,100,100,53.47018,22.2882,0,False,True,True,291.7969,3.164063
krimz * crucial,CounterTerrorist,587.6653,2628.387,160.0313,M4A4,100,100,74.8056,30.55731,0,False,True,True,291.7969,2.8125
krimz * crucial,CounterTerrorist,590.9711,2629.744,160.0313,M4A4,100,100,27.24996,11.42952,0,False,True,True,291.4453,2.8125
krimz * crucial,CounterTerrorist,590.8682,2629.722,160.0313,M4A4,100,100,-14.87752,-5.718526,0,False,True,True,291.0938,2.460938
krimz * crucial,CounterTerrorist,590.2624,2629.489,160.0313,M4A4,100,100,6.181506,2.379859,0,False,True,True,291.0938,2.460938
krimz * crucial,CounterTerrorist,589.9504,2629.368,160.0313,M4A4,100,100,-16.03197,-6.195634,0,False,True,True,291.0938,2.460938
krimz * crucial,CounterTerrorist,588.1955,2628.686,160.0313,M4A4,100,100,-37.4312,-14.62615,0,False,True,True,291.4453,2.8125
krimz * crucial,CounterTerrorist,586.2624,2627.929,160.0313,M4A4,100,100,-21.76447,-8.525508,0,False,True,True,292.5,2.8125
krimz * crucial,CounterTerrorist,585.645,2627.687,160.0313,M4A4,100,100,0,0,0,False,True,True,293.2031,2.8125
krimz * crucial,CounterTerrorist,585.645,2627.687,160.0313,M4A4,100,100,0,0,0,False,True,True,293.5547,2.8125
krimz * crucial,CounterTerrorist,585.645,2627.687,160.0313,M4A4,100,100,0,0,0,False,True,True,293.5547,2.8125
krimz * crucial,CounterTerrorist,585.645,2627.687,160.0313,M4A4,100,100,0,0,0,False,True,True,293.5547,2.8125
krimz * crucial,CounterTerrorist,585.645,2627.687,160.0313,M4A4,100,100,0,0,0,False,True,True,293.5547,2.8125
krimz * crucial,CounterTerrorist,584.7429,2627.293,160.0313,M4A4,100,100,-23.65433,-10.33235,0,False,True,True,293.5547,3.164063
krimz * crucial,CounterTerrorist,582.7681,2626.43,160.0313,M4A4,100,100,-29.09194,-12.71695,0,False,True,True,293.5547,3.164063
krimz * crucial,CounterTerrorist,582.3659,2626.255,160.0313,M4A4,100,100,10.46712,4.610387,0,False,True,True,293.9063,3.164063
krimz * crucial,CounterTerrorist,583.6786,2626.834,160.0313,M4A4,100,100,21.10375,9.301091,0,False,True,True,293.9063,3.164063
krimz * crucial,CounterTerrorist,583.3998,2626.711,160.0313,M4A4,100,100,-15.72748,-6.932276,0,False,True,True,293.9063,3.164063
krimz * crucial,CounterTerrorist,583.0871,2626.573,160.0313,M4A4,100,100,0,0,0,False,True,True,293.5547,3.164063
krimz * crucial,CounterTerrorist,583.1889,2626.618,160.0313,M4A4,100,100,7.82857,3.46841,0,False,True,True,293.9063,3.164063
krimz * crucial,CounterTerrorist,584.4161,2627.165,160.0313,M4A4,100,100,28.81413,12.88158,0,False,True,True,294.2578,3.164063
krimz * crucial,CounterTerrorist,585.0007,2627.427,160.0313,M4A4,100,100,-7.81351,-3.502207,0,False,True,True,294.2578,3.164063
krimz * crucial,CounterTerrorist,584.0179,2626.985,160.0313,M4A4,100,100,-13.22825,-5.93829,0,False,True,True,294.2578,3.164063
krimz * crucial,CounterTerrorist,583.5082,2626.755,160.0313,M4A4,100,100,-13.4153,-6.13118,0,False,True,True,294.6094,3.164063
krimz * crucial,CounterTerrorist,581.9401,2626.023,160.0313,M4A4,100,100,-34.11616,-16.15622,0,False,True,True,296.0156,3.164063
krimz * crucial,CounterTerrorist,579.9517,2625.072,160.0313,M4A4,100,100,-26.57048,-12.66641,0,False,True,True,296.3672,3.164063
krimz * crucial,CounterTerrorist,580.1797,2625.195,160.0313,M4A4,100,100,16.96421,8.410335,0,False,True,True,296.3672,3.164063
krimz * crucial,CounterTerrorist,580.5615,2625.384,160.0313,M4A4,100,100,0,0,0,False,True,True,296.3672,3.164063
krimz * crucial,CounterTerrorist,580.5615,2625.384,160.0313,M4A4,100,100,0,0,0,False,True,True,296.0156,3.164063
krimz * crucial,CounterTerrorist,581.2656,2625.726,160.0313,M4A4,100,100,20.63363,10.01909,0,False,True,True,295.6641,3.164063
krimz * crucial,CounterTerrorist,583.2852,2626.7,160.0313,M4A4,100,100,41.41753,19.86984,0,False,True,True,295.3125,3.164063
krimz * crucial,CounterTerrorist,586.614,2628.268,160.0313,M4A4,100,100,62.59306,28.85882,0,False,True,True,292.5,3.164063
krimz * crucial,CounterTerrorist,591.2842,2630.278,160.0313,M4A4,100,100,83.71366,33.81319,0,False,True,True,285.8203,3.164063
krimz * crucial,CounterTerrorist,596.6225,2632.305,160.0313,M4A4,100,99,68.52932,26.67684,0,False,True,True,284.7656,2.8125
krimz * crucial,CounterTerrorist,597.6338,2632.916,160.0313,M4A4,100,99,-17.62226,-3.261577,0,False,True,True,284.7656,2.8125
krimz * crucial,CounterTerrorist,594.6284,2632.174,160.0313,M4A4,100,99,-71.82984,-18.35157,0,False,True,True,284.7656,2.8125
krimz * crucial,CounterTerrorist,588.3832,2630.546,160.0313,M4A4,100,99,-119.6774,-31.42002,0,False,True,True,284.7656,2.8125
krimz * crucial,CounterTerrorist,581.3126,2628.681,160.0313,M4A4,100,99,-113.0594,-30.10917,0,False,True,True,286.5234,3.164063
krimz * crucial,CounterTerrorist,574.3026,2626.724,160.0313,M4A4,100,99,-108.1745,-31.30269,0,False,True,True,291.7969,3.515625
krimz * crucial,CounterTerrorist,568.5881,2625.071,160.0313,M4A4,100,99,-79.67658,-23.05619,0,False,True,True,292.1484,3.515625
krimz * crucial,CounterTerrorist,564.6459,2623.958,160.0313,M4A4,100,99,-41.71225,-10.29603,0,False,True,True,292.1484,3.515625
krimz * crucial,CounterTerrorist,564.1006,2623.929,160.0313,M4A4,100,99,5.306756,2.18382,0,False,True,True,292.1484,3.515625
krimz * crucial,CounterTerrorist,563.4033,2623.643,160.0313,M4A4,100,99,-21.10964,-8.678473,0,False,True,True,292.5,3.515625
krimz * crucial,CounterTerrorist,561.9529,2623.046,160.0313,M4A4,100,99,-16.07584,-6.622362,0,False,True,True,292.5,3.515625
krimz * crucial,CounterTerrorist,561.9869,2623.06,160.0313,M4A4,100,99,13.22921,5.462179,0,False,True,True,292.5,3.515625
krimz * crucial,CounterTerrorist,563.5603,2623.712,160.0313,M4A4,100,99,34.4663,14.29317,0,False,True,True,292.5,3.515625
krimz * crucial,CounterTerrorist,566.4612,2624.915,160.0313,M4A4,100,99,55.70797,23.11316,0,False,True,True,292.5,3.515625
krimz * crucial,CounterTerrorist,570.6869,2626.668,160.0313,M4A4,100,99,76.67673,31.81746,0,False,True,True,292.5,3.515625
krimz * crucial,CounterTerrorist,576.0926,2628.912,160.0313,M4A4,100,99,93.3804,38.75104,0,False,True,True,292.5,3.515625
krimz * crucial,CounterTerrorist,582.3807,2631.521,160.0313,M4A4,100,99,105.6836,43.85802,0,False,True,True,292.5,3.515625
krimz * crucial,CounterTerrorist,588.1068,2633.895,160.0313,M4A4,100,99,66.11268,27.2848,0,False,True,True,292.8516,3.164063
krimz * crucial,CounterTerrorist,590.0352,2634.674,160.0313,M4A4,100,99,3.39524,1.018441,0,False,True,True,293.2031,3.164063
krimz * crucial,CounterTerrorist,589.1746,2634.299,160.0313,M4A4,100,99,-22.98356,-10.05161,0,False,True,True,293.5547,3.164063
krimz * crucial,CounterTerrorist,586.998,2633.344,160.0313,M4A4,100,99,-44.03748,-19.31082,0,False,True,True,293.5547,3.164063
krimz * crucial,CounterTerrorist,583.9121,2631.991,160.0313,M4A4,100,99,-44.26406,-19.41662,0,False,True,True,293.5547,3.164063
krimz * crucial,CounterTerrorist,582.7074,2631.463,160.0313,M4A4,100,99,5.207923,2.285866,0,False,True,True,293.5547,3.164063
krimz * crucial,CounterTerrorist,583.7733,2631.93,160.0313,M4A4,100,99,26.26854,11.52981,0,False,True,True,293.5547,3.164063
krimz * crucial,CounterTerrorist,586.0333,2632.922,160.0313,M4A4,100,99,36.9153,16.19743,0,False,True,True,293.5547,3.164063
krimz * crucial,CounterTerrorist,586.5976,2633.17,160.0313,M4A4,100,99,-9.843505,-4.320673,0,False,True,True,293.5547,3.164063
krimz * crucial,CounterTerrorist,585.2429,2632.573,160.0313,M4A4,100,99,-30.86315,-13.65736,0,False,True,True,293.9063,3.164063
krimz * crucial,CounterTerrorist,583.4286,2631.768,160.0313,M4A4,100,99,-20.68083,-9.175399,0,False,True,True,293.9063,3.164063
krimz * crucial,CounterTerrorist,582.581,2631.958,160.0313,M4A4,100,99,-12.63933,16.18235,0,False,True,True,294.6094,3.164063
krimz * crucial,CounterTerrorist,581.5539,2633.761,160.0313,M4A4,100,99,-19.93604,38.35308,0,False,True,True,294.6094,3.164063
krimz * crucial,CounterTerrorist,579.9929,2636.904,160.0313,M4A4,100,99,-29.0216,59.50486,0,False,True,True,294.9609,3.164063
krimz * crucial,CounterTerrorist,578.374,2640.233,160.0313,M4A4,100,99,-21.59741,44.41959,0,False,True,True,294.9609,3.164063
krimz * crucial,CounterTerrorist,577.3701,2642.299,160.0313,M4A4,100,99,-11.75889,24.18462,0,False,True,True,295.3125,3.164063
krimz * crucial,CounterTerrorist,576.0428,2642.774,160.0313,M4A4,100,99,-30.15986,-3.259024,0,False,True,True,295.3125,3.164063
krimz * crucial,CounterTerrorist,573.4868,2642.043,160.0313,M4A4,100,99,-49.41002,-17.5381,0,False,True,True,295.6641,3.164063
krimz * crucial,CounterTerrorist,570.2988,2640.819,160.0313,M4A4,100,99,-43.74708,-16.95861,0,False,True,True,295.6641,3.164063
krimz * crucial,CounterTerrorist,568.5426,2640.159,160.0313,M4A4,100,99,-7.347806,-1.571205,0,False,True,True,296.0156,3.164063
krimz * crucial,CounterTerrorist,569.0895,2640.435,160.0313,M4A4,100,99,18.04805,8.761936,0,False,True,True,296.0156,3.164063
krimz * crucial,CounterTerrorist,570.4283,2641.085,160.0313,M4A4,100,99,10.62642,5.158895,0,False,True,True,296.0156,3.164063
krimz * crucial,CounterTerrorist,569.7721,2640.766,160.0313,M4A4,100,99,-20.18459,-9.799179,0,False,True,True,296.0156,3.164063
krimz * crucial,CounterTerrorist,568.0224,2639.918,160.0313,M4A4,100,99,-25.54059,-12.36191,0,False,True,True,295.6641,3.164063
krimz * crucial,CounterTerrorist,567.6198,2639.722,160.0313,M4A4,100,99,10.19205,4.90852,0,False,True,True,295.6641,2.8125
krimz * crucial,CounterTerrorist,568.985,2640.38,160.0313,M4A4,100,99,30.9033,14.91073,0,False,True,True,295.6641,2.8125
krimz * crucial,CounterTerrorist,570.4041,2641.065,160.0313,M4A4,100,99,5.517547,2.659244,0,False,True,True,295.6641,2.8125
krimz * crucial,CounterTerrorist,569.6826,2640.717,160.0313,M4A4,100,99,-20.64812,-9.989169,0,False,True,True,295.6641,2.8125
krimz * crucial,CounterTerrorist,568.2648,2640.03,160.0313,M4A4,100,99,-15.74614,-7.635978,0,False,True,True,296.0156,3.164063
krimz * crucial,CounterTerrorist,567.9462,2639.875,160.0313,M4A4,100,99,0,0,0,False,True,True,296.0156,3.164063
krimz * crucial,CounterTerrorist,568.0347,2639.695,160.0313,M4A4,100,99,5.048392,-10.26305,0,False,True,True,296.0156,3.164063
krimz * crucial,CounterTerrorist,568.7072,2638.328,160.0313,M4A4,100,99,15.20035,-30.9013,0,False,True,True,296.0156,3.164063
krimz * crucial,CounterTerrorist,570.0141,2635.671,160.0313,M4A4,100,99,25.35231,-51.53955,0,False,True,True,296.0156,3.164063
krimz * crucial,CounterTerrorist,571.6614,2632.322,160.0313,M4A4,100,99,22.95225,-46.66039,0,False,True,True,296.3672,3.164063
krimz * crucial,CounterTerrorist,572.7467,2630.116,160.0313,M4A4,100,99,13.02098,-26.47078,0,False,True,True,296.3672,3.164063
krimz * crucial,CounterTerrorist,573.3898,2629.841,160.0313,M4A4,100,99,8.85295,13.15136,0,False,True,True,296.3672,3.164063
krimz * crucial,CounterTerrorist,573.7894,2631.345,160.0313,M4A4,100,99,-5.498377,26.55324,0,False,True,True,296.3672,3.164063
krimz * crucial,CounterTerrorist,572.4085,2632.201,160.0313,M4A4,100,99,-31.54858,1.23183,0,False,True,True,296.3672,3.164063
krimz * crucial,CounterTerrorist,570.1861,2631.839,160.0313,M4A4,100,99,-29.70325,-5.931004,0,False,True,True,296.3672,3.164063
krimz * crucial,CounterTerrorist,569.7684,2631.876,160.0313,M4A4,100,99,10.30422,5.301306,0,False,True,True,296.3672,3.164063
krimz * crucial,CounterTerrorist,571.1389,2632.563,160.0313,M4A4,100,99,30.94577,15.44815,0,False,True,True,296.3672,3.164063
krimz * crucial,CounterTerrorist,572.4398,2633.212,160.0313,M4A4,100,99,0,0,0,False,True,True,296.3672,3.164063
krimz * crucial,CounterTerrorist,571.5585,2632.773,160.0313,M4A4,100,99,-23.10855,-11.5013,0,False,True,True,296.3672,3.164063
krimz * crucial,CounterTerrorist,570.8627,2632.427,160.0313,M4A4,100,99,7.273882,3.620267,0,False,True,True,296.3672,2.8125
krimz * crucial,CounterTerrorist,572.041,2633.014,160.0313,M4A4,100,99,27.85772,13.88212,0,False,True,True,296.3672,2.8125
krimz * crucial,CounterTerrorist,573.7899,2633.885,160.0313,M4A4,100,99,12.81009,6.383526,0,False,True,True,296.3672,2.8125
krimz * crucial,CounterTerrorist,573.272,2633.626,160.0313,M4A4,100,99,-17.94253,-8.976039,0,False,True,True,296.7188,2.8125
krimz * crucial,CounterTerrorist,572.0236,2633.002,160.0313,M4A4,100,99,-13.07952,-6.543455,0,False,True,True,296.7188,2.8125
krimz * crucial,CounterTerrorist,571.8114,2632.896,160.0313,M4A4,100,99,0,0,0,False,True,True,296.7188,2.8125
krimz * crucial,CounterTerrorist,571.8114,2632.896,160.0313,M4A4,100,99,0,0,0,False,True,True,296.7188,2.8125
krimz * crucial,CounterTerrorist,571.8114,2632.896,160.0313,M4A4,100,99,0,0,0,False,True,True,296.7188,2.8125
krimz * crucial,CounterTerrorist,572.0908,2633.035,160.0313,M4A4,100,99,12.79996,6.40379,0,False,True,True,296.7188,2.8125
krimz * crucial,CounterTerrorist,573.3756,2633.678,160.0313,M4A4,100,99,18.10999,9.060385,0,False,True,True,296.3672,3.164063
krimz * crucial,CounterTerrorist,573.4395,2633.711,160.0313,M4A4,100,99,-12.36585,-6.153884,0,False,True,True,296.3672,3.164063
krimz * crucial,CounterTerrorist,571.9816,2632.988,160.0313,M4A4,100,99,-27.89094,-13.81512,0,False,True,True,296.3672,2.8125
krimz * crucial,CounterTerrorist,570.9473,2632.476,160.0313,M4A4,100,99,-7.728781,-3.82827,0,False,True,True,296.0156,3.164063
krimz * crucial,CounterTerrorist,570.8856,2632.445,160.0313,M4A4,100,99,0,0,0,False,True,True,296.0156,3.164063
krimz * crucial,CounterTerrorist,570.8856,2632.445,160.0313,M4A4,100,99,0,0,0,False,True,True,296.0156,3.164063
krimz * crucial,CounterTerrorist,570.8856,2632.445,160.0313,M4A4,100,99,0,0,0,False,True,True,296.0156,3.164063
krimz * crucial,CounterTerrorist,571.2861,2632.643,160.0313,M4A4,100,99,15.40711,7.617803,0,False,True,True,296.3672,3.164063
krimz * crucial,CounterTerrorist,572.9739,2633.477,160.0313,M4A4,100,99,36.02662,17.80778,0,False,True,True,296.3672,3.164063
krimz * crucial,CounterTerrorist,575.0743,2634.515,160.0313,M4A4,100,99,20.94965,10.3684,0,False,True,True,296.0156,2.8125
krimz * crucial,CounterTerrorist,574.8066,2634.386,160.0313,M4A4,100,99,-15.43831,-7.554387,0,False,True,True,296.0156,2.8125
krimz * crucial,CounterTerrorist,573.9536,2633.969,160.0313,M4A4,100,99,-5.44551,-2.664638,0,False,True,True,296.0156,2.8125
krimz * crucial,CounterTerrorist,573.9307,2633.957,160.0313,M4A4,100,99,0,0,0,False,True,True,296.0156,2.8125
krimz * crucial,CounterTerrorist,573.9307,2633.957,160.0313,M4A4,100,99,0,0,0,False,True,True,296.0156,2.8125
krimz * crucial,CounterTerrorist,573.9307,2633.957,160.0313,M4A4,100,99,0,0,0,False,True,True,296.0156,2.8125
krimz * crucial,CounterTerrorist,573.9307,2633.957,160.0313,M4A4,100,99,0,0,0,False,True,True,296.0156,3.164063
krimz * crucial,CounterTerrorist,573.9307,2633.957,160.0313,M4A4,100,99,0,0,0,False,True,True,296.0156,3.164063
krimz * crucial,CounterTerrorist,573.9307,2633.957,160.0313,M4A4,100,99,0,0,0,False,True,True,296.0156,3.164063
krimz * crucial,CounterTerrorist,573.9307,2633.957,160.0313,M4A4,100,99,0,0,0,False,True,True,296.0156,3.164063
krimz * crucial,CounterTerrorist,573.9307,2633.957,160.0313,M4A4,100,99,0,0,0,False,True,True,296.0156,3.164063
krimz * crucial,CounterTerrorist,574.8162,2634.388,160.0313,M4A4,100,99,23.21486,11.28518,0,False,True,True,296.0156,3.164063
krimz * crucial,CounterTerrorist,576.9942,2635.447,160.0313,M4A4,100,99,43.90025,21.34075,0,False,True,True,296.0156,3.164063
krimz * crucial,CounterTerrorist,579.3857,2636.61,160.0313,M4A4,100,99,18.51832,9.081584,0,False,True,True,295.6641,3.164063
krimz * crucial,CounterTerrorist,578.983,2636.428,160.0313,M4A4,100,99,-17.45681,-8.107412,0,False,True,True,294.9609,3.164063
krimz * crucial,CounterTerrorist,578.0047,2635.974,160.0313,M4A4,100,99,-7.368287,-3.418341,0,False,True,True,294.9609,3.164063
krimz * crucial,CounterTerrorist,577.9493,2635.948,160.0313,M4A4,100,99,0,0,0,False,True,True,294.9609,3.164063
krimz * crucial,CounterTerrorist,578.2328,2636.08,160.0313,M4A4,100,99,12.98139,6.027532,0,False,True,True,294.9609,3.164063
krimz * crucial,CounterTerrorist,579.7775,2636.797,160.0313,M4A4,100,99,33.84016,15.71832,0,False,True,True,294.9609,3.164063
krimz * crucial,CounterTerrorist,581.7795,2637.727,160.0313,M4A4,100,99,13.43407,6.239843,0,False,True,True,294.9609,3.164063
krimz * crucial,CounterTerrorist,581.2615,2637.486,160.0313,M4A4,100,99,-18.19529,-8.451931,0,False,True,True,294.9609,3.515625
krimz * crucial,CounterTerrorist,580.5193,2637.142,160.0313,M4A4,100,99,-2.947522,-1.369159,0,False,True,True,294.9609,3.515625
krimz * crucial,CounterTerrorist,580.5193,2637.142,160.0313,M4A4,100,99,0,0,0,False,True,True,294.9609,3.515625
krimz * crucial,CounterTerrorist,580.5193,2637.142,160.0313,M4A4,100,99,0,0,0,False,True,True,294.9609,3.515625
krimz * crucial,CounterTerrorist,580.4182,2637.095,160.0313,M4A4,100,99,-7.774274,-3.588451,0,False,True,True,294.6094,3.515625
krimz * crucial,CounterTerrorist,579.1967,2636.535,160.0313,M4A4,100,99,-28.69666,-13.14122,0,False,True,True,294.6094,3.515625
krimz * crucial,CounterTerrorist,576.7487,2635.414,160.0313,M4A4,100,99,-39.26908,-17.97489,0,False,True,True,294.6094,3.515625
krimz * crucial,CounterTerrorist,576.3079,2635.212,160.0313,M4A4,100,99,10.40032,4.759163,0,False,True,True,294.6094,3.515625
krimz * crucial,CounterTerrorist,577.5315,2635.772,160.0313,M4A4,100,99,15.7994,7.229764,0,False,True,True,294.6094,3.515625
krimz * crucial,CounterTerrorist,577.0458,2635.55,160.0313,M4A4,100,99,-18.24319,-8.348039,0,False,True,True,294.6094,3.515625
krimz * crucial,CounterTerrorist,575.2915,2634.747,160.0313,M4A4,100,99,-28.81402,-13.18522,0,False,True,True,294.6094,3.515625
krimz * crucial,CounterTerrorist,574.7039,2634.479,160.0313,M4A4,100,99,7.771204,3.595099,0,False,True,True,294.9609,3.515625
krimz * crucial,CounterTerrorist,575.9216,2635.047,160.0313,M4A4,100,99,28.58892,13.37389,0,False,True,True,294.9609,3.867188
krimz * crucial,CounterTerrorist,577.555,2635.812,160.0313,M4A4,100,99,13.35897,6.252874,0,False,True,True,294.9609,3.867188
krimz * crucial,CounterTerrorist,577.0367,2635.569,160.0313,M4A4,100,99,-18.16892,-8.508482,0,False,True,True,294.9609,3.867188
krimz * crucial,CounterTerrorist,575.9738,2635.072,160.0313,M4A4,100,99,2.207442,1.033742,0,False,True,True,294.9609,3.867188
krimz * crucial,CounterTerrorist,576.8654,2635.489,160.0313,M4A4,100,99,23.38092,10.93698,0,False,True,True,294.9609,3.515625
krimz * crucial,CounterTerrorist,578.6569,2636.326,160.0313,M4A4,100,99,23.61262,11.03167,0,False,True,True,294.9609,3.515625
krimz * crucial,CounterTerrorist,578.4401,2636.226,160.0313,M4A4,100,99,-15.58787,-7.240751,0,False,True,True,294.9609,3.515625
krimz * crucial,CounterTerrorist,577.1356,2635.62,160.0313,M4A4,100,99,-15.8146,-7.346069,0,False,True,True,294.9609,3.515625
krimz * crucial,CounterTerrorist,576.8167,2635.472,160.0313,M4A4,100,99,0,0,0,False,True,True,294.9609,3.515625
krimz * crucial,CounterTerrorist,576.8167,2635.472,160.0313,M4A4,100,99,0,0,0,False,True,True,294.9609,3.515625
krimz * crucial,CounterTerrorist,576.8167,2635.472,160.0313,M4A4,100,99,0,0,0,False,True,True,294.9609,3.515625
krimz * crucial,CounterTerrorist,577.1,2635.604,160.0313,M4A4,100,99,12.97732,6.036297,0,False,True,True,294.9609,3.515625
krimz * crucial,CounterTerrorist,578.6443,2636.322,160.0313,M4A4,100,99,33.84359,15.71089,0,False,True,True,294.6094,3.515625
krimz * crucial,CounterTerrorist,581.5025,2637.623,160.0313,M4A4,100,99,55.10049,24.50088,0,False,True,True,291.7969,3.515625
krimz * crucial,CounterTerrorist,585.7249,2639.373,160.0313,M4A4,100,99,77.23125,30.07908,0,False,True,True,285.8203,3.867188
krimz * crucial,CounterTerrorist,591.1577,2640.74,160.0313,M4A4,100,99,92.74654,10.01698,0,False,True,True,284.4141,3.515625
krimz * crucial,CounterTerrorist,597.3193,2640.521,160.0313,M4A4,100,99,102.684,-12.99569,0,False,True,True,284.4141,3.515625
krimz * crucial,CounterTerrorist,604.0059,2639.087,160.0313,M4A4,100,99,110.0094,-29.93576,0,False,True,True,284.4141,3.515625
krimz * crucial,CounterTerrorist,611.0604,2637.254,160.0313,M4A4,100,99,114.9257,-21.93356,0,False,True,True,283.3594,3.164063
krimz * crucial,CounterTerrorist,618.3243,2636.457,158.8728,M4A4,100,99,116.8197,-6.492492,0,False,True,True,282.6563,3.164063
krimz * crucial,CounterTerrorist,625.6346,2636.429,155.2176,M4A4,100,99,116.9449,3.588933,0,False,True,True,281.6016,3.164063
krimz * crucial,CounterTerrorist,632.9333,2636.87,151.5683,M4A4,100,99,116.6481,9.067459,0,False,True,True,279.4922,2.8125
krimz * crucial,CounterTerrorist,640.1672,2637.508,147.9513,M4A4,100,99,113.9754,10.56376,0,True,True,True,276.3281,1.757813
krimz * crucial,CounterTerrorist,647.143,2638.158,144.4634,M4A4,100,99,109.9664,10.13713,0,True,True,True,274.5703,1.054688
krimz * crucial,CounterTerrorist,652.724,2638.661,141.6729,M4A4,100,99,86.34431,7.714874,0,True,True,True,273.1641,0.703125
krimz * crucial,CounterTerrorist,658.1407,2639.122,138.9646,M4A4,100,99,76.26206,6.028922,0,False,True,True,272.1094,0
krimz * crucial,CounterTerrorist,662.9099,2639.462,136.58,M4A4,100,99,76.3401,4.943523,0,False,True,True,271.0547,359.6484
krimz * crucial,CounterTerrorist,667.6836,2639.73,134.1931,M4A4,100,99,76.40671,3.776906,0,False,True,True,270,358.9453
krimz * crucial,CounterTerrorist,672.4608,2639.928,132.0679,M4A4,100,99,76.45167,2.718773,0,False,True,True,269.6484,358.9453
krimz * crucial,CounterTerrorist,677.2853,2640.063,131.5382,M4A4,100,99,78.92838,1.747845,0,True,True,True,269.2969,358.9453
krimz * crucial,CounterTerrorist,682.414,2640.141,130.9761,M4A4,100,99,84.25641,0.8544328,0,True,True,True,268.9453,359.2969
krimz * crucial,CounterTerrorist,687.824,2640.165,130.5451,M4A4,100,99,88.17769,0.03708237,0,True,True,True,268.5938,359.6484
krimz * crucial,CounterTerrorist,692.9783,2640.155,130.1424,M4A4,100,99,64.20074,0.04935529,0,False,True,True,268.5938,359.6484
krimz * crucial,CounterTerrorist,694.6011,2640.186,130.0134,M4A4,100,99,-3.749167,0.4269636,0,False,True,True,268.5938,359.6484
krimz * crucial,CounterTerrorist,693.5571,2640.213,130.0972,M4A4,100,99,-26.76181,0.6583724,0,False,True,True,268.5938,359.6484
krimz * crucial,CounterTerrorist,691.0762,2640.272,130.291,M4A4,100,99,-49.75609,1.171809,0,False,True,True,268.5938,359.6484
krimz * crucial,CounterTerrorist,687.2911,2640.357,130.5867,M4A4,100,99,-61.37973,1.359567,0,False,True,True,268.9453,359.6484
krimz * crucial,CounterTerrorist,684.9121,2640.413,130.7726,M4A4,100,99,-10.45266,0.3424416,0,False,True,True,268.9453,359.6484
krimz * crucial,CounterTerrorist,685.6796,2640.401,130.7126,M4A4,100,99,22.93412,-0.3936508,0,False,True,True,268.9453,359.6484
krimz * crucial,CounterTerrorist,687.3882,2640.372,130.5791,M4A4,100,99,11.81076,-0.2027248,0,False,True,True,268.9453,359.6484
krimz * crucial,CounterTerrorist,686.834,2640.382,130.6224,M4A4,100,99,-19.55962,0.3357294,0,False,True,True,268.9453,359.6484
krimz * crucial,CounterTerrorist,684.4482,2640.422,130.8088,M4A4,100,99,-45.4309,0.7740923,0,False,True,True,268.9453,359.6484
krimz * crucial,CounterTerrorist,682.3997,2640.458,130.968,M4A4,100,99,-5.873858,0.1172116,0,False,True,True,268.9453,359.6484
krimz * crucial,CounterTerrorist,682.7571,2640.452,130.9409,M4A4,100,99,0,0,0,False,True,True,268.9453,359.6484
krimz * crucial,CounterTerrorist,683.0696,2640.448,130.9165,M4A4,100,99,14.31101,-0.2063439,0,False,True,True,269.2969,0
krimz * crucial,CounterTerrorist,684.1951,2640.432,130.8286,M4A4,100,99,3.187165,-0.04614461,0,False,True,True,269.2969,0
krimz * crucial,CounterTerrorist,683.2342,2640.445,130.9037,M4A4,100,99,-25.43499,0.3574284,0,False,True,True,269.2969,0
krimz * crucial,CounterTerrorist,680.8358,2640.477,131.1437,M4A4,100,99,-48.43383,0.5889352,0,False,True,True,269.2969,0
krimz * crucial,CounterTerrorist,677.5579,2640.511,131.5017,M4A4,100,99,-68.55927,0.6033338,0,False,True,True,269.6484,0
krimz * crucial,CounterTerrorist,671.7676,2640.541,132.1511,M4A4,100,99,-92.44753,0.2254382,0,False,True,True,270.7031,0.3515625
krimz * crucial,CounterTerrorist,665.4171,2640.53,135.3264,M4A4,100,99,-108.0416,-0.5533115,0,False,True,True,271.4063,0.703125
krimz * crucial,CounterTerrorist,658.2729,2640.452,138.8985,M4A4,100,99,-116.9857,-1.827922,0,False,True,True,272.8125,1.054688
krimz * crucial,CounterTerrorist,650.9628,2640.271,142.5535,M4A4,100,99,-116.9321,-3.985773,0,False,True,True,276.3281,1.757813
krimz * crucial,CounterTerrorist,643.6621,2639.867,146.2039,M4A4,100,99,-116.6596,-8.917861,0,False,True,True,282.6563,3.164063
krimz * crucial,CounterTerrorist,636.3968,2639.049,149.8365,M4A4,100,99,-115.8559,-16.32208,0,False,True,True,286.5234,3.867188
krimz * crucial,CounterTerrorist,629.1869,2637.832,153.4415,M4A4,100,99,-114.9968,-21.55751,0,False,True,True,286.5234,3.867188
krimz * crucial,CounterTerrorist,622.0244,2636.36,157.0228,M4A4,100,99,-114.3187,-24.90424,0,False,True,True,286.5234,3.867188
krimz * crucial,CounterTerrorist,614.8986,2634.719,160.0313,M4A4,100,99,-113.7939,-27.2018,0,False,True,True,286.5234,3.867188
krimz * crucial,CounterTerrorist,607.8017,2632.956,160.0313,M4A4,100,99,-113.3713,-28.91261,0,False,True,True,286.875,3.867188
krimz * crucial,CounterTerrorist,601.2709,2631.264,160.0313,M4A4,100,99,-84.10288,-21.51351,0,False,True,True,286.5234,3.867188
krimz * crucial,CounterTerrorist,599.4323,2630.866,160.0313,M4A4,100,99,9.453688,2.743574,0,False,True,True,286.1719,3.867188
krimz * crucial,CounterTerrorist,601.6151,2631.482,160.0313,M4A4,100,99,47.67197,13.20353,0,False,True,True,284.4141,3.867188
krimz * crucial,CounterTerrorist,605.386,2632.476,160.0313,M4A4,100,99,70.2431,17.7199,0,False,True,True,281.6016,3.515625
krimz * crucial,CounterTerrorist,610.5354,2633.671,160.0313,M4A4,100,99,91.04062,19.80216,0,False,True,True,278.7891,3.164063
krimz * crucial,CounterTerrorist,616.7946,2634.942,159.6376,M4A4,100,99,106.5305,20.76931,0,False,True,True,279.1406,3.164063
krimz * crucial,CounterTerrorist,623.8334,2636.264,156.1182,M4A4,100,99,115.0761,21.13003,0,False,True,True,279.1406,3.164063
krimz * crucial,CounterTerrorist,631.0303,2637.559,152.5198,M4A4,100,99,115.2112,20.38086,0,False,True,True,278.7891,3.164063
krimz * crucial,CounterTerrorist,638.3166,2638.796,148.8766,M4A4,100,99,120.001,19.43755,0,True,True,True,276.3281,2.460938
krimz * crucial,CounterTerrorist,645.6113,2639.908,145.2293,M4A4,100,99,114.4223,16.46842,0,True,True,True,273.8672,1.757813
krimz * crucial,CounterTerrorist,651.7269,2640.728,142.1715,M4A4,100,99,107.695,13.8031,0,True,True,True,273.1641,1.054688
krimz * crucial,CounterTerrorist,657.5306,2641.457,139.2696,M4A4,100,99,77.62336,9.051074,0,False,True,True,272.8125,1.054688
krimz * crucial,CounterTerrorist,662.4341,2641.965,136.8179,M4A4,100,99,80.75087,7.515149,0,True,True,True,271.7578,0.703125
krimz * crucial,CounterTerrorist,667.6589,2642.387,134.2055,M4A4,100,99,85.5946,6.16749,0,True,True,True,271.0547,0.703125
krimz * crucial,CounterTerrorist,673.155,2642.73,131.9502,M4A4,100,99,91.13467,5.024622,0,False,True,True,271.0547,0.703125
krimz * crucial,CounterTerrorist,679.4364,2643.013,131.2589,M4A4,100,99,107.0792,4.104125,0,False,True,True,270.3516,0.703125
krimz * crucial,CounterTerrorist,686.541,2643.231,130.6453,M4A4,100,99,116.9616,2.997051,0,False,True,True,269.6484,0.3515625
krimz * crucial,CounterTerrorist,692.2169,2643.397,130.2019,M4A4,100,99,51.90707,2.648245,0,False,True,True,269.2969,0.3515625
krimz * crucial,CounterTerrorist,692.2139,2643.481,130.2021,M4A4,100,99,-30.93506,0.3880152,0,False,True,True,269.2969,0.3515625
krimz * crucial,CounterTerrorist,688.3045,2643.523,130.5076,M4A4,100,99,-86.98961,0.8724841,0,False,True,True,269.6484,0.3515625
krimz * crucial,CounterTerrorist,681.1698,2643.583,131.065,M4A4,100,99,-133.226,0.9038733,0,False,True,True,270,0.3515625
krimz * crucial,CounterTerrorist,671.6701,2643.591,132.1999,M4A4,100,99,-157.4166,-0.6793931,0,False,True,True,273.5156,1.40625
krimz * crucial,CounterTerrorist,663.6816,2643.479,136.1941,M4A4,100,99,-116.9065,-4.676301,0,False,True,True,283.7109,2.8125
krimz * crucial,CounterTerrorist,656.4043,2642.792,139.8328,M4A4,100,99,-115.9076,-15.95107,0,False,True,True,291.0938,3.515625
krimz * crucial,CounterTerrorist,649.2142,2641.469,143.4278,M4A4,100,99,-114.3581,-24.72303,0,False,True,True,291.0938,3.515625
krimz * crucial,CounterTerrorist,642.0615,2639.968,147.0042,M4A4,100,99,-115.8275,-16.52264,0,False,True,True,291.0938,3.515625
krimz * crucial,CounterTerrorist,634.7631,2639.694,150.6534,M4A4,100,99,-116.9295,4.062169,0,False,True,True,291.0938,3.515625
krimz * crucial,CounterTerrorist,628.3996,2640.333,153.8351,M4A4,100,99,-115.8007,16.70892,0,False,True,True,291.7969,3.515625
krimz * crucial,CounterTerrorist,620.2371,2641.272,157.9164,M4A4,100,99,-116.9486,3.466801,0,False,True,True,294.6094,3.867188
krimz * crucial,CounterTerrorist,612.9283,2641.414,160.0313,M4A4,100,99,-116.773,7.284751,0,False,True,True,296.3672,3.867188
krimz * crucial,CounterTerrorist,605.6637,2642.232,160.0313,M4A4,100,99,-115.7642,16.96043,0,False,True,True,297.0703,3.867188
krimz * crucial,CounterTerrorist,598.4636,2643.506,160.0313,M4A4,100,99,-114.8273,22.44329,0,False,True,True,298.4766,4.21875
krimz * crucial,CounterTerrorist,591.3066,2645.005,160.0313,M4A4,100,99,-114.3191,24.90273,0,False,True,True,299.8828,4.21875
krimz * crucial,CounterTerrorist,584.1712,2646.605,160.0313,M4A4,100,99,-114.0706,26.01741,0,False,True,True,300.9375,4.21875
krimz * crucial,CounterTerrorist,576.9083,2647.219,160.0313,M4A4,100,99,-116.9893,-1.57814,0,False,True,True,301.6406,4.21875
krimz * crucial,CounterTerrorist,569.6525,2646.382,160.0313,M4A4,100,99,-114.9962,-21.56079,0,False,True,True,301.9922,4.21875
krimz * crucial,CounterTerrorist,562.8701,2644.728,160.0313,M4A4,100,99,-97.24386,-25.02699,0,False,True,True,303.0469,4.21875
krimz * crucial,CounterTerrorist,559.0089,2644.213,160.0313,M4A4,100,99,-35.2593,3.677411,0,False,True,True,303.75,4.21875
krimz * crucial,CounterTerrorist,558.676,2644.95,160.0313,M4A4,100,99,11.67361,14.72057,0,False,True,True,303.75,4.21875
krimz * crucial,CounterTerrorist,558.824,2645.214,160.0313,M4A4,100,99,-9.491692,-6.381549,0,False,True,True,303.75,4.21875
krimz * crucial,CounterTerrorist,557.783,2644.513,160.0313,M4A4,100,99,-26.19292,-17.61028,0,False,True,True,303.75,4.21875
krimz * crucial,CounterTerrorist,555.1025,2642.711,160.0313,M4A4,100,99,-47.66428,-32.04967,0,False,True,True,303.75,4.21875
krimz * crucial,CounterTerrorist,552.4851,2640.951,160.0313,M4A4,100,99,-33.71038,-22.67156,0,False,True,True,304.4531,4.21875
krimz * crucial,CounterTerrorist,552.1569,2640.74,160.0313,M4A4,100,99,9.40989,6.501565,0,False,True,True,304.8047,4.21875
krimz * crucial,CounterTerrorist,552.2762,2640.821,160.0313,M4A4,100,99,-9.177561,-6.39786,0,False,True,True,304.8047,3.867188
krimz * crucial,CounterTerrorist,551.0411,2639.957,160.0313,M4A4,100,99,-27.98722,-19.63411,0,False,True,True,305.1563,3.867188
krimz * crucial,CounterTerrorist,548.6321,2638.262,160.0313,M4A4,100,99,-46.74355,-32.94592,0,False,True,True,305.1563,3.867188
krimz * crucial,CounterTerrorist,545.2707,2635.886,160.0313,M4A4,100,99,-51.53461,-36.45414,0,False,True,True,305.5078,3.867188
krimz * crucial,CounterTerrorist,542.9342,2634.151,160.0313,M4A4,100,99,-17.44927,-19.96115,0,False,True,True,305.8594,3.867188
krimz * crucial,CounterTerrorist,543.4641,2633.313,160.0313,M4A4,100,99,22.31206,-9.7289,0,False,True,True,305.8594,3.867188
krimz * crucial,CounterTerrorist,545.0336,2632.11,160.0313,M4A4,100,99,18.03036,-31.60439,0,False,True,True,306.2109,3.867188
krimz * crucial,CounterTerrorist,545.6831,2629.3,160.0313,M4A4,100,99,9.187486,-54.10759,0,False,True,True,306.5625,3.867188
krimz * crucial,CounterTerrorist,547.0085,2625.396,160.0313,M4A4,100,99,29.77404,-69.205,0,False,True,True,306.5625,3.867188
krimz * crucial,CounterTerrorist,549.0759,2621.071,160.0313,M4A4,100,99,29.92699,-61.74279,0,False,True,True,306.5625,3.867188
krimz * crucial,CounterTerrorist,550.6015,2617.923,160.0313,M4A4,100,99,20.1132,-41.49582,0,False,True,True,306.5625,3.867188
krimz * crucial,CounterTerrorist,551.5882,2616.135,160.0313,M4A4,100,99,15.27241,-12.60726,0,False,True,True,305.8594,3.867188
krimz * crucial,CounterTerrorist,552.2067,2616.814,160.0313,M4A4,100,99,10.9191,21.13322,0,False,True,True,306.2109,3.867188
krimz * crucial,CounterTerrorist,553.7156,2618.444,160.0313,M4A4,100,99,33.4856,30.64881,0,False,True,True,305.8594,4.21875
krimz * crucial,CounterTerrorist,556.1487,2620.516,160.0313,M4A4,100,99,34.87141,29.30169,0,False,True,True,305.5078,4.570313
krimz * crucial,CounterTerrorist,557.8661,2621.635,160.0313,M4A4,100,99,26.55046,2.29582,0,False,True,True,304.8047,4.570313
krimz * crucial,CounterTerrorist,559.2914,2621.163,160.0313,M4A4,100,99,14.80704,-5.86315,0,False,True,True,303.75,4.570313
krimz * crucial,CounterTerrorist,558.7974,2620.483,160.0313,M4A4,100,99,-18.84139,-14.55767,0,False,True,True,303.0469,4.570313
krimz * crucial,CounterTerrorist,557.9179,2619.829,160.0313,M4A4,100,99,3.801984,2.173659,0,False,True,True,303.0469,4.570313
krimz * crucial,CounterTerrorist,558.8279,2620.415,160.0313,M4A4,100,99,23.01102,14.83284,0,False,True,True,302.6953,4.570313
krimz * crucial,CounterTerrorist,560.9517,2621.771,160.0313,M4A4,100,99,42.55658,26.95738,0,False,True,True,301.6406,4.570313
krimz * crucial,CounterTerrorist,564.3067,2623.869,160.0313,M4A4,100,99,62.37674,38.63396,0,False,True,True,300.9375,4.570313
krimz * crucial,CounterTerrorist,568.8648,2626.65,160.0313,M4A4,100,99,80.4223,48.55439,0,False,True,True,299.8828,4.570313
krimz * crucial,CounterTerrorist,573.9011,2629.666,160.0313,M4A4,100,99,65.53031,39.44519,0,False,True,True,299.1797,4.921875
krimz * crucial,CounterTerrorist,575.9205,2630.94,160.0313,M4A4,100,99,6.592717,5.489222,0,False,True,True,298.4766,4.921875
krimz * crucial,CounterTerrorist,575.3439,2630.641,160.0313,M4A4,100,99,-10.18592,-5.471607,0,False,True,True,298.125,4.921875
krimz * crucial,CounterTerrorist,575.6534,2630.808,160.0313,M4A4,100,99,15.10407,8.202167,0,False,True,True,298.4766,4.921875
krimz * crucial,CounterTerrorist,576.7195,2631.393,160.0313,M4A4,100,99,10.29384,5.664673,0,False,True,True,300.2344,4.21875
krimz * crucial,CounterTerrorist,576.091,2631.016,160.0313,M4A4,100,99,-19.30229,-11.55327,0,False,True,True,300.9375,3.867188
krimz * crucial,CounterTerrorist,574.1956,2629.871,160.0313,M4A4,100,99,-38.87412,-23.63485,0,False,True,True,301.6406,3.867188
krimz * crucial,CounterTerrorist,571.0822,2627.962,160.0313,M4A4,100,99,-58.30186,-35.94837,0,False,True,True,301.9922,3.867188
krimz * crucial,CounterTerrorist,566.7819,2625.288,160.0313,M4A4,100,99,-76.35969,-47.79449,0,False,True,True,302.6953,3.515625
krimz * crucial,CounterTerrorist,561.8773,2622.196,160.0313,M4A4,100,99,-71.70438,-45.27742,0,False,True,True,303.3984,3.515625
krimz * crucial,CounterTerrorist,558.6558,2620.182,160.0313,M4A4,100,99,-28.36916,-17.07613,0,False,True,True,304.1016,3.515625
krimz * crucial,CounterTerrorist,558.5862,2620.183,160.0313,M4A4,100,99,11.82602,8.061803,0,False,True,True,304.4531,3.515625
krimz * crucial,CounterTerrorist,559.2362,2620.627,160.0313,M4A4,100,99,-4.675029,-3.239099,0,False,True,True,304.8047,3.515625
krimz * crucial,CounterTerrorist,558.2821,2619.96,160.0313,M4A4,100,99,-23.47165,-16.49372,0,False,True,True,305.1563,3.515625
krimz * crucial,CounterTerrorist,556.197,2618.48,160.0313,M4A4,100,99,-37.45022,-26.70927,0,False,True,True,305.8594,3.867188
krimz * crucial,CounterTerrorist,554.714,2617.43,160.0313,M4A4,100,99,-5.454726,-3.446579,0,False,True,True,306.9141,3.867188
krimz * crucial,CounterTerrorist,555.3481,2617.916,160.0313,M4A4,100,99,18.23186,13.91859,0,False,True,True,307.2656,4.21875
krimz * crucial,CounterTerrorist,556.0353,2618.44,160.0313,M4A4,100,99,-4.160953,-3.201376,0,False,True,True,307.6172,4.21875
krimz * crucial,CounterTerrorist,555.1375,2617.743,160.0313,M4A4,100,99,-22.25425,-17.40096,0,False,True,True,308.3203,4.21875
krimz * crucial,CounterTerrorist,553.1558,2616.171,160.0313,M4A4,100,99,-35.58746,-28.44741,0,False,True,True,309.375,4.21875
krimz * crucial,CounterTerrorist,551.5494,2614.887,160.0313,M4A4,100,99,-18.01247,-14.39857,0,False,True,True,310.0781,4.21875
krimz * crucial,CounterTerrorist,551.7411,2615.063,160.0313,M4A4,100,99,8.762993,7.447142,0,False,True,True,310.4297,4.21875
krimz * crucial,CounterTerrorist,551.4718,2614.834,160.0313,M4A4,100,99,-13.09035,-11.1379,0,False,True,True,310.4297,4.21875
krimz * crucial,CounterTerrorist,550.0396,2613.612,160.0313,M4A4,100,99,-30.55092,-26.10886,0,False,True,True,310.4297,4.21875
krimz * crucial,CounterTerrorist,548.6639,2612.436,160.0313,M4A4,100,99,-4.811209,-4.086556,0,False,True,True,310.4297,4.21875
krimz * crucial,CounterTerrorist,549.2364,2612.929,160.0313,M4A4,100,99,13.07256,11.25481,0,False,True,True,310.7813,4.21875
krimz * crucial,CounterTerrorist,549.352,2613.029,160.0313,M4A4,100,99,-8.37356,-7.229279,0,False,True,True,310.7813,4.21875
krimz * crucial,CounterTerrorist,548.2167,2612.049,160.0313,M4A4,100,99,-25.77802,-22.26539,0,False,True,True,310.7813,4.21875
krimz * crucial,CounterTerrorist,546.8008,2610.825,160.0313,M4A4,100,99,-8.756278,-7.551117,0,False,True,True,310.7813,4.21875
krimz * crucial,CounterTerrorist,547.3303,2611.284,160.0313,M4A4,100,99,12.85053,11.12934,0,False,True,True,310.7813,4.21875
krimz * crucial,CounterTerrorist,547.3977,2611.342,160.0313,M4A4,100,99,-8.654909,-7.477226,0,False,True,True,310.7813,4.21875
krimz * crucial,CounterTerrorist,546.2439,2610.348,160.0313,M4A4,100,99,-26.09192,-22.47559,0,False,True,True,310.7813,4.21875
krimz * crucial,CounterTerrorist,545.4149,2609.633,160.0313,M4A4,100,99,3.901629,3.322851,0,False,True,True,310.4297,4.21875
krimz * crucial,CounterTerrorist,546.2736,2610.366,160.0313,M4A4,100,99,21.40152,18.24777,0,False,True,True,310.4297,4.21875
krimz * crucial,CounterTerrorist,548.2321,2612.024,160.0313,M4A4,100,99,39.12062,32.91246,0,False,True,True,309.375,4.21875
krimz * crucial,CounterTerrorist,549.3519,2612.979,160.0313,M4A4,100,99,-4.275827,-3.426978,0,False,True,True,309.0234,4.21875
krimz * crucial,CounterTerrorist,548.4569,2612.254,160.0313,M4A4,100,99,-22.13501,-17.92015,0,False,True,True,309.0234,4.21875
krimz * crucial,CounterTerrorist,546.4459,2610.624,160.0313,M4A4,100,99,-39.98747,-32.42152,0,False,True,True,309.0234,4.21875
krimz * crucial,CounterTerrorist,543.3534,2608.117,160.0313,M4A4,100,99,-53.4287,-43.3328,0,False,True,True,309.0234,4.21875
krimz * crucial,CounterTerrorist,541.8755,2606.918,160.0313,M4A4,100,99,0,0,0,False,True,True,309.0234,4.21875
krimz * crucial,CounterTerrorist,542.5794,2607.578,160.0313,M4A4,100,99,14.36351,19.69745,0,False,True,True,309.0234,4.21875
krimz * crucial,CounterTerrorist,543.2989,2609.695,160.0313,M4A4,100,99,10.52865,44.32368,0,False,True,True,309.0234,4.21875
krimz * crucial,CounterTerrorist,543.6497,2613.183,160.0313,Flash,100,99,-4.717778,62.44182,0,False,True,True,309.0234,4.21875
krimz * crucial,CounterTerrorist,542.5689,2617.448,160.0313,Flash,100,99,-21.39827,67.00169,0,False,True,True,309.0234,4.21875
krimz * crucial,CounterTerrorist,541.4722,2620.882,160.0313,Flash,100,99,-14.55309,45.56822,0,False,True,True,309.0234,4.21875
krimz * crucial,CounterTerrorist,540.8635,2622.788,160.0313,M4A4,100,99,-8.563544,26.81393,0,False,True,True,309.0234,4.21875
krimz * crucial,CounterTerrorist,540.5622,2623.731,160.0313,M4A4,100,99,-0.8627068,2.701283,0,False,True,True,309.0234,4.21875
krimz * crucial,CounterTerrorist,540.5622,2623.731,160.0313,M4A4,100,99,0,0,0,False,True,True,309.0234,4.21875
krimz * crucial,CounterTerrorist,540.5622,2623.731,160.0313,M4A4,100,99,0,0,0,False,True,True,308.6719,4.21875
krimz * crucial,CounterTerrorist,541.1735,2624.22,160.0313,M4A4,100,99,17.9277,14.30823,0,False,True,True,308.3203,4.21875
krimz * crucial,CounterTerrorist,542.9275,2625.616,160.0313,M4A4,100,99,35.94451,28.60494,0,False,True,True,308.3203,4.21875
krimz * crucial,CounterTerrorist,545.2854,2627.493,160.0313,M4A4,100,99,31.6931,25.21496,0,False,True,True,308.3203,4.21875
krimz * crucial,CounterTerrorist,546.6472,2628.577,160.0313,Flash,100,99,14.0858,11.20663,0,False,True,True,308.3203,4.21875
krimz * crucial,CounterTerrorist,546.9464,2628.815,160.0313,Flash,100,99,0,0,0,False,True,True,308.3203,4.21875
krimz * crucial,CounterTerrorist,546.9464,2628.815,160.0313,Smoke,100,99,0,0,0,False,True,True,308.3203,4.21875
krimz * crucial,CounterTerrorist,546.9464,2628.815,160.0313,Smoke,100,99,0,0,0,False,True,True,308.3203,4.21875
krimz * crucial,CounterTerrorist,546.9464,2628.815,160.0313,Smoke,100,99,0,0,0,False,True,True,308.3203,4.21875
krimz * crucial,CounterTerrorist,546.3333,2628.328,160.0313,Smoke,100,99,-17.96883,-14.25657,0,False,True,True,308.3203,4.21875
krimz * crucial,CounterTerrorist,544.5768,2626.935,160.0313,Smoke,100,99,-35.98662,-28.552,0,False,True,True,308.3203,4.21875
krimz * crucial,CounterTerrorist,541.7986,2624.73,160.0313,Smoke,100,99,-45.09344,-35.7774,0,False,True,True,308.3203,4.21875
krimz * crucial,CounterTerrorist,539.5999,2622.986,160.0313,Smoke,100,99,-27.46734,-21.79275,0,False,True,True,308.3203,4.21875
krimz * crucial,CounterTerrorist,538.5027,2622.116,160.0313,M4A4,100,99,-9.841241,-7.808097,0,False,True,True,308.3203,4.21875
krimz * crucial,CounterTerrorist,538.3672,2622.008,160.0313,M4A4,100,99,0,0,0,False,True,True,308.3203,4.21875
krimz * crucial,CounterTerrorist,538.3672,2622.008,160.0313,M4A4,100,99,0,0,0,False,True,True,308.3203,4.21875
krimz * crucial,CounterTerrorist,538.8396,2622.384,160.0313,M4A4,100,99,15.70367,12.48593,0,False,True,True,308.3203,4.21875
krimz * crucial,CounterTerrorist,540.5347,2623.413,160.0313,M4A4,100,99,37.63247,13.11123,0,False,True,True,308.3203,4.21875
krimz * crucial,CounterTerrorist,543.7078,2623.873,160.0313,M4A4,100,99,60.8028,3.788729,0,False,True,True,308.3203,4.21875
krimz * crucial,CounterTerrorist,548.1141,2624.545,160.0313,M4A4,100,99,76.50327,20.96231,0,False,True,True,308.3203,4.21875
krimz * crucial,CounterTerrorist,551.1354,2624.925,160.0313,M4A4,100,99,22.97363,-6.7945,0,False,True,True,308.3203,4.21875
krimz * crucial,CounterTerrorist,550.9905,2624.051,160.0313,M4A4,100,99,-15.33943,-17.83355,0,False,True,True,308.3203,4.21875
krimz * crucial,CounterTerrorist,550.1877,2623.209,160.0313,M4A4,100,99,3.937292,2.455764,0,False,True,True,308.3203,4.21875
krimz * crucial,CounterTerrorist,551.052,2623.887,160.0313,M4A4,100,99,21.68763,17.11963,0,False,True,True,308.3203,4.21875
krimz * crucial,CounterTerrorist,552.6578,2625.156,160.0313,M4A4,100,99,17.40891,13.76412,0,False,True,True,308.3203,4.21875
krimz * crucial,CounterTerrorist,552.386,2624.944,160.0313,M4A4,100,99,-13.93135,-10.88932,0,False,True,True,307.9688,4.21875
krimz * crucial,CounterTerrorist,550.8774,2623.767,160.0313,M4A4,100,99,-32.07383,-25.02618,0,False,True,True,307.9688,4.21875
krimz * crucial,CounterTerrorist,548.7606,2622.115,160.0313,M4A4,100,99,-27.78817,-21.6796,0,False,True,True,307.9688,4.21875
krimz * crucial,CounterTerrorist,548.6622,2622.039,160.0313,M4A4,100,99,11.28099,8.808339,0,False,True,True,307.9688,4.21875
krimz * crucial,CounterTerrorist,550.0045,2623.087,160.0313,M4A4,100,99,29.40939,22.96322,0,False,True,True,307.9688,4.21875
krimz * crucial,CounterTerrorist,552.4807,2625.019,160.0313,M4A4,100,99,47.58699,37.05483,0,False,True,True,307.6172,4.21875
krimz * crucial,CounterTerrorist,556.1094,2627.805,160.0313,M4A4,100,99,66.23618,50.01816,0,False,True,True,304.4531,4.21875
krimz * crucial,CounterTerrorist,560.84,2631.244,160.0313,M4A4,100,99,82.53742,58.21547,0,False,True,True,300.9375,4.21875
krimz * crucial,CounterTerrorist,566.4656,2634.845,160.0313,M4A4,100,99,93.7248,46.91755,0,False,True,True,299.1797,3.867188
krimz * crucial,CounterTerrorist,571.3042,2636.087,160.0313,M4A4,100,99,54.42889,4.619507,0,False,True,True,299.1797,3.867188
krimz * crucial,CounterTerrorist,572.5628,2635.708,160.0313,M4A4,100,99,-3.98574,-10.27536,0,False,True,True,298.8281,3.867188
krimz * crucial,CounterTerrorist,571.4282,2634.87,160.0313,M4A4,100,99,-27.66452,-17.23258,0,False,True,True,298.8281,3.867188
krimz * crucial,CounterTerrorist,569.2083,2633.559,160.0313,M4A4,100,99,-33.26242,-19.40532,0,False,True,True,298.8281,3.867188
krimz * crucial,CounterTerrorist,568.9753,2633.401,160.0313,M4A4,100,99,11.05412,6.051956,0,False,True,True,298.8281,3.867188
krimz * crucial,CounterTerrorist,570.374,2634.171,160.0313,M4A4,100,99,31.18012,17.18505,0,False,True,True,298.8281,3.867188
krimz * crucial,CounterTerrorist,572.6796,2635.444,160.0313,M4A4,100,99,26.40804,14.57844,0,False,True,True,298.8281,3.867188
krimz * crucial,CounterTerrorist,572.6224,2635.411,160.0313,M4A4,100,99,-13.41407,-7.431707,0,False,True,True,298.8281,3.867188
krimz * crucial,CounterTerrorist,571.0767,2634.555,160.0313,M4A4,100,99,-33.5337,-18.57621,0,False,True,True,298.8281,3.867188
krimz * crucial,CounterTerrorist,568.6622,2633.218,160.0313,M4A4,100,99,-33.75246,-18.69724,0,False,True,True,298.8281,3.867188
krimz * crucial,CounterTerrorist,567.2446,2632.432,160.0313,M4A4,100,99,-14.07053,-7.7944,0,False,True,True,298.8281,3.867188
krimz * crucial,CounterTerrorist,566.9834,2632.288,160.0313,M4A4,100,99,0,0,0,False,True,True,299.5313,3.515625
krimz * crucial,CounterTerrorist,566.1267,2631.802,160.0313,M4A4,100,99,-22.46267,-12.71667,0,False,True,True,299.5313,3.515625
krimz * crucial,CounterTerrorist,564.0193,2630.609,160.0313,M4A4,100,99,-42.46696,-24.0669,0,False,True,True,299.5313,3.515625
krimz * crucial,CounterTerrorist,561.0886,2628.944,160.0313,M4A4,100,99,-37.72974,-21.39774,0,False,True,True,300.2344,3.515625
krimz * crucial,CounterTerrorist,560.656,2628.712,160.0313,M4A4,100,99,9.774407,5.939395,0,False,True,True,301.2891,3.515625
krimz * crucial,CounterTerrorist,561.7258,2629.372,160.0313,M4A4,100,99,14.77343,9.144561,0,False,True,True,302.3438,3.867188
krimz * crucial,CounterTerrorist,561.4735,2629.2,160.0313,M4A4,100,99,-14.36388,-9.438485,0,False,True,True,303.3984,3.867188
krimz * crucial,CounterTerrorist,559.9133,2628.146,160.0313,M4A4,100,99,-33.12083,-22.7537,0,False,True,True,305.5078,3.867188
krimz * crucial,CounterTerrorist,557.306,2626.315,160.0313,M4A4,100,99,-42.26762,-29.94776,0,False,True,True,306.5625,3.867188
krimz * crucial,CounterTerrorist,555.6665,2625.165,160.0313,M4A4,100,99,-5.611269,-3.427072,0,False,True,True,306.5625,3.867188
krimz * crucial,CounterTerrorist,556.3042,2625.645,160.0313,M4A4,100,99,18.38217,13.71949,0,False,True,True,306.5625,3.867188
krimz * crucial,CounterTerrorist,556.1747,2625.547,160.0313,M4A4,100,99,-13.50107,-10.12356,0,False,True,True,306.9141,4.21875
krimz * crucial,CounterTerrorist,554.6866,2624.426,160.0313,M4A4,100,99,-31.81945,-24.03185,0,False,True,True,307.2656,4.21875
krimz * crucial,CounterTerrorist,552.1963,2622.541,160.0313,M4A4,100,99,-36.52559,-27.65235,0,False,True,True,307.2656,4.21875
krimz * crucial,CounterTerrorist,551.7136,2622.177,160.0313,M4A4,100,99,8.709866,6.615697,0,False,True,True,307.2656,4.21875
krimz * crucial,CounterTerrorist,552.8666,2623.053,160.0313,M4A4,100,99,22.49846,17.08456,0,False,True,True,307.2656,4.21875
krimz * crucial,CounterTerrorist,552.9338,2623.104,160.0313,M4A4,100,99,-11.39868,-8.655505,0,False,True,True,307.2656,4.21875
krimz * crucial,CounterTerrorist,551.6837,2622.155,160.0313,M4A4,100,99,-20.65699,-15.68574,0,False,True,True,307.2656,4.21875
krimz * crucial,CounterTerrorist,551.4084,2621.945,160.0313,M4A4,100,99,9.108987,6.916844,0,False,True,True,307.2656,4.21875
krimz * crucial,CounterTerrorist,552.6216,2622.867,160.0313,M4A4,100,99,27.42651,20.82613,0,False,True,True,307.2656,4.21875
krimz * crucial,CounterTerrorist,553.7731,2623.741,160.0313,M4A4,100,99,0,0,0,False,True,True,307.2656,4.21875
krimz * crucial,CounterTerrorist,552.9889,2623.146,160.0313,M4A4,100,99,-20.56818,-15.59598,0,False,True,True,307.2656,4.21875
krimz * crucial,CounterTerrorist,551.8029,2622.246,160.0313,M4A4,100,99,-2.619528,-2.027853,0,False,True,True,306.9141,4.21875
krimz * crucial,CounterTerrorist,552.5667,2622.816,160.0313,M4A4,100,99,20.31917,15.09438,0,False,True,True,306.5625,4.21875
krimz * crucial,CounterTerrorist,554.2773,2624.075,160.0313,M4A4,100,99,25.19571,18.48456,0,False,True,True,305.1563,4.21875
krimz * crucial,CounterTerrorist,554.2641,2624.094,160.0313,M4A4,100,99,-11.91808,-7.924881,0,False,True,True,303.3984,4.21875
krimz * crucial,CounterTerrorist,552.8335,2623.17,160.0313,M4A4,100,99,-31.46916,-20.04328,0,False,True,True,301.9922,4.21875
krimz * crucial,CounterTerrorist,552.061,2622.673,160.0313,M4A4,100,99,6.798581,4.214945,0,False,True,True,301.9922,4.21875
krimz * crucial,CounterTerrorist,553.172,2623.365,160.0313,M4A4,100,99,26.30859,16.39525,0,False,True,True,301.9922,4.21875
krimz * crucial,CounterTerrorist,555.1241,2624.585,160.0313,M4A4,100,99,26.49864,16.56283,0,False,True,True,301.9922,4.21875
krimz * crucial,CounterTerrorist,555.4838,2624.807,160.0313,M4A4,100,99,-9.650178,-6.139249,0,False,True,True,302.3438,3.867188
krimz * crucial,CounterTerrorist,554.2005,2623.986,160.0313,M4A4,100,99,-28.95199,-18.64656,0,False,True,True,303.3984,3.867188
krimz * crucial,CounterTerrorist,551.7736,2622.37,160.0313,M4A4,100,99,-42.76931,-29.10261,0,False,True,True,306.9141,3.867188
krimz * crucial,CounterTerrorist,549.7545,2620.996,160.0313,M4A4,100,99,-24.1674,-16.44484,0,False,True,True,308.6719,3.867188
krimz * crucial,CounterTerrorist,548.898,2620.413,160.0313,M4A4,100,99,-5.565492,-3.78707,0,False,True,True,308.6719,3.867188
krimz * crucial,CounterTerrorist,549.5188,2620.912,160.0313,M4A4,100,99,17.91699,14.32167,0,False,True,True,308.6719,3.867188
krimz * crucial,CounterTerrorist,550.0825,2621.363,160.0313,M4A4,100,99,-6.68836,-5.346235,0,False,True,True,308.6719,3.867188
krimz * crucial,CounterTerrorist,549.0328,2620.524,160.0313,M4A4,100,99,-24.65417,-19.70692,0,False,True,True,308.6719,3.867188
krimz * crucial,CounterTerrorist,547.4157,2619.231,160.0313,M4A4,100,99,-15.96418,-12.76072,0,False,True,True,308.6719,3.867188
krimz * crucial,CounterTerrorist,547.7704,2619.514,160.0313,M4A4,100,99,15.18308,12.13635,0,False,True,True,308.6719,3.867188
krimz * crucial,CounterTerrorist,549.2816,2620.722,160.0313,M4A4,100,99,24.26362,19.39474,0,False,True,True,308.6719,3.867188
krimz * crucial,CounterTerrorist,549.2732,2620.717,160.0313,M4A4,100,99,-11.31818,-8.96323,0,False,True,True,308.3203,3.867188
krimz * crucial,CounterTerrorist,548.0327,2619.742,160.0313,M4A4,100,99,-20.50833,-16.08273,0,False,True,True,307.9688,3.867188
krimz * crucial,CounterTerrorist,547.9007,2619.638,160.0313,M4A4,100,99,10.78912,8.422884,0,False,True,True,307.9688,3.867188
krimz * crucial,CounterTerrorist,549.2122,2620.662,160.0313,M4A4,100,99,28.91708,22.57834,0,False,True,True,307.9688,3.867188
krimz * crucial,CounterTerrorist,549.7646,2621.093,160.0313,M4A4,100,99,-6.847342,-5.346488,0,False,True,True,307.9688,3.867188
krimz * crucial,CounterTerrorist,548.6985,2620.262,160.0313,M4A4,100,99,-25.00706,-19.46117,0,False,True,True,307.9688,3.867188
krimz * crucial,CounterTerrorist,547.9607,2619.688,160.0313,M4A4,100,99,4.491899,3.488624,0,False,True,True,307.9688,3.867188
krimz * crucial,CounterTerrorist,548.8801,2620.402,160.0313,M4A4,100,99,22.65694,17.59646,0,False,True,True,307.9688,3.867188
krimz * crucial,CounterTerrorist,549.9521,2621.235,160.0313,M4A4,100,99,9.378684,7.283936,0,False,True,True,307.6172,3.867188
krimz * crucial,CounterTerrorist,549.3774,2620.792,160.0313,M4A4,100,99,-17.72693,-13.65269,0,False,True,True,307.6172,3.867188
krimz * crucial,CounterTerrorist,547.8397,2619.608,160.0313,M4A4,100,99,-22.43779,-17.26678,0,False,True,True,307.6172,3.867188
krimz * crucial,CounterTerrorist,547.7717,2619.555,160.0313,M4A4,100,99,11.34462,8.726232,0,False,True,True,307.6172,3.867188
krimz * crucial,CounterTerrorist,549.0867,2620.566,160.0313,M4A4,100,99,25.0765,19.26939,0,False,True,True,307.6172,3.867188
krimz * crucial,CounterTerrorist,549.5963,2620.958,160.0313,M4A4,100,99,-6.79507,-5.209935,0,False,True,True,307.6172,3.867188
krimz * crucial,CounterTerrorist,548.5299,2620.139,160.0313,M4A4,100,99,-25.04752,-19.2045,0,False,True,True,307.6172,3.867188
krimz * crucial,CounterTerrorist,546.887,2618.88,160.0313,M4A4,100,99,-16.21889,-12.43539,0,False,True,True,307.6172,3.867188
krimz * crucial,CounterTerrorist,547.2472,2619.156,160.0313,M4A4,100,99,15.42531,11.82693,0,False,True,True,307.6172,3.867188
krimz * crucial,CounterTerrorist,548.5904,2620.185,160.0313,M4A4,100,99,31.41743,24.04445,0,False,True,True,307.2656,3.867188
krimz * crucial,CounterTerrorist,549.8194,2621.126,160.0313,M4A4,100,99,-4.540286,-3.425414,0,False,True,True,306.9141,3.867188
krimz * crucial,CounterTerrorist,548.8898,2620.426,160.0313,M4A4,100,99,-22.90974,-17.26603,0,False,True,True,306.9141,3.867188
krimz * crucial,CounterTerrorist,548.276,2619.963,160.0313,M4A4,100,99,6.83982,5.151042,0,False,True,True,306.9141,3.867188
krimz * crucial,CounterTerrorist,549.3501,2620.77,160.0313,M4A4,100,99,25.24294,18.94686,0,False,True,True,306.9141,3.867188
krimz * crucial,CounterTerrorist,551.2211,2622.17,160.0313,M4A4,100,99,25.47727,19.05088,0,False,True,True,306.5625,3.867188
krimz * crucial,CounterTerrorist,551.2335,2622.183,160.0313,M4A4,100,99,-11.50107,-8.518975,0,False,True,True,306.5625,3.867188
krimz * crucial,CounterTerrorist,549.8646,2621.17,160.0313,M4A4,100,99,-29.9924,-22.19635,0,False,True,True,306.5625,3.867188
krimz * crucial,CounterTerrorist,547.8757,2619.698,160.0313,M4A4,100,99,-25.62232,-18.9608,0,False,True,True,306.5625,3.867188
krimz * crucial,CounterTerrorist,547.8601,2619.687,160.0313,M4A4,100,99,11.50549,8.513013,0,False,True,True,306.5625,3.867188
krimz * crucial,CounterTerrorist,549.2292,2620.7,160.0313,M4A4,100,99,29.9964,22.19094,0,False,True,True,306.5625,3.867188
krimz * crucial,CounterTerrorist,550.1214,2621.36,160.0313,M4A4,100,99,-4.577305,-3.375786,0,False,True,True,306.2109,3.867188
krimz * crucial,CounterTerrorist,549.1843,2620.669,160.0313,M4A4,100,99,-23.09535,-17.01697,0,False,True,True,306.2109,3.867188
krimz * crucial,CounterTerrorist,547.1251,2619.153,160.0313,M4A4,100,99,-37.05033,-27.263,0,False,True,True,306.2109,3.867188
krimz * crucial,CounterTerrorist,545.8097,2618.184,160.0313,M4A4,100,99,0,0,0,False,True,True,306.2109,3.867188
krimz * crucial,CounterTerrorist,546.6059,2618.763,160.0313,M4A4,100,99,20.88557,15.16831,0,False,True,True,305.8594,3.867188
krimz * crucial,CounterTerrorist,548.0272,2619.793,160.0313,M4A4,100,99,16.49787,11.95656,0,False,True,True,305.5078,3.867188
krimz * crucial,CounterTerrorist,547.8323,2619.655,160.0313,M4A4,100,99,-13.96839,-10.01469,0,False,True,True,305.5078,3.867188
krimz * crucial,CounterTerrorist,546.8799,2618.972,160.0313,M4A4,100,99,-4.927053,-3.53242,0,False,True,True,305.5078,3.867188
krimz * crucial,CounterTerrorist,547.5316,2619.439,160.0313,M4A4,100,99,18.64193,13.3644,0,False,True,True,305.5078,3.867188
krimz * crucial,CounterTerrorist,549.3539,2620.746,160.0313,M4A4,100,99,37.33466,26.76521,0,False,True,True,305.5078,3.867188
krimz * crucial,CounterTerrorist,551.004,2621.928,160.0313,M4A4,100,99,12.08931,8.666828,0,False,True,True,305.5078,3.867188
krimz * crucial,CounterTerrorist,550.3948,2621.492,160.0313,M4A4,100,99,-18.64193,-13.3644,0,False,True,True,305.5078,3.867188
krimz * crucial,CounterTerrorist,548.6086,2620.211,160.0313,M4A4,100,99,-32.71227,-23.45143,0,False,True,True,305.5078,3.867188
krimz * crucial,CounterTerrorist,547.9058,2619.708,160.0313,M4A4,100,99,6.961563,4.985282,0,False,True,True,305.5078,3.867188
krimz * crucial,CounterTerrorist,548.9982,2620.49,160.0313,M4A4,100,99,25.66123,18.3764,0,False,True,True,305.5078,3.867188
krimz * crucial,CounterTerrorist,550.3925,2621.488,160.0313,M4A4,100,99,7.368071,5.276391,0,False,True,True,305.5078,3.867188
krimz * crucial,CounterTerrorist,549.7561,2621.032,160.0313,M4A4,100,99,-18.64886,-13.35473,0,False,True,True,305.5078,3.867188
krimz * crucial,CounterTerrorist,548.2944,2619.986,160.0313,M4A4,100,99,-18.85211,-13.50029,0,False,True,True,305.5078,3.867188
krimz * crucial,CounterTerrorist,548.5399,2620.161,160.0313,M4A4,100,99,13.97913,9.999708,0,False,True,True,305.5078,3.867188
krimz * crucial,CounterTerrorist,550.0716,2621.256,160.0313,M4A4,100,99,32.70238,23.35782,0,False,True,True,305.5078,3.867188
krimz * crucial,CounterTerrorist,550.3745,2621.474,160.0313,M4A4,100,99,-9.321397,-6.627814,0,False,True,True,305.5078,3.867188
krimz * crucial,CounterTerrorist,549.132,2620.593,160.0313,M4A4,100,99,-28.09803,-19.91082,0,False,True,True,305.1563,3.867188
krimz * crucial,CounterTerrorist,548.2423,2619.962,160.0313,M4A4,100,99,4.642911,3.28497,0,False,True,True,305.1563,3.867188
krimz * crucial,CounterTerrorist,549.1926,2620.635,160.0313,M4A4,100,99,23.41863,16.56924,0,False,True,True,305.1563,3.867188
krimz * crucial,CounterTerrorist,551.0626,2621.958,160.0313,M4A4,100,99,23.61432,16.72558,0,False,True,True,305.1563,3.867188
krimz * crucial,CounterTerrorist,550.9393,2621.886,160.0313,M4A4,100,99,-13.76826,-9.201171,0,False,True,True,303.3984,3.867188
krimz * crucial,CounterTerrorist,550.2903,2621.455,160.0313,M4A4,100,99,4.776706,3.087188,0,False,True,True,302.6953,3.867188
krimz * crucial,CounterTerrorist,551.2681,2622.087,160.0313,M4A4,100,99,24.09937,15.56254,0,False,True,True,302.6953,3.867188
krimz * crucial,CounterTerrorist,553.4552,2623.496,160.0313,M4A4,100,99,43.49113,27.93024,0,False,True,True,302.3438,3.867188
krimz * crucial,CounterTerrorist,556.8635,2625.663,160.0313,M4A4,100,99,63.15429,39.86641,0,False,True,True,301.6406,3.867188
krimz * crucial,CounterTerrorist,559.5739,2627.383,160.0313,M4A4,100,99,19.91028,12.9513,0,False,True,True,301.6406,3.867188
krimz * crucial,CounterTerrorist,559.3225,2627.241,160.0313,M4A4,100,99,-14.65343,-8.982592,0,False,True,True,301.6406,3.867188
krimz * crucial,CounterTerrorist,559.3578,2627.263,160.0313,M4A4,100,99,12.20231,7.48005,0,False,True,True,301.6406,3.867188
krimz * crucial,CounterTerrorist,560.8099,2628.153,160.0313,M4A4,100,99,31.81128,19.50039,0,False,True,True,301.6406,3.867188
krimz * crucial,CounterTerrorist,563.4875,2629.795,160.0313,M4A4,100,99,51.42022,31.52073,0,False,True,True,301.6406,3.867188
krimz * crucial,CounterTerrorist,565.4588,2631.003,160.0313,M4A4,100,99,7.998839,4.8897,0,False,True,True,301.6406,3.867188
krimz * crucial,CounterTerrorist,564.7918,2630.594,160.0313,M4A4,100,99,-19.54659,-12.00249,0,False,True,True,301.6406,3.867188
krimz * crucial,CounterTerrorist,562.8817,2629.419,160.0313,M4A4,100,99,-39.12963,-24.065,0,False,True,True,301.6406,3.867188
krimz * crucial,CounterTerrorist,559.7483,2627.49,160.0313,M4A4,100,99,-58.68454,-36.17315,0,False,True,True,301.6406,3.867188
krimz * crucial,CounterTerrorist,555.3083,2625.476,160.0313,M4A4,100,99,-80.81242,-24.17757,0,False,True,True,301.9922,3.867188
krimz * crucial,CounterTerrorist,549.6062,2624.513,160.0313,Smoke,100,99,-98.58556,-9.413631,0,False,True,True,303.3984,3.867188
krimz * crucial,CounterTerrorist,542.9553,2624.28,160.0313,Smoke,100,99,-111.9664,-0.03986378,0,False,True,True,306.2109,4.21875
krimz * crucial,CounterTerrorist,535.8702,2623.394,160.0313,Smoke,100,99,-114.2113,-24.29387,0,False,True,True,307.9688,4.21875
krimz * crucial,CounterTerrorist,528.6884,2621.197,160.0313,Smoke,100,99,-115.371,-42.79384,0,False,True,True,308.6719,4.570313
krimz * crucial,CounterTerrorist,521.47,2618.031,160.0313,Smoke,100,99,-114.5785,-55.70029,0,False,True,True,308.6719,4.570313
krimz * crucial,CounterTerrorist,515.0287,2614.756,160.0313,Smoke,100,99,-90.23521,-46.01755,0,False,True,True,308.6719,4.570313
krimz * crucial,CounterTerrorist,511.4547,2613.259,160.0313,Smoke,100,99,-32.33835,-7.892155,0,False,True,True,308.6719,4.570313
krimz * crucial,CounterTerrorist,511.2215,2613.604,160.0313,Smoke,100,99,11.13223,11.28401,0,False,True,True,309.375,4.921875
krimz * crucial,CounterTerrorist,512.5706,2614.791,160.0313,Smoke,100,99,29.51725,25.19107,0,False,True,True,309.7266,5.273438
krimz * crucial,CounterTerrorist,515.0455,2616.872,160.0313,Smoke,100,99,47.42964,39.62315,0,False,True,True,309.375,5.625
krimz * crucial,CounterTerrorist,518.6354,2619.852,160.0313,Smoke,100,99,65.02393,53.73553,0,False,True,True,309.0234,5.976563
krimz * crucial,CounterTerrorist,523.2177,2623.605,160.0313,Smoke,100,99,79.19833,64.40764,0,False,True,True,307.9688,6.328125
krimz * crucial,CounterTerrorist,528.5588,2627.91,160.0313,Smoke,100,99,89.87128,71.97249,0,False,True,True,307.6172,6.679688
krimz * crucial,CounterTerrorist,534.0932,2632.32,160.0313,Smoke,100,99,76.29079,60.82551,0,False,True,True,307.6172,7.03125
krimz * crucial,CounterTerrorist,536.909,2634.596,160.0313,Smoke,100,99,21.54337,18.01823,0,False,True,True,307.2656,7.734375
krimz * crucial,CounterTerrorist,536.9598,2634.661,160.0313,Smoke,100,99,0,0,0,False,True,True,307.6172,7.734375
krimz * crucial,CounterTerrorist,536.9598,2634.661,160.0313,Smoke,100,99,0,0,0,False,True,True,307.9688,7.734375
krimz * crucial,CounterTerrorist,536.9598,2634.661,160.0313,Smoke,100,99,0,0,0,False,True,True,308.6719,8.085938
krimz * crucial,CounterTerrorist,536.9598,2634.661,160.0313,Smoke,100,99,0,0,0,False,True,True,308.6719,8.085938
krimz * crucial,CounterTerrorist,536.9598,2634.661,160.0313,Smoke,100,99,0,0,0,False,True,True,308.6719,8.4375
krimz * crucial,CounterTerrorist,536.9598,2634.661,160.0313,Smoke,100,99,0,0,0,False,True,True,308.6719,8.4375
krimz * crucial,CounterTerrorist,536.9598,2634.661,160.0313,Smoke,100,99,0,0,0,False,True,True,308.6719,8.4375
krimz * crucial,CounterTerrorist,536.9598,2634.661,160.0313,Smoke,100,99,0,0,0,False,True,True,308.6719,8.4375
krimz * crucial,CounterTerrorist,536.9598,2634.661,160.0313,Smoke,100,99,0,0,0,False,True,True,308.6719,8.4375
krimz * crucial,CounterTerrorist,536.9598,2634.661,160.0313,Smoke,100,99,0,0,0,False,True,True,308.6719,8.4375
krimz * crucial,CounterTerrorist,536.9598,2634.661,160.0313,Smoke,100,99,0,0,0,False,True,True,308.6719,8.4375
krimz * crucial,CounterTerrorist,536.9598,2634.661,160.0313,M4A4,100,99,0,0,0,False,True,True,308.6719,8.4375
krimz * crucial,CounterTerrorist,536.9598,2634.661,160.0313,M4A4,100,99,0,0,0,False,True,True,308.3203,8.085938
krimz * crucial,CounterTerrorist,536.9244,2634.635,160.0313,M4A4,100,99,-4.529615,-3.439511,0,False,True,True,307.2656,6.679688
krimz * crucial,CounterTerrorist,535.7286,2633.748,160.0313,M4A4,100,99,-36.51415,-26.83027,0,False,True,True,305.8594,5.273438
krimz * crucial,CounterTerrorist,531.8756,2630.954,160.0313,M4A4,100,99,-77.87996,-56.18231,0,False,True,True,305.5078,4.570313
krimz * crucial,CounterTerrorist,526.566,2627.135,160.0313,M4A4,100,99,-89.92234,-64.54046,0,False,True,True,305.5078,4.570313
krimz * crucial,CounterTerrorist,523.0351,2624.593,160.0313,M4A4,100,99,-31.97815,-23.17568,0,False,True,True,305.5078,4.570313
krimz * crucial,CounterTerrorist,522.7623,2624.387,160.0313,M4A4,100,99,9.475976,6.745912,0,False,True,True,305.5078,4.570313
krimz * crucial,CounterTerrorist,524.0132,2625.278,160.0313,M4A4,100,99,28.20933,20.08988,0,False,True,True,305.5078,4.570313
krimz * crucial,CounterTerrorist,526.4349,2627.003,160.0313,M4A4,100,99,46.94682,33.42802,0,False,True,True,305.5078,4.570313
krimz * crucial,CounterTerrorist,530.0276,2629.56,160.0313,M4A4,100,99,65.61764,46.68154,0,False,True,True,305.5078,4.21875
krimz * crucial,CounterTerrorist,534.655,2632.848,160.0313,M4A4,100,99,76.29385,54.19242,0,False,True,True,305.1563,4.21875
krimz * crucial,CounterTerrorist,537.4212,2634.816,160.0313,M4A4,100,99,19.95622,14.23541,0,False,True,True,305.1563,4.21875
krimz * crucial,CounterTerrorist,537.206,2634.665,160.0313,M4A4,100,99,-14.02563,-9.934374,0,False,True,True,305.1563,4.21875
krimz * crucial,CounterTerrorist,535.6696,2633.576,160.0313,M4A4,100,99,-32.79119,-23.233,0,False,True,True,305.1563,4.21875
krimz * crucial,CounterTerrorist,533.3957,2631.965,160.0313,M4A4,100,99,-23.73641,-16.76965,0,False,True,True,305.5078,4.21875
krimz * crucial,CounterTerrorist,533.5016,2632.048,160.0313,M4A4,100,99,13.31085,9.640695,0,False,True,True,305.8594,4.21875
krimz * crucial,CounterTerrorist,534.9864,2633.128,160.0313,M4A4,100,99,31.86572,23.23182,0,False,True,True,306.2109,4.21875
krimz * crucial,CounterTerrorist,537.5921,2635.034,160.0313,M4A4,100,99,45.77036,33.54644,0,False,True,True,306.2109,4.21875
krimz * crucial,CounterTerrorist,539.278,2636.269,160.0313,M4A4,100,99,4.717141,3.392604,0,False,True,True,306.2109,4.21875
krimz * crucial,CounterTerrorist,538.6312,2635.792,160.0313,M4A4,100,99,-18.46393,-13.60926,0,False,True,True,306.2109,4.21875
krimz * crucial,CounterTerrorist,536.8265,2634.461,160.0313,M4A4,100,99,-36.97236,-27.26349,0,False,True,True,306.2109,4.21875
krimz * crucial,CounterTerrorist,534.4057,2632.676,160.0313,M4A4,100,99,-44.01381,-32.45778,0,False,True,True,306.2109,4.21875
krimz * crucial,CounterTerrorist,531.5704,2630.585,160.0313,M4A4,100,99,-46.5283,-34.31329,0,False,True,True,306.2109,4.21875
krimz * crucial,CounterTerrorist,528.0125,2627.961,160.0313,M4A4,100,99,-64.93969,-47.90971,0,False,True,True,306.5625,4.21875
krimz * crucial,CounterTerrorist,523.403,2624.556,160.0313,M4A4,100,99,-79.92223,-59.09261,0,False,True,True,306.5625,4.21875
krimz * crucial,CounterTerrorist,518.0107,2620.55,160.0313,M4A4,100,99,-90.6678,-67.71457,0,False,True,True,307.6172,4.21875
krimz * crucial,CounterTerrorist,512.2211,2616.183,160.0313,M4A4,100,99,-89.70182,-68.082,0,False,True,True,309.0234,4.570313
krimz * crucial,CounterTerrorist,508.1988,2613.144,160.0313,M4A4,100,99,-56.00404,-41.60319,0,False,True,True,309.7266,4.570313
krimz * crucial,CounterTerrorist,507.0403,2612.401,160.0313,M4A4,100,99,15.24098,13.4895,0,False,True,True,309.7266,4.570313
krimz * crucial,CounterTerrorist,508.8135,2613.907,160.0313,M4A4,100,99,40.47538,34.12498,0,False,True,True,309.7266,4.570313
krimz * crucial,CounterTerrorist,512.4401,2616.948,160.0313,M4A4,100,99,60.45179,50.5163,0,False,True,True,309.375,4.570313
krimz * crucial,CounterTerrorist,516.9619,2619.903,160.0313,M4A4,100,99,82.29977,39.68213,0,False,True,True,309.0234,4.570313
krimz * crucial,CounterTerrorist,522.7678,2621.838,160.0313,M4A4,100,99,100.3184,24.7195,0,False,True,True,307.9688,4.570313
krimz * crucial,CounterTerrorist,529.3972,2623.427,160.0313,M4A4,100,99,108.3228,32.55307,0,False,True,True,306.9141,4.21875
krimz * crucial,CounterTerrorist,536.2039,2625.981,160.0313,M4A4,100,99,107.6711,45.78128,0,False,True,True,305.5078,4.21875
krimz * crucial,CounterTerrorist,542.8203,2629.092,160.0313,M4A4,100,99,104.7484,52.12266,0,False,True,True,302.3438,4.21875
krimz * crucial,CounterTerrorist,549.3232,2632.437,160.0313,M4A4,100,99,103.667,54.24163,0,False,True,True,299.8828,3.515625
krimz * crucial,CounterTerrorist,554.4326,2635.092,160.0313,M4A4,100,99,55.16751,27.83842,0,False,True,True,299.8828,3.515625
krimz * crucial,CounterTerrorist,555.7767,2635.708,160.0313,M4A4,100,99,-4.936113,-2.825321,0,False,True,True,299.8828,3.515625
krimz * crucial,CounterTerrorist,554.7664,2635.13,160.0313,M4A4,100,99,-24.89477,-14.25563,0,False,True,True,299.8828,3.515625
krimz * crucial,CounterTerrorist,553.0101,2634.124,160.0313,M4A4,100,99,-15.24733,-8.715565,0,False,True,True,299.8828,3.164063
krimz * crucial,CounterTerrorist,553.4719,2634.39,160.0313,M4A4,100,99,17.39648,9.99331,0,False,True,True,299.8828,3.164063
krimz * crucial,CounterTerrorist,555.2603,2635.417,160.0313,M4A4,100,99,37.34012,21.44982,0,False,True,True,299.8828,3.164063
krimz * crucial,CounterTerrorist,558.2952,2637.161,160.0313,M4A4,100,99,57.28375,32.90632,0,False,True,True,299.8828,3.164063
krimz * crucial,CounterTerrorist,561.0739,2638.757,160.0313,M4A4,100,99,27.90176,16.0477,0,False,True,True,299.8828,3.164063
krimz * crucial,CounterTerrorist,561.0986,2638.773,160.0313,M4A4,100,99,-12.42165,-7.109874,0,False,True,True,299.8828,3.164063
krimz * crucial,CounterTerrorist,560.0446,2638.17,160.0313,M4A4,100,99,-7.702506,-4.408743,0,False,True,True,299.8828,3.164063
krimz * crucial,CounterTerrorist,560.7239,2638.559,160.0313,M4A4,100,99,19.90864,11.39187,0,False,True,True,299.8828,3.164063
krimz * crucial,CounterTerrorist,562.6979,2639.516,160.0313,M4A4,100,99,41.44206,12.14509,0,False,True,True,299.5313,3.164063
krimz * crucial,CounterTerrorist,566.0499,2639.715,160.0313,M4A4,100,99,62.9554,-2.737573,0,False,True,True,298.8281,3.164063
krimz * crucial,CounterTerrorist,570.7232,2639.154,160.0313,M4A4,100,99,83.64829,-13.49622,0,False,True,True,297.7734,3.164063
krimz * crucial,CounterTerrorist,576.5424,2638.003,160.0313,M4A4,100,99,99.73506,-21.90121,0,False,True,True,297.4219,3.164063
krimz * crucial,CounterTerrorist,583.2073,2636.396,160.0313,M4A4,100,99,111.4534,-28.49917,0,False,True,True,296.7188,3.164063
krimz * crucial,CounterTerrorist,590.2603,2634.483,160.0313,M4A4,100,99,112.5643,-31.91045,0,False,True,True,294.2578,3.164063
krimz * crucial,CounterTerrorist,597.3643,2632.786,160.0313,M4A4,100,99,115.6155,-17.9456,0,False,True,True,288.9844,3.164063
krimz * crucial,CounterTerrorist,604.6536,2632.272,160.0313,M4A4,100,99,116.9807,-2.125861,0,False,True,True,283.3594,2.8125
krimz * crucial,CounterTerrorist,611.9615,2632.476,160.0313,M4A4,100,99,116.7938,6.943475,0,False,True,True,282.6563,2.8125
krimz * crucial,CounterTerrorist,619.2438,2633.133,158.413,M4A4,100,99,116.2934,12.83868,0,False,True,True,282.6563,2.8125
krimz * crucial,CounterTerrorist,626.4952,2634.073,154.7873,M4A4,100,99,115.8231,16.55321,0,False,True,True,282.6563,2.8125
krimz * crucial,CounterTerrorist,633.7217,2635.19,151.1741,M4A4,100,99,115.5029,18.65663,0,False,True,True,281.25,2.460938
krimz * crucial,CounterTerrorist,640.9359,2636.385,147.567,M4A4,100,99,115.3978,19.29617,0,False,True,True,279.8438,2.109375
krimz * crucial,CounterTerrorist,648.1489,2637.586,143.9605,M4A4,100,99,115.4368,19.06156,0,False,True,True,278.4375,1.757813
krimz * crucial,CounterTerrorist,655.2681,2638.733,140.4009,M4A4,100,99,107.0465,17.01022,0,False,True,True,276.6797,1.40625
krimz * crucial,CounterTerrorist,660.3008,2639.569,137.8845,M4A4,100,99,44.73198,9.13448,0,False,True,True,275.2734,1.40625
krimz * crucial,CounterTerrorist,660.0112,2639.692,138.0293,M4A4,100,99,-33.23312,-2.273792,0,False,True,True,275.2734,1.054688
krimz * crucial,CounterTerrorist,656.0005,2639.364,140.0347,M4A4,100,99,-84.78993,-7.250138,0,False,True,True,275.2734,1.40625
krimz * crucial,CounterTerrorist,650.061,2638.839,143.0044,M4A4,100,99,-102.2165,-9.24807,0,False,True,True,275.9766,1.40625
krimz * crucial,CounterTerrorist,643.2029,2638.19,146.4335,M4A4,100,99,-114.9873,-11.32518,0,False,True,True,277.0313,1.40625
krimz * crucial,CounterTerrorist,635.9304,2637.435,150.0697,M4A4,100,99,-116.3228,-12.57032,0,False,True,True,278.0859,1.757813
krimz * crucial,CounterTerrorist,629.1541,2636.679,153.4579,M4A4,100,99,-84.62223,-9.060925,0,False,True,True,278.4375,1.757813
krimz * crucial,CounterTerrorist,627.3741,2636.57,154.3479,M4A4,100,99,10.85465,2.138609,0,False,True,True,278.4375,1.757813
krimz * crucial,CounterTerrorist,629.5294,2636.907,153.2702,M4A4,100,99,45.99408,7.005176,0,False,True,True,278.4375,1.757813
krimz * crucial,CounterTerrorist,632.6675,2637.378,151.7012,M4A4,100,99,65.92355,9.807084,0,False,True,True,278.0859,1.757813
krimz * crucial,CounterTerrorist,638.2753,2638.195,148.8973,M4A4,100,99,90.01653,12.83554,0,False,True,True,277.3828,1.757813
krimz * crucial,CounterTerrorist,643.659,2638.939,146.2054,M4A4,100,99,104.2354,14.05911,0,False,True,True,276.3281,1.757813
krimz * crucial,CounterTerrorist,651.5286,2639.946,142.2706,M4A4,100,99,116.1303,14.23933,0,False,True,True,275.2734,1.40625
krimz * crucial,CounterTerrorist,658.7915,2640.796,138.6392,M4A4,100,99,116.2662,13.08339,0,False,True,True,274.5703,1.40625
krimz * crucial,CounterTerrorist,665.1169,2641.504,135.4765,M4A4,100,99,66.41211,8.3966,0,False,True,True,273.8672,1.054688
krimz * crucial,CounterTerrorist,665.8697,2641.702,135.1001,M4A4,100,99,-22.56858,-0.8637132,0,False,True,True,273.5156,1.054688
krimz * crucial,CounterTerrorist,662.4859,2641.512,136.792,M4A4,100,99,-78.6918,-4.674534,0,False,True,True,273.5156,1.054688
krimz * crucial,CounterTerrorist,656.865,2641.166,139.6024,M4A4,100,99,-97.82026,-6.211181,0,False,True,True,274.2188,1.054688
krimz * crucial,CounterTerrorist,650.236,2640.709,142.9169,M4A4,100,99,-111.8354,-8.245861,0,False,True,True,275.9766,1.054688
krimz * crucial,CounterTerrorist,642.9941,2640.117,146.5379,M4A4,100,99,-116.5488,-10.26504,0,False,True,True,277.7344,1.40625
krimz * crucial,CounterTerrorist,635.7174,2639.396,150.1762,M4A4,100,99,-116.3003,-12.77606,0,False,True,True,280.8984,1.757813
krimz * crucial,CounterTerrorist,628.6604,2638.515,153.7047,M4A4,100,99,-103.4484,-13.49516,0,False,True,True,284.4141,2.109375
krimz * crucial,CounterTerrorist,623.1956,2637.802,156.4371,M4A4,100,99,-76.19555,-9.939941,0,False,True,True,286.875,2.460938
krimz * crucial,CounterTerrorist,619.8569,2637.48,158.1065,M4A4,100,99,-26.71469,1.120093,0,False,True,True,287.9297,2.8125
krimz * crucial,CounterTerrorist,620.0212,2637.753,158.0243,M4A4,100,99,16.16388,5.835785,0,False,True,True,287.9297,2.8125
krimz * crucial,CounterTerrorist,619.9789,2637.749,158.0455,M4A4,100,99,-13.60781,-4.435676,0,False,True,True,287.9297,2.8125
krimz * crucial,CounterTerrorist,618.3598,2637.22,158.855,M4A4,100,99,-35.45881,-11.61423,0,False,True,True,288.2813,2.8125
krimz * crucial,CounterTerrorist,615.3834,2636.218,160.0313,M4A4,100,99,-57.0147,-19.64849,0,False,True,True,290.3906,2.460938
krimz * crucial,CounterTerrorist,611.6813,2634.912,160.0313,M4A4,100,99,-75.63303,-27.05633,0,False,True,True,290.7422,2.460938
krimz * crucial,CounterTerrorist,605.5773,2632.678,160.0313,M4A4,100,99,-94.71997,-35.28654,0,False,True,True,292.1484,2.8125
krimz * crucial,CounterTerrorist,599.226,2630.234,160.0313,M4A4,100,99,-106.3104,-42.13177,0,False,True,True,295.3125,3.515625
krimz * crucial,CounterTerrorist,592.4795,2627.44,160.0313,M4A4,100,99,-107.5526,-46.05909,0,False,True,True,297.7734,4.21875
krimz * crucial,CounterTerrorist,586.3193,2624.747,160.0313,M4A4,100,99,-77.29399,-32.97543,0,False,True,True,298.125,4.570313
krimz * crucial,CounterTerrorist,583.6536,2623.741,160.0313,M4A4,100,99,-15.81653,-3.43781,0,False,True,True,298.125,4.570313
krimz * crucial,CounterTerrorist,584.1209,2624.045,160.0313,M4A4,100,99,17.68413,9.474992,0,False,True,True,298.125,4.570313
krimz * crucial,CounterTerrorist,585.3514,2624.704,160.0313,M4A4,100,99,12.89123,6.907003,0,False,True,True,298.125,4.570313
krimz * crucial,CounterTerrorist,585.5605,2624.817,160.0313,M4A4,100,99,0,0,0,False,True,True,298.125,4.570313
krimz * crucial,CounterTerrorist,585.5605,2624.817,160.0313,M4A4,100,99,0,0,0,False,True,True,297.7734,4.570313
krimz * crucial,CounterTerrorist,585.0273,2624.534,160.0313,M4A4,100,99,-17.72814,-9.392385,0,False,True,True,297.7734,4.570313
krimz * crucial,CounterTerrorist,583.2058,2623.567,160.0313,M4A4,100,99,-38.01557,-20.22848,0,False,True,True,298.125,4.21875
krimz * crucial,CounterTerrorist,580.509,2622.13,160.0313,M4A4,100,99,-38.22293,-20.37092,0,False,True,True,298.125,4.21875
krimz * crucial,CounterTerrorist,579.6022,2621.648,160.0313,M4A4,100,99,6.774781,3.6327,0,False,True,True,298.125,4.21875
krimz * crucial,CounterTerrorist,580.7389,2622.256,160.0313,M4A4,100,99,27.06307,14.46715,0,False,True,True,298.125,4.21875
krimz * crucial,CounterTerrorist,583.1435,2623.541,160.0313,M4A4,100,99,47.34829,25.30735,0,False,True,True,298.125,4.21875
krimz * crucial,CounterTerrorist,586.816,2625.504,160.0313,M4A4,100,99,67.64671,36.12279,0,False,True,True,297.7734,4.21875
krimz * crucial,CounterTerrorist,591.4562,2627.978,160.0313,M4A4,100,99,70.6123,37.62183,0,False,True,True,297.7734,3.867188
krimz * crucial,CounterTerrorist,595.118,2629.929,160.0313,M4A4,100,99,45.48316,24.28162,0,False,True,True,297.4219,3.867188
krimz * crucial,CounterTerrorist,595.9151,2630.361,160.0313,M4A4,100,99,-7.58895,-3.965379,0,False,True,True,297.4219,3.867188
krimz * crucial,CounterTerrorist,594.7632,2629.76,160.0313,M4A4,100,99,-22.94016,-11.9693,0,False,True,True,297.4219,3.867188
krimz * crucial,CounterTerrorist,594.4587,2629.6,160.0313,M4A4,100,99,10.15166,5.2688,0,False,True,True,297.4219,3.867188
krimz * crucial,CounterTerrorist,595.5355,2630.157,160.0313,M4A4,100,99,10.37557,5.380113,0,False,True,True,297.0703,3.515625
krimz * crucial,CounterTerrorist,594.8775,2629.825,160.0313,M4A4,100,99,-20.1457,-10.1591,0,False,True,True,296.7188,3.515625
krimz * crucial,CounterTerrorist,592.8903,2628.838,160.0313,M4A4,100,99,-40.91177,-20.04915,0,False,True,True,295.3125,3.515625
krimz * crucial,CounterTerrorist,589.5906,2627.265,160.0313,M4A4,100,99,-62.06341,-29.10838,0,False,True,True,294.2578,3.164063
krimz * crucial,CounterTerrorist,586.509,2625.817,160.0313,M4A4,100,99,-26.13288,-12.55301,0,False,True,True,294.2578,3.164063
krimz * crucial,CounterTerrorist,586.6415,2625.86,160.0313,M4A4,100,99,15.04717,6.747334,0,False,True,True,294.2578,3.164063
krimz * crucial,CounterTerrorist,588.3193,2626.614,160.0313,M4A4,100,99,36.01838,16.19235,0,False,True,True,294.2578,3.164063
krimz * crucial,CounterTerrorist,591.3068,2627.959,160.0313,M4A4,100,99,56.96144,25.69971,0,False,True,True,294.2578,3.164063
krimz * crucial,CounterTerrorist,594.3482,2629.332,160.0313,M4A4,100,99,26.0951,11.74323,0,False,True,True,294.2578,3.164063
krimz * crucial,CounterTerrorist,594.2007,2629.264,160.0313,M4A4,100,99,-15.37431,-6.978422,0,False,True,True,294.2578,3.164063
krimz * crucial,CounterTerrorist,592.5037,2628.494,160.0313,M4A4,100,99,-36.31073,-16.50031,0,False,True,True,294.6094,3.164063
krimz * crucial,CounterTerrorist,591.5218,2628.051,160.0313,M4A4,100,99,5.151959,2.40935,0,False,True,True,294.9609,3.515625
krimz * crucial,CounterTerrorist,592.5749,2628.546,160.0313,M4A4,100,99,25.94223,12.24628,0,False,True,True,295.3125,3.515625
krimz * crucial,CounterTerrorist,593.3605,2628.917,160.0313,M4A4,100,99,-4.681004,-2.23565,0,False,True,True,295.3125,3.515625
krimz * crucial,CounterTerrorist,592.3383,2628.429,160.0313,M4A4,100,99,-25.43156,-12.15604,0,False,True,True,295.6641,3.515625
krimz * crucial,CounterTerrorist,590.3,2627.454,160.0313,M4A4,100,99,-25.65492,-12.26845,0,False,True,True,295.6641,3.515625
krimz * crucial,CounterTerrorist,590.4568,2627.529,160.0313,M4A4,100,99,15.39159,7.364008,0,False,True,True,295.6641,3.515625
krimz * crucial,CounterTerrorist,592.0278,2628.281,160.0313,M4A4,100,99,25.87526,12.38728,0,False,True,True,295.6641,3.515625
krimz * crucial,CounterTerrorist,591.8853,2628.212,160.0313,M4A4,100,99,-15.15869,-7.271426,0,False,True,True,295.6641,3.515625
krimz * crucial,CounterTerrorist,590.2093,2627.407,160.0313,M4A4,100,99,-35.88016,-17.25243,0,False,True,True,295.6641,3.515625
krimz * crucial,CounterTerrorist,588.0793,2626.383,160.0313,M4A4,100,99,-25.84967,-12.44044,0,False,True,True,296.0156,3.515625
krimz * crucial,CounterTerrorist,588.2206,2626.454,160.0313,M4A4,100,99,15.11731,7.356112,0,False,True,True,296.0156,3.515625
krimz * crucial,CounterTerrorist,589.1733,2626.918,160.0313,M4A4,100,99,0,0,0,False,True,True,296.0156,3.515625
krimz * crucial,CounterTerrorist,588.2894,2626.484,160.0313,M4A4,100,99,-23.16915,-11.37872,0,False,True,True,296.0156,3.515625
krimz * crucial,CounterTerrorist,586.237,2625.471,160.0313,M4A4,100,99,-33.56187,-16.58789,0,False,True,True,296.7188,3.515625
krimz * crucial,CounterTerrorist,585.5729,2625.15,160.0313,M4A4,100,99,7.603981,3.936471,0,False,True,True,297.4219,3.515625
krimz * crucial,CounterTerrorist,586.7642,2625.772,160.0313,M4A4,100,99,27.96078,14.64177,0,False,True,True,297.7734,3.867188
krimz * crucial,CounterTerrorist,587.4564,2626.134,160.0313,M4A4,100,99,-7.135384,-3.753742,0,False,True,True,297.7734,3.867188
krimz * crucial,CounterTerrorist,586.2947,2625.523,160.0313,M4A4,100,99,-27.4932,-14.45698,0,False,True,True,297.7734,3.867188
krimz * crucial,CounterTerrorist,584.2933,2624.471,160.0313,M4A4,100,99,-22.68055,-11.9262,0,False,True,True,297.7734,3.867188
krimz * crucial,CounterTerrorist,584.5107,2624.585,160.0313,M4A4,100,99,15.2126,7.999179,0,False,True,True,297.7734,3.867188
krimz * crucial,CounterTerrorist,586.1772,2625.462,160.0313,M4A4,100,99,35.56983,18.70353,0,False,True,True,297.7734,3.867188
krimz * crucial,CounterTerrorist,588.8407,2626.862,160.0313,M4A4,100,99,35.78495,18.83167,0,False,True,True,297.4219,3.515625
krimz * crucial,CounterTerrorist,589.1768,2627.046,160.0313,M4A4,100,99,-10.18781,-5.198546,0,False,True,True,297.0703,3.515625
krimz * crucial,CounterTerrorist,588.0563,2626.477,160.0313,M4A4,100,99,-15.49251,-7.865858,0,False,True,True,296.7188,3.515625
krimz * crucial,CounterTerrorist,588.3281,2626.614,160.0313,M4A4,100,99,15.32792,7.775928,0,False,True,True,296.7188,3.515625
krimz * crucial,CounterTerrorist,590.0076,2627.465,160.0313,M4A4,100,99,35.86166,18.13761,0,False,True,True,296.7188,3.515625
krimz * crucial,CounterTerrorist,592.3376,2628.64,160.0313,M4A4,100,99,25.90616,13.17471,0,False,True,True,295.3125,3.515625
krimz * crucial,CounterTerrorist,592.2072,2628.603,160.0313,M4A4,100,99,-14.92928,-6.812571,0,False,True,True,294.6094,3.515625
krimz * crucial,CounterTerrorist,590.9832,2628.043,160.0313,M4A4,100,99,-9.981248,-4.557926,0,False,True,True,294.6094,3.515625
krimz * crucial,CounterTerrorist,591.6776,2628.361,160.0313,M4A4,100,99,20.8625,9.533362,0,False,True,True,294.6094,3.515625
krimz * crucial,CounterTerrorist,593.7169,2629.293,160.0313,M4A4,100,99,41.78184,19.0927,0,False,True,True,294.6094,3.515625
krimz * crucial,CounterTerrorist,595.4875,2630.102,160.0313,M4A4,100,99,10.97128,5.013455,0,False,True,True,294.6094,3.515625
krimz * crucial,CounterTerrorist,594.8383,2629.805,160.0313,M4A4,100,99,-20.18035,-9.221649,0,False,True,True,294.6094,3.515625
krimz * crucial,CounterTerrorist,593.084,2629.003,160.0313,M4A4,100,99,-25.58072,-11.68941,0,False,True,True,294.6094,3.515625
krimz * crucial,CounterTerrorist,592.8135,2628.88,160.0313,M4A4,100,99,10.57337,4.831624,0,False,True,True,294.6094,3.515625
krimz * crucial,CounterTerrorist,594.0886,2629.463,160.0313,M4A4,100,99,21.14673,9.663244,0,False,True,True,294.6094,3.515625
krimz * crucial,CounterTerrorist,594.6047,2629.698,160.0313,M4A4,100,99,-5.17299,-2.363858,0,False,True,True,294.6094,3.515625
krimz * crucial,CounterTerrorist,593.5459,2629.215,160.0313,M4A4,100,99,-26.09233,-11.9232,0,False,True,True,294.6094,3.515625
krimz * crucial,CounterTerrorist,591.5434,2628.3,160.0313,M4A4,100,99,-21.14672,-9.663242,0,False,True,True,294.6094,3.515625
krimz * crucial,CounterTerrorist,591.8165,2628.425,160.0313,M4A4,100,99,15.63266,7.143528,0,False,True,True,294.6094,3.515625
krimz * crucial,CounterTerrorist,593.5292,2629.207,160.0313,M4A4,100,99,36.55919,16.68713,0,False,True,True,294.6094,3.164063
krimz * crucial,CounterTerrorist,596.5504,2630.584,160.0313,M4A4,100,99,57.4999,26.19956,0,False,True,True,294.2578,3.164063
krimz * crucial,CounterTerrorist,599.505,2631.931,160.0313,M4A4,100,99,26.65076,12.20522,0,False,True,True,294.2578,3.164063
krimz * crucial,CounterTerrorist,599.3938,2631.887,160.0313,M4A4,100,99,-14.80106,-6.551282,0,False,True,True,293.9063,2.8125
krimz * crucial,CounterTerrorist,598.134,2631.334,160.0313,M4A4,100,99,-15.05284,-6.599592,0,False,True,True,292.8516,2.8125
krimz * crucial,CounterTerrorist,598.4583,2631.463,160.0313,M4A4,100,99,16.424,6.737475,0,False,True,True,292.1484,2.460938
krimz * crucial,CounterTerrorist,600.0695,2632.121,160.0313,M4A4,100,99,21.93234,8.953983,0,False,True,True,292.1484,2.109375
krimz * crucial,CounterTerrorist,599.8011,2632.012,160.0313,M4A4,100,99,-15.91202,-6.497523,0,False,True,True,292.1484,2.109375
krimz * crucial,CounterTerrorist,598.6751,2631.552,160.0313,M4A4,100,99,-10.87702,-4.444427,0,False,True,True,292.1484,2.460938
krimz * crucial,CounterTerrorist,598.736,2630.906,160.0313,M4A4,100,99,7.138394,-19.26154,0,False,True,True,292.1484,2.109375
krimz * crucial,CounterTerrorist,599.3079,2628.964,160.0313,M4A4,100,99,3.971414,-40.09444,0,False,True,True,292.1484,2.109375
krimz * crucial,CounterTerrorist,598.9273,2625.795,160.0313,M4A4,100,99,-15.26328,-56.59057,0,False,True,True,292.1484,2.109375
krimz * crucial,CounterTerrorist,596.8129,2622.37,160.0313,M4A4,100,99,-46.91253,-54.10367,0,False,True,True,292.1484,2.109375
krimz * crucial,CounterTerrorist,593.0233,2618.981,160.0313,M4A4,100,99,-66.19765,-52.69655,0,False,True,True,292.1484,2.109375
krimz * crucial,CounterTerrorist,590.6569,2616.708,160.0313,M4A4,100,99,-12.74309,-21.50576,0,False,True,True,293.2031,2.460938
krimz * crucial,CounterTerrorist,591.1852,2616.522,160.0313,M4A4,100,99,18.57242,6.13075,0,False,True,True,294.2578,2.460938
krimz * crucial,CounterTerrorist,592.2523,2616.924,160.0313,M4A4,100,99,-2.534518,-1.612265,0,False,True,True,294.6094,2.460938
krimz * crucial,CounterTerrorist,591.3491,2616.504,160.0313,M4A4,100,99,-23.54489,-11.03353,0,False,True,True,295.3125,2.8125
krimz * crucial,CounterTerrorist,589.1523,2615.457,160.0313,M4A4,100,99,-44.13306,-21.29013,0,False,True,True,296.3672,3.164063
krimz * crucial,CounterTerrorist,585.677,2613.752,160.0313,M4A4,100,99,-64.51115,-31.96413,0,False,True,True,297.0703,3.867188
krimz * crucial,CounterTerrorist,581.1412,2611.63,160.0313,M4A4,100,99,-73.49094,-24.39176,0,False,True,True,297.4219,3.867188
krimz * crucial,CounterTerrorist,576.5902,2611.643,160.0313,M4A4,100,99,-72.24815,17.45926,0,False,True,True,297.4219,3.867188
krimz * crucial,CounterTerrorist,572.0994,2613.574,160.0313,M4A4,100,99,-73.97871,28.5322,0,False,True,True,297.4219,3.867188
krimz * crucial,CounterTerrorist,568.2256,2615.068,160.0313,M4A4,100,99,-52.78976,20.36002,0,False,True,True,297.7734,3.867188
krimz * crucial,CounterTerrorist,565.6208,2616.177,160.0313,M4A4,100,99,-34.70657,22.73993,0,False,True,True,297.7734,3.867188
krimz * crucial,CounterTerrorist,564.4214,2618.541,160.0313,M4A4,100,99,-9.366663,48.01262,0,False,True,True,297.7734,3.867188
krimz * crucial,CounterTerrorist,564.3778,2622.285,160.0313,M4A4,100,99,5.122372,69.12008,0,False,True,True,298.125,3.867188
krimz * crucial,CounterTerrorist,565.2129,2626.69,160.0313,M4A4,100,99,14.66246,63.18316,0,False,True,True,298.4766,3.867188
krimz * crucial,CounterTerrorist,564.7212,2629.104,160.0313,M4A4,100,99,-22.25142,20.09712,0,False,True,True,298.4766,3.867188
krimz * crucial,CounterTerrorist,562.7513,2629.375,160.0313,M4A4,100,99,-31.19454,-1.481425,0,False,True,True,298.4766,3.867188
krimz * crucial,CounterTerrorist,561.5918,2629.32,160.0313,M4A4,100,99,-8.719868,-0.4141055,0,False,True,True,298.4766,3.867188
krimz * crucial,CounterTerrorist,561.5214,2629.317,160.0313,M4A4,100,99,0,0,0,False,True,True,298.4766,3.867188
krimz * crucial,CounterTerrorist,561.5214,2629.317,160.0313,M4A4,100,99,0,0,0,False,True,True,298.8281,4.21875
krimz * crucial,CounterTerrorist,561.795,2629.468,160.0313,M4A4,100,99,12.53428,6.909366,0,False,True,True,298.8281,4.21875
krimz * crucial,CounterTerrorist,563.2867,2630.29,160.0313,M4A4,100,99,32.67944,18.00767,0,False,True,True,298.8281,4.21875
krimz * crucial,CounterTerrorist,565.6492,2631.589,160.0313,M4A4,100,99,32.91651,18.09534,0,False,True,True,298.4766,4.21875
krimz * crucial,CounterTerrorist,565.8415,2631.698,160.0313,M4A4,100,99,-11.90896,-6.488854,0,False,True,True,298.4766,4.21875
krimz * crucial,CounterTerrorist,565.2067,2631.352,160.0313,M4A4,100,99,-2.139835,-1.166279,0,False,True,True,298.4766,4.21875
krimz * crucial,CounterTerrorist,565.7363,2631.641,160.0313,M4A4,100,99,17.60492,9.621361,0,False,True,True,298.4766,4.21875
krimz * crucial,CounterTerrorist,567.8611,2632.802,160.0313,M4A4,100,99,40.31033,22.03022,0,False,True,True,298.4766,4.21875
krimz * crucial,CounterTerrorist,569.8813,2633.906,160.0313,M4A4,100,99,15.56976,8.523226,0,False,True,True,298.4766,4.21875
krimz * crucial,CounterTerrorist,569.4141,2633.653,160.0313,M4A4,100,99,-17.64014,-9.556623,0,False,True,True,298.4766,4.21875
krimz * crucial,CounterTerrorist,568.2256,2633.01,160.0313,M4A4,100,99,-2.856845,-1.549484,0,False,True,True,298.4766,4.21875
krimz * crucial,CounterTerrorist,569.0674,2633.465,160.0313,M4A4,100,99,22.31696,12.07659,0,False,True,True,298.4766,4.21875
krimz * crucial,CounterTerrorist,569.6686,2633.79,160.0313,M4A4,100,99,-5.002071,-2.706831,0,False,True,True,298.4766,4.21875
krimz * crucial,CounterTerrorist,568.6448,2633.236,160.0313,M4A4,100,99,-25.23023,-13.65313,0,False,True,True,298.4766,4.21875
krimz * crucial,CounterTerrorist,566.7867,2632.231,160.0313,M4A4,100,99,-20.44802,-11.06528,0,False,True,True,298.4766,4.21875
krimz * crucial,CounterTerrorist,567.0508,2632.374,160.0313,M4A4,100,99,15.11615,8.179982,0,False,True,True,298.4766,4.21875
krimz * crucial,CounterTerrorist,568.1205,2632.953,160.0313,M4A4,100,99,10.33395,5.592132,0,False,True,True,298.4766,4.21875
krimz * crucial,CounterTerrorist,567.6511,2632.698,160.0313,M4A4,100,99,-17.64467,-9.54827,0,False,True,True,298.4766,3.867188
krimz * crucial,CounterTerrorist,565.9541,2631.781,160.0313,M4A4,100,99,-27.87437,-15.0704,0,False,True,True,298.4766,3.867188
krimz * crucial,CounterTerrorist,565.3857,2631.474,160.0313,M4A4,100,99,7.534104,4.06862,0,False,True,True,298.4766,3.867188
krimz * crucial,CounterTerrorist,566.5682,2632.112,160.0313,M4A4,100,99,27.77682,14.98797,0,False,True,True,298.4766,3.867188
krimz * crucial,CounterTerrorist,567.6862,2632.715,160.0313,M4A4,100,99,-2.043711,-1.082188,0,False,True,True,298.125,3.867188
krimz * crucial,CounterTerrorist,566.8189,2632.25,160.0313,M4A4,100,99,-22.74347,-12.20734,0,False,True,True,298.125,3.867188
krimz * crucial,CounterTerrorist,565.3896,2631.482,160.0313,M4A4,100,99,-7.929749,-4.256631,0,False,True,True,298.125,3.867188
krimz * crucial,CounterTerrorist,566.0794,2631.853,160.0313,M4A4,100,99,20.21267,10.84328,0,False,True,True,298.125,3.867188
krimz * crucial,CounterTerrorist,568.0554,2632.912,160.0313,M4A4,100,99,40.48431,21.70883,0,False,True,True,298.125,3.867188
krimz * crucial,CounterTerrorist,569.8102,2633.854,160.0313,M4A4,100,99,5.615784,3.017185,0,False,True,True,298.125,3.515625
krimz * crucial,CounterTerrorist,569.1057,2633.476,160.0313,M4A4,100,99,-20.21829,-10.8328,0,False,True,True,298.125,3.515625
krimz * crucial,CounterTerrorist,568.3073,2633.048,160.0313,M4A4,100,99,5.013254,2.686064,0,False,True,True,298.125,3.515625
krimz * crucial,CounterTerrorist,569.3334,2633.598,160.0313,M4A4,100,99,25.28663,13.54839,0,False,True,True,298.125,3.515625
krimz * crucial,CounterTerrorist,571.1957,2634.595,160.0313,M4A4,100,99,20.49374,10.98039,0,False,True,True,298.125,3.515625
krimz * crucial,CounterTerrorist,570.9308,2634.454,160.0313,M4A4,100,99,-15.15386,-8.109904,0,False,True,True,298.125,3.515625
krimz * crucial,CounterTerrorist,569.3099,2633.586,160.0313,M4A4,100,99,-30.4184,-16.27793,0,False,True,True,298.125,3.515625
krimz * crucial,CounterTerrorist,569.2238,2633.54,160.0313,M4A4,100,99,12.61927,6.752893,0,False,True,True,298.125,3.515625
krimz * crucial,CounterTerrorist,570.608,2634.281,160.0313,M4A4,100,99,22.86899,12.23777,0,False,True,True,298.125,3.515625
krimz * crucial,CounterTerrorist,570.8448,2634.407,160.0313,M4A4,100,99,-9.643555,-5.160511,0,False,True,True,298.125,3.515625
krimz * crucial,CounterTerrorist,569.2755,2633.568,160.0313,M4A4,100,99,-32.45744,-17.3688,0,False,True,True,298.125,3.515625
krimz * crucial,CounterTerrorist,568.3176,2633.055,160.0313,M4A4,100,99,5.013254,2.686064,0,False,True,True,298.125,3.515625
krimz * crucial,CounterTerrorist,569.2262,2633.542,160.0313,M4A4,100,99,15.26012,8.176258,0,False,True,True,298.125,3.515625
krimz * crucial,CounterTerrorist,568.7549,2633.29,160.0313,M4A4,100,99,-17.68272,-9.477612,0,False,True,True,298.125,3.515625
krimz * crucial,CounterTerrorist,566.9376,2632.314,160.0313,M4A4,100,99,-37.9355,-20.37829,0,False,True,True,298.4766,3.867188
krimz * crucial,CounterTerrorist,565.3406,2631.459,160.0313,M4A4,100,99,-3.145065,-1.542925,0,False,True,True,298.8281,3.867188
krimz * crucial,CounterTerrorist,566.1638,2631.916,160.0313,M4A4,100,99,21.95085,12.21908,0,False,True,True,299.1797,3.867188
krimz * crucial,CounterTerrorist,567.1935,2632.49,160.0313,M4A4,100,99,-2.663481,-1.516523,0,False,True,True,299.1797,3.867188
krimz * crucial,CounterTerrorist,566.3214,2632.001,160.0313,M4A4,100,99,-22.72795,-12.76017,0,False,True,True,299.1797,3.867188
krimz * crucial,CounterTerrorist,564.5833,2631.026,160.0313,M4A4,100,99,-22.946,-12.88245,0,False,True,True,299.1797,3.867188
krimz * crucial,CounterTerrorist,564.788,2631.141,160.0313,M4A4,100,99,14.98712,8.414063,0,False,True,True,299.1797,3.867188
krimz * crucial,CounterTerrorist,566.1586,2631.909,160.0313,M4A4,100,99,15.20366,8.539018,0,False,True,True,299.1797,3.867188
krimz * crucial,CounterTerrorist,565.6929,2631.648,160.0313,M4A4,100,99,-17.50422,-9.803364,0,False,True,True,299.1797,3.867188
krimz * crucial,CounterTerrorist,563.9321,2630.662,160.0313,M4A4,100,99,-32.60912,-18.26296,0,False,True,True,299.1797,3.867188
krimz * crucial,CounterTerrorist,563.5125,2630.427,160.0313,M4A4,100,99,9.979044,5.588833,0,False,True,True,299.1797,3.867188
krimz * crucial,CounterTerrorist,564.8414,2631.172,160.0313,M4A4,100,99,30.04027,16.83814,0,False,True,True,299.1797,3.867188
krimz * crucial,CounterTerrorist,566.2188,2631.945,160.0313,M4A4,100,99,0,0,0,False,True,True,299.1797,3.867188
krimz * crucial,CounterTerrorist,565.3602,2631.463,160.0313,M4A4,100,99,-22.51447,-12.62472,0,False,True,True,299.1797,3.867188
krimz * crucial,CounterTerrorist,563.7515,2630.561,160.0313,M4A4,100,99,-12.81089,-7.183556,0,False,True,True,299.1797,3.867188
krimz * crucial,CounterTerrorist,564.2515,2630.842,160.0313,M4A4,100,99,17.49914,9.812435,0,False,True,True,299.1797,3.867188
krimz * crucial,CounterTerrorist,565.9343,2631.785,160.0313,M4A4,100,99,27.63882,15.49815,0,False,True,True,299.1797,3.867188
krimz * crucial,CounterTerrorist,566.1164,2631.888,160.0313,M4A4,100,99,-11.99683,-6.718537,0,False,True,True,299.1797,3.867188
krimz * crucial,CounterTerrorist,564.6615,2631.072,160.0313,M4A4,100,99,-32.04039,-17.99925,0,False,True,True,299.5313,3.867188
krimz * crucial,CounterTerrorist,562.1897,2629.676,160.0313,M4A4,100,99,-37.15,-21.02537,0,False,True,True,299.8828,3.867188
krimz * crucial,CounterTerrorist,560.5562,2628.751,160.0313,M4A4,100,99,-17.56856,-9.943075,0,False,True,True,299.8828,3.867188
krimz * crucial,CounterTerrorist,560.2238,2628.564,160.0313,M4A4,100,99,6.975708,4.043553,0,False,True,True,299.8828,3.867188
krimz * crucial,CounterTerrorist,561.3594,2629.222,160.0313,M4A4,100,99,26.86433,15.59524,0,False,True,True,300.2344,3.867188
krimz * crucial,CounterTerrorist,563.0217,2630.828,160.0313,M4A4,100,99,14.24235,35.33308,0,False,True,True,300.9375,3.867188
krimz * crucial,CounterTerrorist,562.7769,2633.367,160.0313,M4A4,100,99,-19.93659,38.48802,0,False,True,True,300.9375,3.867188
krimz * crucial,CounterTerrorist,560.4612,2635.54,160.0313,M4A4,100,99,-49.08495,32.96965,0,False,True,True,301.2891,3.867188
krimz * crucial,CounterTerrorist,556.7221,2637.162,160.0313,M4A4,100,99,-60.05782,18.39641,0,False,True,True,301.6406,3.867188
krimz * crucial,CounterTerrorist,553.7248,2638.081,160.0313,M4A4,100,99,-38.54446,11.80662,0,False,True,True,301.6406,3.867188
krimz * crucial,CounterTerrorist,552.1099,2638.61,160.0313,M4A4,100,99,-12.19296,8.206834,0,False,True,True,301.6406,3.867188
krimz * crucial,CounterTerrorist,552.7034,2639.347,160.0313,M4A4,100,99,20.29232,15.14162,0,False,True,True,301.6406,3.867188
krimz * crucial,CounterTerrorist,554.6474,2640.656,160.0313,M4A4,100,99,35.62587,23.32161,0,False,True,True,301.6406,3.867188
krimz * crucial,CounterTerrorist,555.272,2641.085,160.0313,M4A4,100,99,-7.281442,-4.505219,0,False,True,True,301.6406,3.867188
krimz * crucial,CounterTerrorist,554.3391,2640.507,160.0313,M4A4,100,99,-24.38874,-15.10502,0,False,True,True,301.6406,3.867188
krimz * crucial,CounterTerrorist,552.3321,2639.264,160.0313,M4A4,100,99,-22.20614,-13.76234,0,False,True,True,301.6406,3.867188
krimz * crucial,CounterTerrorist,551.6168,2638.82,160.0313,M4A4,100,99,-3.081222,-1.909599,0,False,True,True,301.6406,3.867188
krimz * crucial,CounterTerrorist,551.6168,2638.82,160.0313,M4A4,100,99,0,0,0,False,True,True,301.6406,3.867188
krimz * crucial,CounterTerrorist,551.6168,2638.82,160.0313,M4A4,100,99,0,0,0,False,True,True,301.6406,3.867188
krimz * crucial,CounterTerrorist,551.6168,2638.82,160.0313,M4A4,100,99,0,0,0,False,True,True,301.6406,3.867188
krimz * crucial,CounterTerrorist,550.7866,2638.792,160.0313,M4A4,100,99,-18.88512,9.141838,0,False,True,True,301.6406,3.867188
krimz * crucial,CounterTerrorist,549.3817,2640.242,160.0313,M4A4,100,99,-26.24527,32.98359,0,False,True,True,301.9922,3.867188
krimz * crucial,CounterTerrorist,547.3706,2643.029,160.0313,M4A4,100,99,-37.00123,53.46756,0,False,True,True,301.9922,4.21875
krimz * crucial,CounterTerrorist,544.7977,2646.841,160.0313,M4A4,100,99,-39.35914,58.69707,0,False,True,True,301.9922,4.21875
krimz * crucial,CounterTerrorist,542.7784,2649.852,160.0313,M4A4,100,99,-26.82822,40.00948,0,False,True,True,301.9922,4.21875
krimz * crucial,CounterTerrorist,541.5421,2651.696,160.0313,M4A4,100,99,-14.29732,21.32188,0,False,True,True,301.9922,4.21875
krimz * crucial,CounterTerrorist,541.0889,2652.372,160.0313,M4A4,100,99,-1.766407,2.634279,0,False,True,True,301.9922,4.21875
krimz * crucial,CounterTerrorist,541.0889,2652.372,160.0313,M4A4,100,99,0,0,0,False,True,True,301.9922,4.21875
krimz * crucial,CounterTerrorist,540.7699,2651.909,160.0313,M4A4,100,99,-6.954667,-17.62177,0,False,True,True,301.9922,4.21875
krimz * crucial,CounterTerrorist,540.2263,2649.999,160.0313,M4A4,100,99,-10.43827,-40.49768,0,False,True,True,302.3438,4.21875
krimz * crucial,CounterTerrorist,539.2548,2646.79,160.0313,M4A4,100,99,-25.10417,-55.73938,0,False,True,True,302.6953,4.21875
krimz * crucial,CounterTerrorist,536.7324,2643.127,160.0313,M4A4,100,99,-51.37551,-61.27023,0,False,True,True,302.6953,4.21875
krimz * crucial,CounterTerrorist,532.7834,2639.098,160.0313,M4A4,100,99,-71.44571,-66.74286,0,False,True,True,303.0469,4.21875
krimz * crucial,CounterTerrorist,527.7935,2634.751,160.0313,M4A4,100,99,-85.57867,-71.74746,0,False,True,True,305.5078,4.21875
krimz * crucial,CounterTerrorist,522.1739,2630.161,160.0313,M4A4,100,99,-91.0931,-73.42374,0,False,True,True,306.9141,4.21875
krimz * crucial,CounterTerrorist,517.8683,2626.667,160.0313,M4A4,100,99,-45.88196,-37.95957,0,False,True,True,307.2656,4.21875
krimz * crucial,CounterTerrorist,516.8737,2625.798,160.0313,M4A4,100,99,7.836612,5.95709,0,False,True,True,307.2656,4.21875
krimz * crucial,CounterTerrorist,518.5272,2627.054,160.0313,M4A4,100,99,47.04569,35.70827,0,False,True,True,307.2656,4.21875
krimz * crucial,CounterTerrorist,522.863,2630.34,160.0313,M4A4,100,99,70.26131,53.14196,0,False,True,True,306.9141,4.21875
krimz * crucial,CounterTerrorist,527.7562,2634.017,160.0313,M4A4,100,99,83.98946,62.74551,0,False,True,True,305.8594,4.21875
krimz * crucial,CounterTerrorist,533.3898,2638.178,160.0313,M4A4,100,99,94.42994,69.07955,0,False,True,True,304.4531,3.867188
krimz * crucial,CounterTerrorist,539.3164,2642.461,160.0313,M4A4,100,99,95.14529,68.09091,0,False,True,True,303.75,3.867188
krimz * crucial,CounterTerrorist,543.9369,2645.761,160.0313,M4A4,100,99,70.95888,50.92377,0,False,True,True,303.0469,3.867188
krimz * crucial,CounterTerrorist,546.42,2647.643,160.0313,M4A4,100,99,7.351463,7.482864,0,False,True,True,302.6953,3.867188
krimz * crucial,CounterTerrorist,545.766,2647.24,160.0313,M4A4,100,99,-19.30289,-12.39061,0,False,True,True,302.6953,3.867188
krimz * crucial,CounterTerrorist,543.8791,2646.028,160.0313,M4A4,100,99,-38.65838,-24.81497,0,False,True,True,302.6953,3.867188
krimz * crucial,CounterTerrorist,542.3575,2645.052,160.0313,M4A4,100,99,0,0,0,False,True,True,302.6953,3.867188
krimz * crucial,CounterTerrorist,543.1863,2645.583,160.0313,M4A4,100,99,21.73475,13.92429,0,False,True,True,302.6953,3.867188
krimz * crucial,CounterTerrorist,545.0013,2646.745,160.0313,M4A4,100,99,26.73818,17.1211,0,False,True,True,302.3438,3.867188
krimz * crucial,CounterTerrorist,545.1785,2646.863,160.0313,M4A4,100,99,-11.59566,-7.27105,0,False,True,True,301.9922,3.867188
krimz * crucial,CounterTerrorist,543.7683,2645.979,160.0313,M4A4,100,99,-31.09555,-19.46754,0,False,True,True,301.9922,3.867188
krimz * crucial,CounterTerrorist,541.7043,2644.687,160.0313,M4A4,100,99,-26.48733,-16.58125,0,False,True,True,301.9922,3.867188
krimz * crucial,CounterTerrorist,539.9296,2643.574,160.0313,M4A4,100,99,-36.28968,-22.83096,0,False,True,True,302.3438,3.867188
krimz * crucial,CounterTerrorist,536.2328,2641.206,160.0313,M4A4,100,99,-79.02208,-51.38668,0,False,True,True,304.4531,3.867188
krimz * crucial,CounterTerrorist,530.3156,2637.234,160.0313,M4A4,100,99,-96.59614,-66.01654,0,False,True,True,307.6172,3.867188
krimz * crucial,CounterTerrorist,524.3235,2633.043,160.0313,M4A4,100,99,-95.3544,-67.79777,0,False,True,True,308.3203,3.867188
krimz * crucial,CounterTerrorist,518.3976,2628.759,160.0313,M4A4,100,99,-94.43378,-69.07431,0,False,True,True,308.3203,3.867188
krimz * crucial,CounterTerrorist,512.5204,2624.407,160.0313,M4A4,100,99,-93.7562,-69.99123,0,False,True,True,308.3203,3.867188
krimz * crucial,CounterTerrorist,506.6783,2620.01,160.0313,M4A4,100,99,-93.29832,-70.60044,0,False,True,True,307.9688,3.867188
krimz * crucial,CounterTerrorist,501.4106,2614.99,160.0313,M4A4,100,99,-75.88319,-89.0547,0,False,True,True,306.5625,4.21875
krimz * crucial,CounterTerrorist,497.2788,2608.967,160.0313,M4A4,100,99,-59.01711,-101.0247,0,False,True,True,307.2656,4.21875
krimz * crucial,CounterTerrorist,494.1007,2602.387,160.0313,M4A4,100,99,-44.89977,-108.0417,0,False,True,True,309.375,4.570313
krimz * crucial,CounterTerrorist,491.9264,2596.371,160.0313,M4A4,100,99,-39.30916,-110.1989,0,False,True,True,310.0781,4.570313
krimz * crucial,CounterTerrorist,488.3618,2588.968,160.0313,M4A4,100,99,-58.09851,-101.5557,0,False,True,True,312.8906,4.921875
krimz * crucial,CounterTerrorist,484.4022,2582.823,160.0313,M4A4,100,99,-66.60638,-96.19038,0,False,True,True,316.0547,4.921875
krimz * crucial,CounterTerrorist,480.7684,2576.492,160.0313,M4A4,100,99,-49.45226,-106.0352,0,False,True,True,315.7031,4.921875
krimz * crucial,CounterTerrorist,477.9581,2569.743,160.0313,M4A4,100,99,-48.61831,-106.4202,0,False,True,True,316.7578,4.921875
krimz * crucial,CounterTerrorist,475.772,2564.612,160.0313,M4A4,100,99,-18.34935,-56.82087,0,False,True,True,320.9766,5.273438
krimz * crucial,CounterTerrorist,475.7514,2563.094,160.0313,M4A4,100,99,12.01698,2.831202,0,False,True,True,320.9766,5.273438
krimz * crucial,CounterTerrorist,477.6106,2564.982,160.0313,M4A4,100,99,44.56927,49.94506,0,False,True,True,320.9766,5.273438
krimz * crucial,CounterTerrorist,481.2624,2569.218,160.0313,M4A4,100,99,64.12983,75.27796,0,False,True,True,320.625,5.273438
krimz * crucial,CounterTerrorist,485.5792,2574.33,160.0313,M4A4,100,99,72.5425,86.36562,0,False,True,True,320.625,5.273438
krimz * crucial,CounterTerrorist,490.1,2580.017,160.0313,M4A4,100,99,65.42075,96.37666,0,False,True,True,320.2734,5.273438
krimz * crucial,CounterTerrorist,493.4007,2586.521,160.0313,M4A4,100,99,43.61178,108.568,0,False,True,True,319.9219,5.273438
krimz * crucial,CounterTerrorist,495.5188,2593.514,160.0313,M4A4,100,99,27.18238,113.7986,0,False,True,True,319.2188,5.273438
krimz * crucial,CounterTerrorist,497.8625,2600.433,160.0313,M4A4,100,99,44.64109,108.1488,0,False,True,True,317.4609,5.273438
krimz * crucial,CounterTerrorist,501.1098,2606.98,160.0313,M4A4,100,99,57.03316,102.1578,0,False,True,True,316.0547,4.921875
krimz * crucial,CounterTerrorist,505.0026,2613.168,160.0313,M4A4,100,99,65.95978,96.63491,0,False,True,True,314.2969,4.921875
krimz * crucial,CounterTerrorist,509.3685,2619.032,160.0313,M4A4,100,99,72.65674,91.70604,0,False,True,True,312.1875,4.570313
krimz * crucial,CounterTerrorist,514.1068,2624.601,160.0313,M4A4,100,99,78.09787,87.119,0,False,True,True,310.0781,4.21875
krimz * crucial,CounterTerrorist,519.1484,2629.896,160.0313,M4A4,100,99,82.5437,82.91885,0,False,True,True,307.6172,3.867188
krimz * crucial,CounterTerrorist,524.4428,2634.939,160.0313,M4A4,100,99,86.32271,78.97714,0,False,True,True,305.5078,3.867188
krimz * crucial,CounterTerrorist,529.9534,2639.746,160.0313,M4A4,100,99,89.49275,75.36608,0,False,True,True,304.1016,3.867188
krimz * crucial,CounterTerrorist,534.5255,2643.626,160.0313,M4A4,100,99,50.71754,45.64549,0,False,True,True,302.6953,3.867188
krimz * crucial,CounterTerrorist,535.7979,2645.055,160.0313,M4A4,100,99,-2.052666,4.267047,0,False,True,True,302.3438,3.867188
krimz * crucial,CounterTerrorist,535.5345,2644.93,160.0313,M4A4,100,99,4.808449,3.03751,0,False,True,True,302.3438,3.867188
krimz * crucial,CounterTerrorist,536.519,2645.552,160.0313,M4A4,100,99,24.27566,15.28605,0,False,True,True,301.9922,3.867188
krimz * crucial,CounterTerrorist,538.725,2646.93,160.0313,M4A4,100,99,43.89431,27.29144,0,False,True,True,301.6406,3.867188
krimz * crucial,CounterTerrorist,540.6827,2648.149,160.0313,M4A4,100,99,15.05875,9.515432,0,False,True,True,301.2891,3.515625
krimz * crucial,CounterTerrorist,540.2649,2647.9,160.0313,M4A4,100,99,-12.31285,-7.418503,0,False,True,True,300.9375,3.515625
krimz * crucial,CounterTerrorist,540.0683,2647.781,160.0313,M4A4,100,99,0,0,0,False,True,True,300.9375,3.515625
krimz * crucial,CounterTerrorist,540.0683,2647.781,160.0313,M4A4,100,99,0,0,0,False,True,True,301.2891,3.515625
krimz * crucial,CounterTerrorist,540.0683,2647.781,160.0313,M4A4,100,99,0,0,0,False,True,True,301.2891,3.515625
krimz * crucial,CounterTerrorist,540.1062,2647.805,160.0313,M4A4,100,99,4.853567,2.964885,0,False,True,True,301.2891,3.515625
krimz * crucial,CounterTerrorist,540.9857,2648.343,160.0313,M4A4,100,99,14.77404,9.024977,0,False,True,True,301.2891,3.515625
krimz * crucial,CounterTerrorist,540.7625,2648.206,160.0313,M4A4,100,99,-9.813805,-5.994932,0,False,True,True,301.2891,3.515625
krimz * crucial,CounterTerrorist,540.6449,2648.134,160.0313,M4A4,100,99,0,0,0,False,True,True,301.2891,3.515625
krimz * crucial,CounterTerrorist,540.6449,2648.134,160.0313,M4A4,100,99,0,0,0,False,True,True,301.2891,3.515625
krimz * crucial,CounterTerrorist,540.6449,2648.134,160.0313,M4A4,100,99,0,0,0,False,True,True,301.2891,3.515625
krimz * crucial,CounterTerrorist,540.6449,2648.134,160.0313,M4A4,100,99,0,0,0,False,True,True,301.2891,3.515625
krimz * crucial,CounterTerrorist,540.6449,2648.134,160.0313,M4A4,100,99,0,0,0,False,True,True,301.2891,3.515625
krimz * crucial,CounterTerrorist,540.8776,2647.753,160.0313,M4A4,100,99,8.95221,-14.67202,0,False,True,True,301.2891,3.515625
krimz * crucial,CounterTerrorist,541.8583,2646.145,160.0313,M4A4,100,99,20.9319,-34.30584,0,False,True,True,301.2891,3.515625
krimz * crucial,CounterTerrorist,543.6025,2643.326,160.0313,M4A4,100,99,34.78056,-52.09435,0,False,True,True,301.2891,3.515625
krimz * crucial,CounterTerrorist,546.8168,2640.291,160.0313,M4A4,100,99,63.473,-46.63495,0,False,True,True,301.2891,3.515625
krimz * crucial,CounterTerrorist,551.5928,2637.47,160.0313,M4A4,100,99,85.46725,-44.22207,0,False,True,True,299.8828,3.515625
krimz * crucial,CounterTerrorist,557.4913,2635.032,160.0313,M4A4,100,99,100.1017,-28.53767,0,False,True,True,293.9063,2.8125
krimz * crucial,CounterTerrorist,564.1447,2634.06,160.0313,M4A4,100,99,111.0634,-6.802348,0,False,True,True,290.0391,1.757813
krimz * crucial,CounterTerrorist,571.3567,2634.002,160.0313,M4A4,100,99,116.9336,-3.939831,0,False,True,True,290.0391,1.757813
krimz * crucial,CounterTerrorist,578.6245,2633.228,160.0313,M4A4,100,99,116.0607,-14.79569,0,False,True,True,290.0391,1.757813
krimz * crucial,CounterTerrorist,585.9255,2632.955,160.0313,M4A4,100,99,116.9668,2.786179,0,False,True,True,289.6875,1.40625
krimz * crucial,CounterTerrorist,593.2093,2633.569,160.0313,M4A4,100,99,116.0889,14.57241,0,False,True,True,288.9844,1.40625
krimz * crucial,CounterTerrorist,600.4222,2634.764,160.0313,M4A4,100,99,114.8955,22.09131,0,False,True,True,288.2813,1.40625
krimz * crucial,CounterTerrorist,607.5728,2636.294,160.0313,M4A4,100,99,114.1064,25.85957,0,False,True,True,286.5234,1.054688
krimz * crucial,CounterTerrorist,615.2336,2638.11,160.0313,M4A4,100,99,125.5233,30.21281,0,True,True,True,283.7109,1.054688
krimz * crucial,CounterTerrorist,622.7997,2639.918,156.6351,M4A4,100,99,117.9609,27.89949,0,True,True,True,281.6016,0.3515625
krimz * crucial,CounterTerrorist,629.3803,2641.452,153.3448,M4A4,100,99,84.4417,19.60765,0,True,True,True,280.8984,359.6484
krimz * crucial,CounterTerrorist,634.0963,2642.535,150.9868,M4A4,100,99,74.6039,16.92654,0,False,True,True,282.3047,358.5938
krimz * crucial,CounterTerrorist,636.8772,2643.163,149.5963,M4A4,73,95,13.57884,2.760303,0,True,True,True,284.4141,355.7813
krimz * crucial,CounterTerrorist,636.6616,2643.104,149.7041,M4A4,73,95,-7.997088,-2.027049,0,True,True,True,284.4141,355.4297
krimz * crucial,CounterTerrorist,635.9152,2642.913,150.0773,M4A4,73,95,-15.00499,-3.885672,0,True,True,True,284.7656,356.1328
krimz * crucial,CounterTerrorist,633.4416,2642.24,151.3141,M4A4,73,95,-63.23598,-17.53559,0,False,True,True,285.8203,358.2422
krimz * crucial,CounterTerrorist,627.6832,2640.619,154.1933,M4A4,73,95,-112.696,-31.9878,0,False,True,True,286.1719,358.5938
krimz * crucial,CounterTerrorist,619.4904,2638.27,158.2897,M4A4,73,95,-137.7349,-39.70627,0,False,True,True,286.5234,359.2969
krimz * crucial,CounterTerrorist,610.7315,2635.715,160.0313,M4A4,73,95,-141.9561,-41.97372,0,False,True,True,288.2813,1.757813
krimz * crucial,CounterTerrorist,601.7149,2632.999,160.0313,M4A4,73,95,-146.0659,-44.58544,0,False,True,True,288.2813,2.109375
krimz * crucial,CounterTerrorist,592.4431,2630.117,160.0313,M4A4,73,95,-150.1081,-47.37496,0,False,True,True,289.3359,3.515625
krimz * crucial,CounterTerrorist,582.9312,2627.022,160.0313,M4A4,73,95,-153.7112,-51.45261,0,False,True,True,291.7969,5.625
krimz * crucial,CounterTerrorist,573.569,2623.055,160.0313,M4A4,73,95,-135.4662,-83.31911,0,False,True,True,279.4922,7.03125
krimz * crucial,CounterTerrorist,566.2245,2616.149,160.0313,M4A4,73,95,-111.4413,-128.5124,0,False,True,True,245.7422,7.382813
krimz * crucial,CounterTerrorist,558.9793,2607.199,160.0313,Flash,73,95,-119.6668,-149.9096,0,False,True,True,230.625,7.382813
krimz * crucial,CounterTerrorist,551.3409,2597.727,160.0313,Flash,73,95,-124.2775,-152.7492,0,False,True,True,229.5703,6.679688
krimz * crucial,CounterTerrorist,543.3329,2593.697,160.0313,Flash,73,95,-133.5764,0,0,False,True,True,230.9766,5.976563
krimz * crucial,CounterTerrorist,534.1006,2593.677,160.0313,Flash,73,95,-163.9241,-0.4133381,0,False,True,True,231.3281,5.976563
krimz * crucial,CounterTerrorist,525.7493,2593.646,160.0313,Flash,73,95,-4.349,-0.01096571,0,False,True,True,246.0938,3.867188
krimz * crucial,CounterTerrorist,525.5013,2593.646,160.0313,Flash,73,95,-4.629382,-0.01167267,0,False,True,True,254.8828,2.109375
krimz * crucial,CounterTerrorist,525.2214,2593.646,160.0313,Flash,73,95,-4.362774,-0.01100042,0,False,True,True,255.2344,1.757813
krimz * crucial,CounterTerrorist,525.5038,2593.647,160.0313,Flash,73,95,14.04097,0.03540498,0,False,True,True,255.2344,1.757813
krimz * crucial,CounterTerrorist,526.6095,2593.65,160.0313,Flash,73,95,0,0,0,False,True,True,246.7969,0
krimz * crucial,CounterTerrorist,526.259,2593.683,160.0313,Flash,73,95,-26.36665,2.648516,0,False,True,True,216.5625,353.3203
krimz * crucial,CounterTerrorist,523.6277,2595.803,160.0313,Flash,73,95,-49.82336,62.03751,0,False,True,True,202.5,350.1563
krimz * crucial,CounterTerrorist,519.5097,2601.234,160.0313,Flash,73,95,-87.31951,93.48618,0,False,True,True,206.7188,351.9141
krimz * crucial,CounterTerrorist,512.8474,2605.349,160.0313,Flash,73,95,-108.2817,26.87103,0,False,True,True,207.7734,352.6172
krimz * crucial,CounterTerrorist,506.0465,2604.353,160.0313,Flash,73,95,-119.5306,-37.60286,0,False,True,True,208.8281,352.9688
krimz * crucial,CounterTerrorist,498.0215,2600.463,160.0313,Flash,73,95,-124.3749,-87.73883,0,False,True,True,208.8281,352.9688
krimz * crucial,CounterTerrorist,490.6803,2593.173,160.0313,Flash,73,95,-112.4483,-136.9837,0,False,True,True,209.5313,352.9688
krimz * crucial,CounterTerrorist,484.002,2583.272,160.0313,Flash,73,95,-103.1332,-173.4056,0,False,True,True,208.8281,351.5625
krimz * crucial,CounterTerrorist,478.6486,2571.544,160.0313,Flash,73,95,-60.81256,-196.5507,0,False,True,True,206.3672,349.4531
krimz * crucial,CounterTerrorist,476.6003,2558.653,160.0313,Flash,73,95,-13.78338,-213.3772,0,False,True,True,202.8516,346.9922
krimz * crucial,CounterTerrorist,476.7638,2544.767,160.0313,Flash,73,95,11.76533,-229.0688,0,False,True,True,191.6016,342.7734
krimz * crucial,CounterTerrorist,477.5612,2529.917,160.0313,Flash,73,95,9.312645,-243.6629,0,False,True,True,172.6172,336.4453
krimz * crucial,CounterTerrorist,479.6337,2514.799,160.0313,Flash,73,95,49.40419,-239.9671,0,False,True,True,169.4531,335.3906
krimz * crucial,CounterTerrorist,483.7442,2500.057,160.0312,Flash,73,95,77.01564,-232.5803,0,False,True,True,169.4531,335.3906
krimz * crucial,CounterTerrorist,488.1053,2485.391,160.0312,Flash,73,95,54.78611,-238.7959,0,False,True,True,168.3984,336.7969
krimz * crucial,CounterTerrorist,490.6862,2470.379,160.0312,Flash,73,95,50.43524,-233.5641,0,False,True,True,154.6875,335.7422
krimz * crucial,CounterTerrorist,494.2913,2458.471,160.0312,Flash,73,95,65.52338,-141.0493,0,False,True,True,147.6563,334.6875
krimz * crucial,CounterTerrorist,499.2369,2453.352,160.0312,Flash,73,95,88.15733,-40.03856,0,False,True,True,149.4141,334.3359
krimz * crucial,CounterTerrorist,500.9306,2451.418,160.0312,Flash,73,95,0,-21.63853,0,False,True,True,152.2266,335.0391
krimz * crucial,CounterTerrorist,500.9306,2450.851,160.0312,Flash,73,95,0,0,0,False,True,True,150.1172,335.7422
krimz * crucial,CounterTerrorist,500.9306,2450.851,160.0312,Flash,73,95,0,0,0,False,True,True,149.4141,336.7969
krimz * crucial,CounterTerrorist,500.9306,2450.851,160.0312,Flash,73,95,0,0,0,False,True,True,150.4688,337.8516
krimz * crucial,CounterTerrorist,500.9306,2450.851,160.0312,Flash,73,95,0,0,0,False,True,True,150.1172,337.8516
krimz * crucial,CounterTerrorist,500.9306,2450.851,160.0312,Flash,73,95,0,0,0,False,True,True,150.1172,337.8516
krimz * crucial,CounterTerrorist,500.9306,2450.851,160.0312,Flash,73,95,0,0,0,False,True,True,150.4688,337.5
krimz * crucial,CounterTerrorist,500.9306,2450.851,160.0312,M4A4,73,95,0,0,0,False,True,True,150.4688,337.5
krimz * crucial,CounterTerrorist,500.9306,2450.851,160.0312,M4A4,73,95,0,0,0,False,True,True,150.4688,337.5
krimz * crucial,CounterTerrorist,500.9306,2450.851,160.0312,M4A4,73,95,0,0,0,False,True,True,145.1953,337.8516
krimz * crucial,CounterTerrorist,500.9306,2450.883,160.0312,M4A4,73,95,0,4.15433,0,False,True,True,114.9609,349.4531
krimz * crucial,CounterTerrorist,500.9306,2450.992,160.0312,M4A4,73,95,0,-1.456574,0,False,True,True,81.5625,1.054688
krimz * crucial,CounterTerrorist,500.9306,2450.866,160.0312,M4A4,73,95,0,0,0,False,True,True,76.64063,3.164063
krimz * crucial,CounterTerrorist,500.9306,2450.866,160.0312,M4A4,73,95,0,0,0,False,True,True,76.64063,3.164063
krimz * crucial,CounterTerrorist,500.9306,2450.866,160.0312,M4A4,73,95,0,0,0,False,True,True,76.64063,3.164063
krimz * crucial,CounterTerrorist,500.9306,2450.866,160.0312,M4A4,73,95,0,0,0,False,True,True,78.39844,2.460938
krimz * crucial,CounterTerrorist,500.9306,2450.866,160.0312,M4A4,73,95,0,0,0,False,True,True,80.15625,4.21875
krimz * crucial,CounterTerrorist,500.9306,2450.866,160.0312,M4A4,73,95,0,0,0,False,True,True,80.85938,5.273438
krimz * crucial,CounterTerrorist,500.9306,2450.854,160.0312,M4A4,73,95,0,-1.607783,0,False,True,True,80.50781,5.273438
krimz * crucial,CounterTerrorist,500.9306,2450.753,160.0312,M4A4,73,95,0,-1.567496,0,False,True,True,80.85938,5.273438
krimz * crucial,CounterTerrorist,500.9306,2450.666,160.0312,M4A4,73,95,0,-1.385882,0,False,True,True,81.91406,4.921875
krimz * crucial,CounterTerrorist,500.9306,2450.591,160.0312,M4A4,73,95,0,0,0,False,True,True,81.91406,4.921875
krimz * crucial,CounterTerrorist,500.9306,2450.591,160.0312,M4A4,73,95,0,0,0,False,True,True,71.01563,5.976563
krimz * crucial,CounterTerrorist,500.9306,2450.591,160.0312,M4A4,73,95,0,0,0,False,True,True,32.69531,9.140625
krimz * crucial,CounterTerrorist,500.9306,2450.591,160.0312,M4A4,73,95,0,0,0,False,True,True,351.5625,6.328125
krimz * crucial,CounterTerrorist,500.9306,2450.591,160.0312,M4A4,73,95,0,0,0,False,True,True,346.6406,5.625
krimz * crucial,CounterTerrorist,500.9306,2450.591,160.0312,M4A4,73,95,0,0,0,False,True,True,346.2891,5.976563
krimz * crucial,CounterTerrorist,500.9306,2450.591,160.0312,M4A4,73,95,0,0,0,False,True,True,345.2344,5.625
krimz * crucial,CounterTerrorist,500.9306,2450.591,160.0312,M4A4,73,95,0,0,0,False,True,True,345.2344,5.625
krimz * crucial,CounterTerrorist,500.9306,2450.591,160.0312,M4A4,73,95,0,0,0,False,True,True,345.2344,5.625
krimz * crucial,CounterTerrorist,500.9306,2450.591,160.0312,M4A4,73,95,0,0,0,False,True,True,345.2344,5.625
krimz * crucial,CounterTerrorist,500.9306,2450.591,160.0312,M4A4,73,95,0,0,0,False,True,True,345.2344,5.625
krimz * crucial,CounterTerrorist,500.9306,2450.591,160.0312,M4A4,73,95,0,0,0,False,True,True,346.6406,5.625
krimz * crucial,CounterTerrorist,500.9306,2450.591,160.0312,M4A4,73,95,0,0,0,False,True,True,359.6484,7.03125
krimz * crucial,CounterTerrorist,500.4412,2451.375,160.0312,M4A4,73,95,-22.50868,30.08382,0,False,True,True,46.05469,9.492188
krimz * crucial,CounterTerrorist,497.441,2454.035,160.0312,M4A4,73,95,-56.85658,44.56968,0,False,True,True,67.5,8.789063
krimz * crucial,CounterTerrorist,493.056,2456.941,160.0312,M4A4,73,95,-91.28554,52.70813,0,False,True,True,67.85156,8.789063
krimz * crucial,CounterTerrorist,485.8807,2460.68,160.0312,M4A4,73,95,-131.3421,64.75974,0,False,True,True,68.55469,8.085938
krimz * crucial,CounterTerrorist,476.56,2464.735,160.0312,M4A4,73,95,-161.6105,53.7148,0,False,True,True,68.20313,5.976563
krimz * crucial,CounterTerrorist,466.4809,2466.078,160.0312,M4A4,73,95,-141.0583,0.1274354,0,False,True,True,65.03906,4.21875
krimz * crucial,CounterTerrorist,461.3206,2464.977,160.0312,M4A4,73,95,-41.14502,-30.20328,0,False,True,True,62.92969,4.21875
krimz * crucial,CounterTerrorist,461.4375,2462.511,160.0312,M4A4,73,95,23.35967,-42.08743,0,False,True,True,62.92969,3.867188
krimz * crucial,CounterTerrorist,462.1245,2460.783,160.0312,M4A4,73,95,-11.53781,-8.864939,0,False,True,True,64.33594,3.867188
krimz * crucial,CounterTerrorist,459.8284,2461.31,160.0312,M4A4,73,95,-44.15219,13.4698,0,False,True,True,67.14844,3.867188
krimz * crucial,CounterTerrorist,460.0026,2461.086,160.0312,M4A4,39,90,30.05821,-13.30439,0,False,True,True,67.14844,3.867188
krimz * crucial,CounterTerrorist,462.8567,2459.853,160.0312,M4A4,39,90,27.49484,-12.15027,0,False,True,True,67.85156,4.21875
krimz * crucial,CounterTerrorist,463.0255,2459.769,160.0312,M4A4,12,86,0,0,0,False,True,True,68.20313,4.921875
krimz * crucial,CounterTerrorist,463.0255,2459.769,160.0312,M4A4,12,86,0,0,0,False,True,True,68.20313,4.921875
krimz * crucial,CounterTerrorist,462.3731,2460.031,160.0312,M4A4,12,86,-16.96154,6.819836,0,False,True,True,68.20313,5.273438
krimz * crucial,CounterTerrorist,462.0062,2460.178,160.0312,M4A4,12,86,0,0,0,False,True,True,68.20313,5.625
krimz * crucial,CounterTerrorist,462.0062,2460.178,160.0312,M4A4,12,86,0,0,0,False,True,True,68.20313,6.328125
krimz * crucial,CounterTerrorist,462.0062,2460.178,160.0312,M4A4,12,86,0,0,0,False,True,True,68.55469,6.679688
krimz * crucial,CounterTerrorist,462.2004,2460.102,160.0312,M4A4,12,86,15.70208,-6.18144,0,False,True,True,68.55469,7.03125
krimz * crucial,CounterTerrorist,465.0226,2458.993,160.0312,M4A4,12,86,68.0631,-26.73347,0,False,True,True,68.55469,7.382813
krimz * crucial,CounterTerrorist,470.979,2456.656,160.0312,M4A4,12,86,114.4855,-44.86013,0,False,True,True,68.55469,7.382813
krimz * crucial,CounterTerrorist,478.428,2453.742,160.0312,M4A4,12,86,121.1255,-47.29433,0,False,True,True,68.90625,8.085938
krimz * crucial,CounterTerrorist,486.1577,2450.741,160.0312,M4A4,12,86,125.6732,-48.53249,0,False,True,True,69.60938,8.085938
krimz * crucial,CounterTerrorist,494.1782,2447.68,160.0312,M4A4,12,86,130.4721,-49.10363,0,False,True,True,71.71875,8.4375
krimz * crucial,CounterTerrorist,500.9306,2444.618,160.0312,M4A4,12,86,0,-49.14249,0,False,True,True,72.07031,8.085938
krimz * crucial,CounterTerrorist,500.9306,2442.009,160.0312,M4A4,12,86,0,-2.824857,0,False,True,True,73.47656,8.085938
krimz * crucial,CounterTerrorist,500.9306,2442.009,160.0312,M4A4,12,86,0,0,0,False,True,True,73.82813,7.734375
krimz * crucial,CounterTerrorist,500.9306,2442.009,160.0312,M4A4,12,86,0,0,0,False,True,True,73.82813,7.734375
krimz * crucial,CounterTerrorist,500.9306,2442.009,160.0312,M4A4,12,86,0,0,0,False,True,True,73.82813,7.734375
krimz * crucial,CounterTerrorist,500.9306,2442.009,160.0312,M4A4,12,86,0,0,0,False,True,True,76.64063,6.679688
krimz * crucial,CounterTerrorist,500.9306,2442.009,160.0312,M4A4,12,86,0,0,0,False,True,True,79.80469,5.273438
krimz * crucial,CounterTerrorist,500.9306,2442.009,160.0312,M4A4,12,86,0,0,0,False,True,True,81.91406,4.921875
krimz * crucial,CounterTerrorist,500.9306,2442.009,160.0312,M4A4,12,86,0,0,0,False,True,True,81.91406,4.921875
krimz * crucial,CounterTerrorist,500.9306,2442.009,160.0312,M4A4,12,86,0,0,0,False,True,True,81.5625,4.921875
krimz * crucial,CounterTerrorist,500.9306,2442.009,160.0312,M4A4,12,86,0,0,0,False,True,True,81.5625,4.921875
krimz * crucial,CounterTerrorist,500.9306,2442.009,160.0312,M4A4,5,84,0,0,0,False,True,True,77.34375,4.921875
krimz * crucial,CounterTerrorist,500.9306,2442.009,160.0312,M4A4,5,84,0,0,0,False,True,True,76.64063,4.921875
