Name,Team,Position.X,Position.Y,Position.Z,ActiveWeapon,HP,Armour,Velocity.X,Velocity.Y,Velocity.Z,IsDucking,HasHelmet,HasDefuseKit,ViewDirectionX,ViewDirectionY,Map = de_inferno
Ex6TenZ * Razer,CounterTerrorist,2440,2032,123.8256,USP,100,0,0,0,0,False,False,False,266.1328,2.8125
Ex6TenZ * Razer,CounterTerrorist,2440,2032,123.4813,USP,100,0,0,0,0,False,False,False,266.1328,2.8125
Ex6TenZ * Razer,CounterTerrorist,2440,2032,123.4813,USP,100,0,0,0,0,False,False,False,266.1328,2.8125
Ex6TenZ * Razer,CounterTerrorist,2440,2032,123.4813,USP,100,0,0,0,0,False,False,False,266.1328,2.8125
Ex6TenZ * Razer,CounterTerrorist,2440,2032,123.4813,USP,100,0,0,0,0,False,False,False,266.1328,2.8125
Ex6TenZ * Razer,CounterTerrorist,2440,2032,123.4813,USP,100,0,0,0,0,False,False,False,266.1328,2.8125
Ex6TenZ * Razer,CounterTerrorist,2440,2032,123.4813,USP,100,0,0,0,0,False,False,False,144.8438,0
Ex6TenZ * Razer,CounterTerrorist,2440,2032,123.4813,USP,100,0,0,0,0,False,False,False,144.8438,0
Ex6TenZ * Razer,CounterTerrorist,2440,2032,123.4813,USP,100,0,0,0,0,False,False,False,144.8438,0
Ex6TenZ * Razer,CounterTerrorist,2440,2032,123.4813,USP,100,0,0,0,0,False,False,False,144.8438,0
Ex6TenZ * Razer,CounterTerrorist,2440,2032,123.4813,USP,100,0,0,0,0,False,False,False,144.8438,0
Ex6TenZ * Razer,CounterTerrorist,2440,2032,123.4813,USP,100,0,0,0,0,False,False,False,144.8438,0
Ex6TenZ * Razer,CounterTerrorist,2440,2032,123.4813,USP,100,0,0,0,0,False,False,False,144.8438,0
Ex6TenZ * Razer,CounterTerrorist,2440,2032,123.4813,USP,100,0,0,0,0,False,False,False,144.8438,0
Ex6TenZ * Razer,CounterTerrorist,2440,2032,123.4813,USP,100,0,0,0,0,False,False,False,144.8438,0
Ex6TenZ * Razer,CounterTerrorist,2440,2032,123.4813,USP,100,0,0,0,0,False,False,False,144.8438,0
Ex6TenZ * Razer,CounterTerrorist,2440,2032,123.4813,USP,100,0,0,0,0,False,False,False,144.8438,0
Ex6TenZ * Razer,CounterTerrorist,2440,2032,123.4813,USP,100,0,0,0,0,False,False,False,144.8438,0
Ex6TenZ * Razer,CounterTerrorist,2440,2032,123.4813,USP,100,0,0,0,0,False,False,False,144.8438,0
Ex6TenZ * Razer,CounterTerrorist,2440,2032,123.4813,USP,100,0,0,0,0,False,False,False,144.8438,0
Ex6TenZ * Razer,CounterTerrorist,2440,2032,123.4813,USP,100,0,0,0,0,False,False,False,144.8438,0
Ex6TenZ * Razer,CounterTerrorist,2440,2032,123.4813,USP,100,0,0,0,0,False,False,False,144.8438,0
Ex6TenZ * Razer,CounterTerrorist,2440,2032,123.4813,USP,100,0,0,0,0,False,False,False,144.8438,0
Ex6TenZ * Razer,CounterTerrorist,2440,2032,123.4813,USP,100,0,0,0,0,False,False,False,144.8438,0
Ex6TenZ * Razer,CounterTerrorist,2440,2032,123.4813,USP,100,0,0,0,0,False,False,False,144.8438,0
Ex6TenZ * Razer,CounterTerrorist,2440,2032,123.4813,USP,100,0,0,0,0,False,False,False,144.8438,0
Ex6TenZ * Razer,CounterTerrorist,2440,2032,123.4813,USP,100,0,0,0,0,False,False,False,144.8438,0
Ex6TenZ * Razer,CounterTerrorist,2440,2032,123.4813,USP,100,0,0,0,0,False,False,False,144.8438,0
Ex6TenZ * Razer,CounterTerrorist,2440,2032,123.4813,USP,100,0,0,0,0,False,False,False,144.8438,0
Ex6TenZ * Razer,CounterTerrorist,2440,2032,123.4813,USP,100,0,0,0,0,False,False,False,144.8438,0
Ex6TenZ * Razer,CounterTerrorist,2440,2032,123.4813,USP,100,0,0,0,0,False,False,False,144.8438,0
Ex6TenZ * Razer,CounterTerrorist,2440,2032,123.4813,USP,100,0,0,0,0,False,False,False,144.8438,0
Ex6TenZ * Razer,CounterTerrorist,2440,2032,123.4813,USP,100,0,0,0,0,False,False,False,144.8438,0
Ex6TenZ * Razer,CounterTerrorist,2440,2032,123.4813,USP,100,0,0,0,0,False,False,False,144.8438,0
Ex6TenZ * Razer,CounterTerrorist,2440,2032,123.4813,USP,100,0,0,0,0,False,False,False,144.8438,0
Ex6TenZ * Razer,CounterTerrorist,2440,2032,123.4813,USP,100,0,0,0,0,False,False,False,144.8438,0
Ex6TenZ * Razer,CounterTerrorist,2440,2032,123.4813,USP,100,0,0,0,0,False,False,False,144.8438,0
Ex6TenZ * Razer,CounterTerrorist,2440,2032,123.4813,USP,100,0,0,0,0,False,False,False,144.8438,0
Ex6TenZ * Razer,CounterTerrorist,2440,2032,123.4813,USP,100,0,0,0,0,False,False,False,144.8438,0
Ex6TenZ * Razer,CounterTerrorist,2440,2032,123.4813,USP,100,0,0,0,0,False,False,False,144.8438,0
Ex6TenZ * Razer,CounterTerrorist,2440,2032,123.4813,USP,100,0,0,0,0,False,False,False,144.8438,0
Ex6TenZ * Razer,CounterTerrorist,2440,2032,123.4813,USP,100,0,0,0,0,False,False,False,144.8438,0
Ex6TenZ * Razer,CounterTerrorist,2440,2032,123.4813,USP,100,0,0,0,0,False,False,False,144.8438,0
Ex6TenZ * Razer,CounterTerrorist,2440,2032,123.4813,USP,100,0,0,0,0,False,False,False,144.8438,0
Ex6TenZ * Razer,CounterTerrorist,2440,2032,123.4813,USP,100,0,0,0,0,False,False,False,144.8438,0
Ex6TenZ * Razer,CounterTerrorist,2440,2032,123.4813,USP,100,0,0,0,0,False,False,False,144.8438,0
Ex6TenZ * Razer,CounterTerrorist,2440,2032,123.4813,USP,100,0,0,0,0,False,False,False,144.8438,0
Ex6TenZ * Razer,CounterTerrorist,2440,2032,123.4813,USP,100,0,0,0,0,False,False,False,144.8438,0
Ex6TenZ * Razer,CounterTerrorist,2440,2032,123.4813,USP,100,0,0,0,0,False,False,False,144.8438,0
Ex6TenZ * Razer,CounterTerrorist,2440,2032,123.4813,USP,100,0,0,0,0,False,False,False,144.8438,0
Ex6TenZ * Razer,CounterTerrorist,2440,2032,123.4813,USP,100,0,0,0,0,False,False,False,144.8438,0
Ex6TenZ * Razer,CounterTerrorist,2440,2032,123.4813,USP,100,0,0,0,0,False,False,False,144.8438,0
Ex6TenZ * Razer,CounterTerrorist,2440,2032,123.4813,USP,100,0,0,0,0,False,False,False,144.8438,0
Ex6TenZ * Razer,CounterTerrorist,2440,2032,123.4813,USP,100,0,0,0,0,False,False,False,144.8438,0
Ex6TenZ * Razer,CounterTerrorist,2440,2032,123.4813,USP,100,0,0,0,0,False,False,False,144.8438,0
Ex6TenZ * Razer,CounterTerrorist,2440,2032,123.4813,USP,100,0,0,0,0,False,False,False,144.8438,0
Ex6TenZ * Razer,CounterTerrorist,2440,2032,123.4813,USP,100,0,0,0,0,False,False,False,144.8438,0
Ex6TenZ * Razer,CounterTerrorist,2440,2032,123.4813,USP,100,0,0,0,0,False,False,False,144.8438,0
Ex6TenZ * Razer,CounterTerrorist,2440,2032,123.4813,USP,100,0,0,0,0,False,False,False,144.8438,0
Ex6TenZ * Razer,CounterTerrorist,2440,2032,123.4813,USP,100,0,0,0,0,False,False,False,144.8438,0
Ex6TenZ * Razer,CounterTerrorist,2440,2032,123.4813,USP,100,0,0,0,0,False,False,False,144.8438,0
Ex6TenZ * Razer,CounterTerrorist,2440,2032,123.4813,USP,100,0,0,0,0,False,False,False,144.8438,0
Ex6TenZ * Razer,CounterTerrorist,2440,2032,123.4813,USP,100,0,0,0,0,False,False,False,144.8438,0
Ex6TenZ * Razer,CounterTerrorist,2440,2032,123.4813,USP,100,0,0,0,0,False,False,False,144.8438,0
Ex6TenZ * Razer,CounterTerrorist,2440,2032,123.4813,USP,100,0,0,0,0,False,False,False,144.8438,0
Ex6TenZ * Razer,CounterTerrorist,2440,2032,123.4813,USP,100,0,0,0,0,False,False,False,144.8438,0
Ex6TenZ * Razer,CounterTerrorist,2440,2032,123.4813,USP,100,0,0,0,0,False,False,False,144.8438,0
Ex6TenZ * Razer,CounterTerrorist,2440,2032,123.4813,USP,100,0,0,0,0,False,False,False,144.8438,0
Ex6TenZ * Razer,CounterTerrorist,2440,2032,123.4813,USP,100,0,0,0,0,False,False,False,144.8438,0
Ex6TenZ * Razer,CounterTerrorist,2440,2032,123.4813,USP,100,0,0,0,0,False,False,False,144.8438,0
Ex6TenZ * Razer,CounterTerrorist,2440,2032,123.4813,USP,100,0,0,0,0,False,False,False,144.8438,0
Ex6TenZ * Razer,CounterTerrorist,2440,2032,123.4813,USP,100,0,0,0,0,False,False,False,144.8438,0
Ex6TenZ * Razer,CounterTerrorist,2440,2032,123.4813,USP,100,0,0,0,0,False,False,False,144.8438,0
Ex6TenZ * Razer,CounterTerrorist,2440,2032,123.4813,USP,100,0,0,0,0,False,False,False,144.8438,0
Ex6TenZ * Razer,CounterTerrorist,2440,2032,123.4813,USP,100,0,0,0,0,False,False,False,144.8438,0
Ex6TenZ * Razer,CounterTerrorist,2440,2032,123.4813,USP,100,0,0,0,0,False,False,False,144.8438,0
Ex6TenZ * Razer,CounterTerrorist,2440,2032,123.4813,USP,100,0,0,0,0,False,False,False,144.8438,0
Ex6TenZ * Razer,CounterTerrorist,2440,2032,123.4813,USP,100,0,0,0,0,False,False,False,144.8438,0
Ex6TenZ * Razer,CounterTerrorist,2440,2032,123.4813,USP,100,0,0,0,0,False,False,False,144.8438,0
Ex6TenZ * Razer,CounterTerrorist,2440,2032,123.4813,USP,100,0,0,0,0,False,False,False,144.8438,0
Ex6TenZ * Razer,CounterTerrorist,2440,2032,123.4813,USP,100,0,0,0,0,False,False,False,144.8438,0
Ex6TenZ * Razer,CounterTerrorist,2440,2032,123.4813,USP,100,0,0,0,0,False,False,False,144.8438,0
Ex6TenZ * Razer,CounterTerrorist,2440,2032,123.4813,USP,100,0,0,0,0,False,False,False,144.8438,0
Ex6TenZ * Razer,CounterTerrorist,2440,2032,123.4813,USP,100,0,0,0,0,False,False,False,144.8438,0
Ex6TenZ * Razer,CounterTerrorist,2440,2032,123.4813,P250,100,0,0,0,0,False,False,False,144.8438,0
Ex6TenZ * Razer,CounterTerrorist,2440,2032,123.4813,P250,100,0,0,0,0,False,False,False,144.8438,0
Ex6TenZ * Razer,CounterTerrorist,2440,2032,123.4813,P250,100,0,0,0,0,False,False,False,144.8438,0
Ex6TenZ * Razer,CounterTerrorist,2440,2032,123.4813,P250,100,0,0,0,0,False,False,False,144.8438,0
Ex6TenZ * Razer,CounterTerrorist,2440,2032,123.4813,P250,100,0,0,0,0,False,False,False,144.8438,0
Ex6TenZ * Razer,CounterTerrorist,2440,2032,123.4813,P250,100,0,0,0,0,False,False,False,144.8438,0
Ex6TenZ * Razer,CounterTerrorist,2440,2032,123.4813,P250,100,0,0,0,0,False,False,False,144.8438,0
Ex6TenZ * Razer,CounterTerrorist,2440,2032,123.4813,P250,100,0,0,0,0,False,False,False,144.8438,0
Ex6TenZ * Razer,CounterTerrorist,2440,2032,123.4813,P250,100,0,0,0,0,False,False,False,144.8438,0
Ex6TenZ * Razer,CounterTerrorist,2440,2032,123.4813,P250,100,0,0,0,0,False,False,False,144.8438,0
Ex6TenZ * Razer,CounterTerrorist,2440,2032,123.4813,P250,100,0,0,0,0,False,False,False,144.8438,0
Ex6TenZ * Razer,CounterTerrorist,2440,2032,123.4813,P250,100,100,0,0,0,False,False,False,144.8438,0
Ex6TenZ * Razer,CounterTerrorist,2440,2032,123.4813,P250,100,100,0,0,0,False,False,False,144.8438,0
Ex6TenZ * Razer,CounterTerrorist,2440,2032,123.4813,P250,100,100,0,0,0,False,False,False,144.8438,0
Ex6TenZ * Razer,CounterTerrorist,2440,2032,123.4813,P250,100,100,0,0,0,False,False,False,144.8438,0
Ex6TenZ * Razer,CounterTerrorist,2440,2032,123.4813,P250,100,100,0,0,0,False,False,False,144.8438,0
Ex6TenZ * Razer,CounterTerrorist,2440,2032,123.4813,P250,100,100,0,0,0,False,False,False,144.8438,0
Ex6TenZ * Razer,CounterTerrorist,2440,2032,123.4813,P250,100,100,0,0,0,False,False,False,144.8438,0
Ex6TenZ * Razer,CounterTerrorist,2440,2032,123.4813,P250,100,100,0,0,0,False,False,False,144.8438,0
Ex6TenZ * Razer,CounterTerrorist,2440,2032,123.4813,P250,100,100,0,0,0,False,False,False,144.8438,0
Ex6TenZ * Razer,CounterTerrorist,2440,2032,123.4813,P250,100,100,0,0,0,False,False,False,144.8438,0
Ex6TenZ * Razer,CounterTerrorist,2440,2032,123.4813,P250,100,100,0,0,0,False,False,False,144.8438,0
Ex6TenZ * Razer,CounterTerrorist,2440,2032,123.4813,P250,100,100,0,0,0,False,False,False,144.8438,0
Ex6TenZ * Razer,CounterTerrorist,2440,2032,123.4813,P250,100,100,0,0,0,False,False,False,144.8438,0
Ex6TenZ * Razer,CounterTerrorist,2440,2032,123.4813,P250,100,100,0,0,0,False,False,False,144.8438,0
Ex6TenZ * Razer,CounterTerrorist,2440,2032,123.4813,P250,100,100,0,0,0,False,False,False,144.8438,0
Ex6TenZ * Razer,CounterTerrorist,2440,2032,123.4813,P250,100,100,0,0,0,False,False,False,144.8438,0
Ex6TenZ * Razer,CounterTerrorist,2440,2032,123.4813,P250,100,100,0,0,0,False,False,False,144.8438,0
Ex6TenZ * Razer,CounterTerrorist,2440,2032,123.4813,P250,100,100,0,0,0,False,False,False,144.8438,0
Ex6TenZ * Razer,CounterTerrorist,2440,2032,123.4813,P250,100,100,0,0,0,False,False,False,144.8438,0
Ex6TenZ * Razer,CounterTerrorist,2440,2032,123.4813,P250,100,100,0,0,0,False,False,False,144.8438,0
Ex6TenZ * Razer,CounterTerrorist,2440,2032,123.4813,P250,100,100,0,0,0,False,False,False,144.8438,0
Ex6TenZ * Razer,CounterTerrorist,2440,2032,123.4813,P250,100,100,0,0,0,False,False,False,144.8438,0
Ex6TenZ * Razer,CounterTerrorist,2440,2032,123.4813,P250,100,100,0,0,0,False,False,False,144.8438,0
Ex6TenZ * Razer,CounterTerrorist,2440,2032,123.4813,P250,100,100,0,0,0,False,False,False,144.8438,0
Ex6TenZ * Razer,CounterTerrorist,2440,2032,123.4813,P250,100,100,0,0,0,False,False,False,144.8438,0
Ex6TenZ * Razer,CounterTerrorist,2440,2032,123.4813,P250,100,100,0,0,0,False,False,False,144.8438,0
Ex6TenZ * Razer,CounterTerrorist,2440,2032,123.4813,P250,100,100,0,0,0,False,False,False,144.8438,0
Ex6TenZ * Razer,CounterTerrorist,2440,2032,123.4813,P250,100,100,0,0,0,False,False,False,144.8438,0
Ex6TenZ * Razer,CounterTerrorist,2440,2032,123.4813,P250,100,100,0,0,0,False,False,False,144.8438,0
Ex6TenZ * Razer,CounterTerrorist,2440,2032,123.4813,P250,100,100,0,0,0,False,False,False,144.8438,0
Ex6TenZ * Razer,CounterTerrorist,2440,2032,123.4813,P250,100,100,0,0,0,False,False,False,144.8438,0
Ex6TenZ * Razer,CounterTerrorist,2440,2032,123.4813,P250,100,100,0,0,0,False,False,False,144.8438,0
Ex6TenZ * Razer,CounterTerrorist,2440,2032,123.4813,P250,100,100,0,0,0,False,False,False,144.8438,0
Ex6TenZ * Razer,CounterTerrorist,2440,2032,123.4813,P250,100,100,0,0,0,False,False,False,144.8438,0
Ex6TenZ * Razer,CounterTerrorist,2440,2032,123.4813,P250,100,100,0,0,0,False,False,False,144.8438,0
Ex6TenZ * Razer,CounterTerrorist,2440,2032,123.4813,P250,100,100,0,0,0,False,False,False,144.8438,0
Ex6TenZ * Razer,CounterTerrorist,2440,2032,123.4813,P250,100,100,0,0,0,False,False,False,144.8438,0
Ex6TenZ * Razer,CounterTerrorist,2440,2032,123.4813,P250,100,100,0,0,0,False,False,False,144.8438,0
Ex6TenZ * Razer,CounterTerrorist,2440,2032,123.4813,P250,100,100,0,0,0,False,False,False,144.8438,0
Ex6TenZ * Razer,CounterTerrorist,2440,2032,123.4813,P250,100,100,0,0,0,False,False,False,144.8438,0
Ex6TenZ * Razer,CounterTerrorist,2440,2032,123.4813,P250,100,100,0,0,0,False,False,False,144.8438,0
Ex6TenZ * Razer,CounterTerrorist,2440,2032,123.4813,P250,100,100,0,0,0,False,False,False,144.8438,0
Ex6TenZ * Razer,CounterTerrorist,2440,2032,123.4813,P250,100,100,0,0,0,False,False,False,144.8438,0
Ex6TenZ * Razer,CounterTerrorist,2440,2032,123.4813,P250,100,100,0,0,0,False,False,False,144.8438,0
Ex6TenZ * Razer,CounterTerrorist,2440,2032,123.4813,P250,100,100,0,0,0,False,False,False,144.8438,0
Ex6TenZ * Razer,CounterTerrorist,2440,2032,123.4813,P250,100,100,0,0,0,False,False,False,144.8438,0
Ex6TenZ * Razer,CounterTerrorist,2440,2032,123.4813,P250,100,100,0,0,0,False,False,False,144.8438,0
Ex6TenZ * Razer,CounterTerrorist,2440,2032,123.4813,P250,100,100,0,0,0,False,False,False,144.8438,0
Ex6TenZ * Razer,CounterTerrorist,2440,2032,123.4813,P250,100,100,0,0,0,False,False,False,144.8438,0
Ex6TenZ * Razer,CounterTerrorist,2440,2032,123.4813,P250,100,100,0,0,0,False,False,False,144.8438,0
Ex6TenZ * Razer,CounterTerrorist,2440,2032,123.4813,P250,100,100,0,0,0,False,False,False,144.8438,0
Ex6TenZ * Razer,CounterTerrorist,2440,2032,123.4813,P250,100,100,0,0,0,False,False,False,144.8438,0
Ex6TenZ * Razer,CounterTerrorist,2440,2032,123.4813,P250,100,100,0,0,0,False,False,False,144.8438,0
Ex6TenZ * Razer,CounterTerrorist,2440,2032,123.4813,P250,100,100,0,0,0,False,False,False,144.8438,0
Ex6TenZ * Razer,CounterTerrorist,2440,2032,123.4813,P250,100,100,0,0,0,False,False,False,144.8438,0
Ex6TenZ * Razer,CounterTerrorist,2440,2032,123.4813,P250,100,100,0,0,0,False,False,False,144.8438,0
Ex6TenZ * Razer,CounterTerrorist,2440,2032,123.4813,P250,100,100,0,0,0,False,False,False,144.8438,0
Ex6TenZ * Razer,CounterTerrorist,2440,2032,123.4813,P250,100,100,0,0,0,False,False,False,144.8438,0
Ex6TenZ * Razer,CounterTerrorist,2440,2032,123.4813,P250,100,100,0,0,0,False,False,False,144.8438,0
Ex6TenZ * Razer,CounterTerrorist,2440,2032,123.4813,P250,100,100,0,0,0,False,False,False,144.8438,0
Ex6TenZ * Razer,CounterTerrorist,2440,2032,123.4813,P250,100,100,0,0,0,False,False,False,144.8438,0
Ex6TenZ * Razer,CounterTerrorist,2440,2032,123.4813,P250,100,100,0,0,0,False,False,False,144.8438,0
Ex6TenZ * Razer,CounterTerrorist,2440,2032,123.4813,P250,100,100,0,0,0,False,False,False,144.8438,0
Ex6TenZ * Razer,CounterTerrorist,2440,2032,123.4813,P250,100,100,0,0,0,False,False,False,144.8438,0
Ex6TenZ * Razer,CounterTerrorist,2440,2032,123.4813,P250,100,100,0,0,0,False,True,False,144.8438,0
Ex6TenZ * Razer,CounterTerrorist,2440,2032,123.4813,P250,100,100,0,0,0,False,True,False,144.8438,0
Ex6TenZ * Razer,CounterTerrorist,2440,2032,123.4813,P250,100,100,0,0,0,False,True,False,144.8438,0
Ex6TenZ * Razer,CounterTerrorist,2440,2032,123.4813,P250,100,100,0,0,0,False,True,False,144.8438,0
Ex6TenZ * Razer,CounterTerrorist,2440,2032,123.4813,P250,100,100,0,0,0,False,True,False,144.8438,0
Ex6TenZ * Razer,CounterTerrorist,2440,2032,123.4813,P250,100,100,0,0,0,False,True,False,144.8438,0
Ex6TenZ * Razer,CounterTerrorist,2440,2032,123.4813,P250,100,100,0,0,0,False,True,False,144.8438,0
Ex6TenZ * Razer,CounterTerrorist,2440,2032,123.4813,P250,100,100,0,0,0,False,True,False,144.8438,0
Ex6TenZ * Razer,CounterTerrorist,2440,2032,123.4813,P250,100,100,0,0,0,False,True,False,144.8438,0
Ex6TenZ * Razer,CounterTerrorist,2440,2032,123.4813,P250,100,100,0,0,0,False,True,False,144.8438,0
Ex6TenZ * Razer,CounterTerrorist,2440,2032,123.4813,P250,100,100,0,0,0,False,True,False,144.8438,0
Ex6TenZ * Razer,CounterTerrorist,2440,2032,123.4813,P250,100,100,0,0,0,False,True,False,144.8438,0
Ex6TenZ * Razer,CounterTerrorist,2440,2032,123.4813,P250,100,100,0,0,0,False,True,False,144.8438,0
Ex6TenZ * Razer,CounterTerrorist,2440,2032,123.4813,P250,100,100,0,0,0,False,True,False,144.8438,0
Ex6TenZ * Razer,CounterTerrorist,2440,2032,123.4813,P250,100,100,0,0,0,False,True,False,144.8438,0
Ex6TenZ * Razer,CounterTerrorist,2440,2032,123.4813,P250,100,100,0,0,0,False,True,False,144.8438,0
Ex6TenZ * Razer,CounterTerrorist,2440,2032,123.4813,P250,100,100,0,0,0,False,True,False,144.8438,0
Ex6TenZ * Razer,CounterTerrorist,2440,2032,123.4813,P250,100,100,0,0,0,False,True,False,144.8438,0
Ex6TenZ * Razer,CounterTerrorist,2440,2032,123.4813,P250,100,100,0,0,0,False,True,False,144.8438,0
Ex6TenZ * Razer,CounterTerrorist,2440,2032,123.4813,P250,100,100,0,0,0,False,True,False,144.8438,0
Ex6TenZ * Razer,CounterTerrorist,2440,2032,123.4813,P250,100,100,0,0,0,False,True,False,144.8438,0
Ex6TenZ * Razer,CounterTerrorist,2440,2032,123.4813,P250,100,100,0,0,0,False,True,False,144.8438,0
Ex6TenZ * Razer,CounterTerrorist,2440,2032,123.4813,HE,100,100,0,0,0,False,True,False,141.6797,1.40625
Ex6TenZ * Razer,CounterTerrorist,2440,2032,123.4813,HE,100,100,0,0,0,False,True,False,126.5625,10.19531
Ex6TenZ * Razer,CounterTerrorist,2440,2032,123.4813,Flash,100,100,0,0,0,False,True,False,119.5313,13.00781
Ex6TenZ * Razer,CounterTerrorist,2440,2032,123.4813,Flash,100,100,0,0,0,False,True,False,118.125,12.65625
Ex6TenZ * Razer,CounterTerrorist,2440,2032,123.4813,Flash,100,100,0,0,0,False,True,False,118.125,12.65625
Ex6TenZ * Razer,CounterTerrorist,2440,2032,123.4813,Flash,100,100,0,0,0,False,True,False,118.125,12.65625
Ex6TenZ * Razer,CounterTerrorist,2440,2032,123.4813,Knife,100,100,0,0,0,False,True,False,116.0156,11.95313
Ex6TenZ * Razer,CounterTerrorist,2440,2032,123.4813,Knife,100,100,0,0,0,False,True,False,103.0078,11.95313
Ex6TenZ * Razer,CounterTerrorist,2440,2032,123.4813,Knife,100,100,0,0,0,False,True,False,98.4375,11.60156
Ex6TenZ * Razer,CounterTerrorist,2440,2032,123.4813,Knife,100,100,0,0,0,False,True,False,98.4375,11.60156
Ex6TenZ * Razer,CounterTerrorist,2440,2032,123.4813,Knife,100,100,0,0,0,False,True,False,98.4375,11.60156
Ex6TenZ * Razer,CounterTerrorist,2440,2032,123.4813,Knife,100,100,0,0,0,False,True,False,98.4375,11.60156
Ex6TenZ * Razer,CounterTerrorist,2440,2032,123.4813,Knife,100,100,0,0,0,False,True,False,98.4375,11.60156
Ex6TenZ * Razer,CounterTerrorist,2440,2032,123.4813,Knife,100,100,0,0,0,False,True,False,98.4375,11.95313
Ex6TenZ * Razer,CounterTerrorist,2440,2032,123.4813,Knife,100,100,0,0,0,False,True,False,98.78906,11.95313
Ex6TenZ * Razer,CounterTerrorist,2440,2032,123.4813,Knife,100,100,0,0,0,False,True,False,99.14063,11.95313
Ex6TenZ * Razer,CounterTerrorist,2440,2032,123.4813,Knife,100,100,0,0,0,False,True,False,99.49219,12.30469
Ex6TenZ * Razer,CounterTerrorist,2440,2032,123.4813,Knife,100,100,0,0,0,False,True,False,99.84375,13.00781
Ex6TenZ * Razer,CounterTerrorist,2440,2032,123.4813,Knife,100,100,0,0,0,False,True,False,99.84375,13.00781
Ex6TenZ * Razer,CounterTerrorist,2440,2032,123.4813,Knife,100,100,0,0,0,False,True,False,99.84375,13.00781
Ex6TenZ * Razer,CounterTerrorist,2440,2032,123.4813,Knife,100,100,0,0,0,False,True,False,99.84375,13.00781
Ex6TenZ * Razer,CounterTerrorist,2440,2032,123.4813,Knife,100,100,0,0,0,False,True,False,99.84375,13.00781
Ex6TenZ * Razer,CounterTerrorist,2440,2032,123.4813,Knife,100,100,0,0,0,False,True,False,99.84375,13.00781
Ex6TenZ * Razer,CounterTerrorist,2440,2032,123.4813,Knife,100,100,0,0,0,False,True,False,99.84375,13.00781
Ex6TenZ * Razer,CounterTerrorist,2440,2032,123.4813,Knife,100,100,0,0,0,False,True,False,99.84375,13.00781
Ex6TenZ * Razer,CounterTerrorist,2440,2032,123.4813,Knife,100,100,0,0,0,False,True,False,99.84375,13.00781
Ex6TenZ * Razer,CounterTerrorist,2440,2032,123.4813,Knife,100,100,0,0,0,False,True,False,99.84375,13.00781
Ex6TenZ * Razer,CounterTerrorist,2440,2032,123.4813,Knife,100,100,0,0,0,False,True,False,99.84375,13.00781
Ex6TenZ * Razer,CounterTerrorist,2440,2032,123.4813,Knife,100,100,0,0,0,False,True,False,99.84375,13.00781
Ex6TenZ * Razer,CounterTerrorist,2440,2032,123.4813,Knife,100,100,0,0,0,False,True,False,99.84375,13.00781
Ex6TenZ * Razer,CounterTerrorist,2440,2032,123.4813,Knife,100,100,0,0,0,False,True,False,99.84375,13.00781
Ex6TenZ * Razer,CounterTerrorist,2440,2032,123.4813,Knife,100,100,0,0,0,False,True,False,99.84375,13.00781
Ex6TenZ * Razer,CounterTerrorist,2440,2032,123.4813,Knife,100,100,0,0,0,False,True,False,99.84375,13.00781
Ex6TenZ * Razer,CounterTerrorist,2440,2032,123.4813,Knife,100,100,0,0,0,False,True,False,99.84375,13.00781
Ex6TenZ * Razer,CounterTerrorist,2440,2032,123.4813,Knife,100,100,0,0,0,False,True,False,99.84375,13.00781
Ex6TenZ * Razer,CounterTerrorist,2440,2032,123.4813,Knife,100,100,0,0,0,False,True,False,99.84375,13.00781
Ex6TenZ * Razer,CounterTerrorist,2440,2032,123.4813,Knife,100,100,0,0,0,False,True,False,99.84375,13.00781
Ex6TenZ * Razer,CounterTerrorist,2440,2032,123.4813,Knife,100,100,0,0,0,False,True,False,99.84375,13.00781
Ex6TenZ * Razer,CounterTerrorist,2440,2032,123.4813,Knife,100,100,0,0,0,False,True,False,99.84375,13.00781
Ex6TenZ * Razer,CounterTerrorist,2440,2032,123.4813,Knife,100,100,0,0,0,False,True,False,99.84375,13.00781
Ex6TenZ * Razer,CounterTerrorist,2440,2032,123.4813,Knife,100,100,0,0,0,False,True,False,99.84375,13.00781
Ex6TenZ * Razer,CounterTerrorist,2440,2032,123.4813,Knife,100,100,0,0,0,False,True,False,99.84375,13.00781
Ex6TenZ * Razer,CounterTerrorist,2440,2032,123.4813,Knife,100,100,0,0,0,False,True,False,99.84375,13.00781
Ex6TenZ * Razer,CounterTerrorist,2440,2032,123.4813,Knife,100,100,0,0,0,False,True,False,99.84375,13.00781
Ex6TenZ * Razer,CounterTerrorist,2440,2032,123.4813,Knife,100,100,0,0,0,False,True,False,99.84375,13.00781
Ex6TenZ * Razer,CounterTerrorist,2440,2032,123.4813,Knife,100,100,0,0,0,False,True,False,99.84375,13.00781
Ex6TenZ * Razer,CounterTerrorist,2440,2032,123.4813,Knife,100,100,0,0,0,False,True,False,99.84375,13.00781
Ex6TenZ * Razer,CounterTerrorist,2440,2032,123.4813,Knife,100,100,0,0,0,False,True,False,99.84375,13.00781
Ex6TenZ * Razer,CounterTerrorist,2440,2032,123.4813,Knife,100,100,0,0,0,False,True,False,99.84375,13.00781
Ex6TenZ * Razer,CounterTerrorist,2440,2032,123.4813,Knife,100,100,0,0,0,False,True,False,99.84375,13.00781
Ex6TenZ * Razer,CounterTerrorist,2440,2032,123.4813,Knife,100,100,0,0,0,False,True,False,99.84375,13.00781
Ex6TenZ * Razer,CounterTerrorist,2440,2032,123.4813,Knife,100,100,0,0,0,False,True,False,99.84375,13.00781
Ex6TenZ * Razer,CounterTerrorist,2440,2032,123.4813,Knife,100,100,0,0,0,False,True,False,99.84375,13.00781
Ex6TenZ * Razer,CounterTerrorist,2440,2032,123.4813,Knife,100,100,0,0,0,False,True,False,99.84375,13.00781
Ex6TenZ * Razer,CounterTerrorist,2440,2032,123.4813,Knife,100,100,0,0,0,False,True,False,99.84375,13.00781
Ex6TenZ * Razer,CounterTerrorist,2440,2032,123.4813,Knife,100,100,0,0,0,False,True,False,99.84375,13.00781
Ex6TenZ * Razer,CounterTerrorist,2440,2032,123.4813,Knife,100,100,0,0,0,False,True,False,99.84375,13.00781
Ex6TenZ * Razer,CounterTerrorist,2440,2032,123.4813,Knife,100,100,0,0,0,False,True,False,99.84375,13.00781
Ex6TenZ * Razer,CounterTerrorist,2440,2032,123.4813,Knife,100,100,0,0,0,False,True,False,99.84375,13.00781
Ex6TenZ * Razer,CounterTerrorist,2439.876,2032.712,123.4801,Knife,100,100,-6.056558,34.78923,0,False,True,False,99.84375,13.00781
Ex6TenZ * Razer,CounterTerrorist,2439.107,2037.127,123.5156,Knife,100,100,-17.03268,97.83674,0,False,True,False,99.84375,13.00781
Ex6TenZ * Razer,CounterTerrorist,2437.724,2045.075,123.6126,Knife,100,100,-25.72421,147.7614,0,False,True,False,99.84375,13.00781
Ex6TenZ * Razer,CounterTerrorist,2435.881,2055.66,123.6975,Knife,100,100,-32.12602,184.5337,0,False,True,False,99.84375,13.00781
Ex6TenZ * Razer,CounterTerrorist,2433.7,2068.188,123.5453,Knife,100,100,-36.84132,211.6186,0,False,True,False,99.84375,13.00781
Ex6TenZ * Razer,CounterTerrorist,2431.27,2082.146,123.3757,Knife,100,100,-40.3144,231.5681,0,False,True,False,99.84375,13.00781
Ex6TenZ * Razer,CounterTerrorist,2428.656,2097.159,123.3544,Knife,100,100,-42.87252,246.2621,0,False,True,False,99.84375,13.00781
Ex6TenZ * Razer,CounterTerrorist,2425.977,2112.552,123.4749,Knife,100,100,-42.87832,246.2954,0,False,True,False,99.84375,13.00781
Ex6TenZ * Razer,CounterTerrorist,2423.297,2127.944,123.8632,Knife,100,100,-42.87832,246.2954,0,False,True,False,99.84375,13.00781
Ex6TenZ * Razer,CounterTerrorist,2420.151,2145.224,124.6125,Knife,100,100,-54.83815,242.501,0,False,True,False,99.84375,13.00781
Ex6TenZ * Razer,CounterTerrorist,2414.947,2159.658,125.2272,Knife,100,100,-103.2375,222.8243,0,False,True,False,99.84375,13.00781
Ex6TenZ * Razer,CounterTerrorist,2407.512,2173.25,125.7892,Knife,100,100,-117.9923,220.4038,0,False,True,False,99.84375,13.00781
Ex6TenZ * Razer,CounterTerrorist,2400.94,2187.417,125.6059,Knife,100,100,-96.6696,230.5536,0,False,True,False,100.8984,13.00781
Ex6TenZ * Razer,CounterTerrorist,2395.983,2200.158,125.2489,Knife,100,100,-87.79588,234.0767,0,False,True,False,107.5781,14.0625
Ex6TenZ * Razer,CounterTerrorist,2389.782,2216.606,124.8628,Knife,100,100,-89.89954,233.2768,0,False,True,False,114.6094,16.52344
Ex6TenZ * Razer,CounterTerrorist,2383.967,2231.108,124.5379,Knife,100,100,-95.52934,231.0285,0,False,True,False,116.7187,17.57813
Ex6TenZ * Razer,CounterTerrorist,2378.605,2243.685,124.2703,Knife,100,100,-99.72472,229.2487,0,False,True,False,116.7187,17.57813
Ex6TenZ * Razer,CounterTerrorist,2372.245,2257.957,123.979,Knife,100,100,-103.1779,227.7154,0,False,True,False,116.7187,17.57813
Ex6TenZ * Razer,CounterTerrorist,2365.705,2272.148,123.699,Knife,100,100,-105.6545,226.577,0,False,True,False,116.7187,17.57813
Ex6TenZ * Razer,CounterTerrorist,2358.152,2288.02,123.3965,Knife,100,100,-109.7222,224.6353,0,False,True,False,120.9375,17.92969
Ex6TenZ * Razer,CounterTerrorist,2351.903,2300.179,123.1812,Knife,100,100,-117.8195,220.4962,0,False,True,False,124.8047,18.98438
Ex6TenZ * Razer,CounterTerrorist,2344.26,2313.806,123.0756,Knife,100,100,-125.3026,216.3314,0,False,True,False,124.8047,18.98438
Ex6TenZ * Razer,CounterTerrorist,2336.244,2327.218,122.6693,Knife,100,100,-130.2769,213.3728,0,False,True,False,124.8047,18.98438
Ex6TenZ * Razer,CounterTerrorist,2326.926,2342.123,122.2164,Knife,100,100,-134.0919,210.9961,0,False,True,False,124.8047,18.98438
Ex6TenZ * Razer,CounterTerrorist,2319.524,2353.618,122.0026,Knife,100,100,-136.2171,209.6304,0,False,True,False,124.8047,18.98438
Ex6TenZ * Razer,CounterTerrorist,2310.93,2366.667,121.7616,Knife,100,100,-138.5594,208.0896,0,False,True,False,125.8594,19.33594
Ex6TenZ * Razer,CounterTerrorist,2301.087,2381.231,121.495,Knife,100,100,-141.0865,206.3846,0,False,True,False,126.2109,18.63281
Ex6TenZ * Razer,CounterTerrorist,2293.319,2392.481,121.4793,Knife,100,100,-142.7146,205.2621,0,False,True,False,126.2109,18.28125
Ex6TenZ * Razer,CounterTerrorist,2284.348,2405.275,122.3571,Knife,100,100,-144.0957,204.295,0,False,True,False,126.2109,18.28125
Ex6TenZ * Razer,CounterTerrorist,2275.306,2418.017,123.0441,Knife,100,100,-145.1043,203.5798,0,False,True,False,126.2109,18.28125
Ex6TenZ * Razer,CounterTerrorist,2266.209,2430.721,123.7123,Knife,100,100,-145.8432,203.0511,0,False,True,False,126.2109,18.28125
Ex6TenZ * Razer,CounterTerrorist,2257.075,2443.397,124.3694,Knife,100,100,-146.3856,202.6605,0,False,True,False,126.2109,18.28125
Ex6TenZ * Razer,CounterTerrorist,2246.764,2457.634,125.1073,Knife,100,100,-146.8258,202.3417,0,False,True,False,126.2109,18.28125
Ex6TenZ * Razer,CounterTerrorist,2237.578,2470.272,125.7584,Knife,100,100,-147.1078,202.1368,0,False,True,False,126.2109,18.28125
Ex6TenZ * Razer,CounterTerrorist,2228.376,2482.9,126.3974,Knife,100,100,-147.3153,201.9856,0,False,True,False,126.2109,18.28125
Ex6TenZ * Razer,CounterTerrorist,2220.302,2493.934,127.2312,Knife,100,100,-148.1158,201.3994,0,False,True,False,127.9687,17.57813
Ex6TenZ * Razer,CounterTerrorist,2210.922,2506.43,128.5386,Knife,100,100,-151.9193,198.546,0,False,True,False,131.1328,16.52344
Ex6TenZ * Razer,CounterTerrorist,2203.075,2519.734,129.9131,Knife,100,100,-107.0423,222.9245,0,False,True,False,131.4844,16.52344
Ex6TenZ * Razer,CounterTerrorist,2197.25,2534.17,130.3313,Knife,100,100,-95.98164,230.8409,0,False,True,False,131.4844,16.52344
Ex6TenZ * Razer,CounterTerrorist,2190.436,2548.225,129.8073,Knife,100,100,-117.9335,220.4353,0,False,True,False,131.4844,16.52344
Ex6TenZ * Razer,CounterTerrorist,2181.462,2563.335,129.0315,Knife,100,100,-134.4016,210.799,0,False,True,False,131.8359,16.52344
Ex6TenZ * Razer,CounterTerrorist,2172.616,2576.212,128.6314,Knife,100,100,-147.3732,201.9435,0,False,True,False,137.1094,16.17188
Ex6TenZ * Razer,CounterTerrorist,2164.139,2586.935,128.194,Knife,100,100,-161.0699,191.1975,0,False,True,False,143.7891,14.76563
Ex6TenZ * Razer,CounterTerrorist,2153.559,2598.425,128.5556,Knife,100,100,-175.3208,177.9195,0,False,True,False,144.4922,14.41406
Ex6TenZ * Razer,CounterTerrorist,2142.26,2609.216,127.4333,Knife,100,100,-184.3767,168.8349,0,False,True,False,144.4922,14.41406
Ex6TenZ * Razer,CounterTerrorist,2130.518,2619.522,126.5529,Knife,100,100,-190.2217,162.2212,0,False,True,False,144.4922,14.41406
Ex6TenZ * Razer,CounterTerrorist,2119.555,2630.5,126.1664,Knife,100,100,-159.1598,189.896,0,False,True,False,144.1406,14.76563
Ex6TenZ * Razer,CounterTerrorist,2110.545,2643.194,126.5709,Knife,100,100,-142.4354,205.456,0,False,True,False,144.1406,15.11719
Ex6TenZ * Razer,CounterTerrorist,2099.614,2656.949,127.072,Knife,100,100,-164.3444,188.3903,0,False,True,False,144.1406,15.11719
Ex6TenZ * Razer,CounterTerrorist,2090.26,2666.917,127.3472,Knife,100,100,-175.5271,178.0175,0,False,True,False,144.1406,15.11719
Ex6TenZ * Razer,CounterTerrorist,2079.566,2678.257,127.3461,Knife,100,100,-157.6125,192.7377,0,False,True,False,143.0859,16.875
Ex6TenZ * Razer,CounterTerrorist,2070.908,2691.218,127.0869,Knife,100,100,-124.0932,217.0274,0,False,True,False,140.2734,20.74219
Ex6TenZ * Razer,CounterTerrorist,2063.422,2704.929,126.9638,Knife,100,100,-127.6734,214.9407,0,False,True,False,136.4063,24.60938
Ex6TenZ * Razer,CounterTerrorist,2054.857,2717.994,126.8831,Knife,100,100,-143.0353,205.0388,0,False,True,False,133.9453,27.07031
Ex6TenZ * Razer,CounterTerrorist,2044.367,2732.096,126.6971,Knife,100,100,-153.5348,197.2994,0,False,True,False,134.2969,30.58594
Ex6TenZ * Razer,CounterTerrorist,2034.49,2744.202,126.4952,Knife,100,100,-161.7323,190.6375,0,False,True,False,137.8125,33.04688
Ex6TenZ * Razer,CounterTerrorist,2025.299,2754.319,126.0042,Knife,100,100,-174.2537,179.2642,0,False,True,False,151.1719,34.45313
Ex6TenZ * Razer,CounterTerrorist,2013.602,2764.658,126.2493,Knife,100,100,-197.9592,152.6833,0,False,True,False,168.75,35.15625
Ex6TenZ * Razer,CounterTerrorist,1998.71,2773.958,126.2895,Knife,100,100,-221.2323,116.4314,0,False,True,False,174.375,35.85938
Ex6TenZ * Razer,CounterTerrorist,1986.263,2779.603,126.3592,Knife,100,100,-231.4813,94.42679,0,False,True,False,172.6172,36.21094
Ex6TenZ * Razer,CounterTerrorist,1969.703,2785.486,126.5859,Knife,100,100,-238.0558,76.35078,0,False,True,False,170.8594,35.50781
Ex6TenZ * Razer,CounterTerrorist,1956.583,2789.326,126.8331,Knife,100,100,-241.213,65.69842,0,False,True,False,172.6172,33.04688
Ex6TenZ * Razer,CounterTerrorist,1941.405,2793.033,127.0918,Knife,100,100,-243.9564,54.63776,0,False,True,False,173.6719,28.125
Ex6TenZ * Razer,CounterTerrorist,1924.19,2796.585,127.2001,Knife,100,100,-245.3423,48.03313,0,False,True,False,171.9141,25.3125
Ex6TenZ * Razer,CounterTerrorist,1910.753,2799.106,126.8993,Knife,100,100,-245.9534,44.79883,0,False,True,False,171.9141,25.3125
Ex6TenZ * Razer,CounterTerrorist,1895.962,2803.579,126.467,Knife,100,100,-228.8315,92.28297,0,False,True,False,171.9141,25.3125
Ex6TenZ * Razer,CounterTerrorist,1882.178,2810.702,126.701,Knife,100,100,-214.2045,128.9047,0,False,True,False,171.9141,25.3125
Ex6TenZ * Razer,CounterTerrorist,1869.365,2819.629,126.7789,Knife,100,100,-198.2136,152.3527,0,False,True,False,171.5625,25.3125
Ex6TenZ * Razer,CounterTerrorist,1856.471,2828.43,126.8407,Knife,100,100,-214.834,127.8528,0,False,True,False,169.8047,23.55469
Ex6TenZ * Razer,CounterTerrorist,1842.584,2835.578,126.6835,Knife,100,100,-226.9034,104.9517,0,False,True,False,169.1016,21.44531
Ex6TenZ * Razer,CounterTerrorist,1828.139,2841.524,126.1943,Knife,100,100,-233.8683,88.3494,0,False,True,False,168.75,20.03906
Ex6TenZ * Razer,CounterTerrorist,1813.368,2846.616,125.4641,Knife,100,100,-237.9358,76.72376,0,False,True,False,168.75,19.33594
Ex6TenZ * Razer,CounterTerrorist,1798.406,2851.117,124.6867,Knife,100,100,-240.3395,68.82535,0,False,True,False,168.75,19.33594
Ex6TenZ * Razer,CounterTerrorist,1783.329,2855.219,123.1762,Knife,100,100,-241.821,63.42397,0,False,True,False,168.75,19.33594
Ex6TenZ * Razer,CounterTerrorist,1768.416,2859.588,121.7159,Knife,100,100,-230.9091,87.0735,0,False,True,False,168.75,19.33594
Ex6TenZ * Razer,CounterTerrorist,1754.655,2866.537,121.7542,Knife,100,100,-212.6546,128.0974,0,False,True,False,168.75,19.33594
Ex6TenZ * Razer,CounterTerrorist,1740.82,2873.772,121.8389,Knife,100,100,-226.1635,106.5367,0,False,True,False,168.75,19.33594
Ex6TenZ * Razer,CounterTerrorist,1726.417,2879.822,122.2243,Knife,100,100,-233.2474,89.97585,0,False,True,False,168.75,19.33594
Ex6TenZ * Razer,CounterTerrorist,1711.678,2885.005,122.8428,Knife,100,100,-237.5119,78.02616,0,False,True,False,168.75,18.98438
Ex6TenZ * Razer,CounterTerrorist,1696.727,2889.54,123.6027,Knife,100,100,-240.5773,67.98925,0,False,True,False,171.9141,17.92969
Ex6TenZ * Razer,CounterTerrorist,1681.537,2893.18,124.3542,Knife,100,100,-245.2691,48.405,0,False,True,False,185.625,16.875
Ex6TenZ * Razer,CounterTerrorist,1666.066,2895.326,124.4681,Knife,100,100,-248.8172,24.29015,0,False,True,False,188.0859,16.52344
Ex6TenZ * Razer,CounterTerrorist,1650.469,2896.197,124.4841,Knife,100,100,-249.9086,6.76018,0,False,True,False,188.0859,16.52344
Ex6TenZ * Razer,CounterTerrorist,1634.845,2896.163,124.4346,Knife,100,100,-249.9371,-5.608585,0,False,True,False,188.0859,16.52344
Ex6TenZ * Razer,CounterTerrorist,1619.235,2895.497,124.3594,Knife,100,100,-249.6041,-14.06332,0,False,True,False,188.0859,16.52344
Ex6TenZ * Razer,CounterTerrorist,1603.648,2894.407,124.2752,Knife,100,100,-249.2221,-19.7064,0,False,True,False,187.7344,16.875
Ex6TenZ * Razer,CounterTerrorist,1588.075,2893.13,124.1871,Knife,100,100,-249.2414,-19.46059,0,False,True,False,180.3516,15.82031
Ex6TenZ * Razer,CounterTerrorist,1572.47,2892.412,124.1101,Knife,100,100,-249.9843,-2.803932,0,False,True,False,165.5859,11.95313
Ex6TenZ * Razer,CounterTerrorist,1556.868,2893.139,123.9686,Knife,100,100,-249.5296,15.32832,0,False,True,False,150.8203,7.382813
Ex6TenZ * Razer,CounterTerrorist,1541.248,2893.251,123.8092,Knife,100,100,-249.8694,-8.078818,0,False,True,False,151.875,7.03125
Ex6TenZ * Razer,CounterTerrorist,1529.652,2887.717,123.5281,Knife,100,100,-147.5656,-141.6793,0,False,True,False,170.1563,9.492188
Ex6TenZ * Razer,CounterTerrorist,1519.432,2879.088,123.1717,Knife,100,100,-178.6864,-126.9821,0,False,True,False,190.5469,11.95313
Ex6TenZ * Razer,CounterTerrorist,1507.242,2871.755,122.8323,Knife,100,100,-206.4644,-110.8727,0,False,True,False,193.3594,11.25
Ex6TenZ * Razer,CounterTerrorist,1493.589,2865.247,122.5408,Knife,100,100,-226.837,-99.39317,0,False,True,False,193.3594,11.25
Ex6TenZ * Razer,CounterTerrorist,1479.093,2859.438,122.2717,Knife,100,100,-234.0484,-87.8711,0,False,True,False,193.3594,11.25
Ex6TenZ * Razer,CounterTerrorist,1464.348,2854.272,122.025,Knife,100,100,-237.1534,-79.10919,0,False,True,False,193.3594,11.25
Ex6TenZ * Razer,CounterTerrorist,1449.465,2849.515,121.9264,Knife,100,100,-238.6382,-74.51046,0,False,True,False,195.4688,11.60156
Ex6TenZ * Razer,CounterTerrorist,1434.544,2844.878,122.2246,Knife,100,100,-238.6128,-74.59164,0,False,True,False,198.9844,11.25
Ex6TenZ * Razer,CounterTerrorist,1419.472,2841.178,122.2607,Knife,100,100,-244.3242,-37.86632,0,False,True,False,201.4453,10.89844
Ex6TenZ * Razer,CounterTerrorist,1403.977,2840.292,121.9599,Knife,100,100,-249.9886,2.385607,0,False,True,False,201.7969,10.89844
Ex6TenZ * Razer,CounterTerrorist,1388.361,2840.235,121.5599,Knife,100,100,-249.6226,-13.73084,0,False,True,False,201.7969,10.89844
Ex6TenZ * Razer,CounterTerrorist,1372.839,2838.488,121.3581,Knife,100,100,-247.1295,-37.77562,0,False,True,False,201.7969,10.89844
Ex6TenZ * Razer,CounterTerrorist,1357.505,2835.504,121.3044,Knife,100,100,-243.9689,-54.58172,0,False,True,False,201.7969,10.89844
Ex6TenZ * Razer,CounterTerrorist,1342.361,2831.661,121.3444,Knife,100,100,-241.0582,-66.26406,0,False,True,False,201.7969,10.89844
Ex6TenZ * Razer,CounterTerrorist,1327.38,2827.225,121.479,Knife,100,100,-238.7555,-74.13376,0,False,True,False,201.7969,10.89844
Ex6TenZ * Razer,CounterTerrorist,1312.52,2822.396,121.6516,Knife,100,100,-237.0454,-79.43227,0,False,True,False,201.7969,10.89844
Ex6TenZ * Razer,CounterTerrorist,1297.752,2817.294,122.2812,Knife,100,100,-235.767,-83.14999,0,False,True,False,201.7969,10.89844
Ex6TenZ * Razer,CounterTerrorist,1283.054,2811.994,123.1243,Knife,100,100,-234.6975,-86.12256,0,False,True,False,202.5,10.89844
Ex6TenZ * Razer,CounterTerrorist,1268.425,2806.504,124.0039,Knife,100,100,-233.683,-88.83828,0,False,True,False,201.7969,12.30469
Ex6TenZ * Razer,CounterTerrorist,1253.821,2800.947,124.8931,Knife,100,100,-233.7086,-88.77085,0,False,True,False,200.3906,12.65625
Ex6TenZ * Razer,CounterTerrorist,1239.209,2795.413,125.7791,Knife,100,100,-233.8566,-88.38031,0,False,True,False,200.3906,12.30469
Ex6TenZ * Razer,CounterTerrorist,1224.589,2789.9,126.662,Knife,100,100,-233.9652,-88.09257,0,False,True,False,200.3906,12.30469
Ex6TenZ * Razer,CounterTerrorist,1209.963,2784.402,127.5428,Knife,100,100,-234.0449,-87.88057,0,False,True,False,200.3906,12.30469
Ex6TenZ * Razer,CounterTerrorist,1195.333,2778.916,128.5109,Knife,100,100,-234.1035,-87.7244,0,False,True,False,200.3906,12.30469
Ex6TenZ * Razer,CounterTerrorist,1180.7,2773.437,128.9487,Knife,100,100,-234.1465,-87.60936,0,False,True,False,200.3906,12.30469
Ex6TenZ * Razer,CounterTerrorist,1166.065,2767.965,129.3199,Knife,100,100,-234.1782,-87.5246,0,False,True,False,200.3906,12.30469
Ex6TenZ * Razer,CounterTerrorist,1151.428,2762.497,129.7296,Knife,100,100,-234.2016,-87.46217,0,False,True,False,200.3906,12.30469
Ex6TenZ * Razer,CounterTerrorist,1136.79,2757.032,130.139,Knife,100,100,-234.2187,-87.41618,0,False,True,False,200.3906,12.30469
Ex6TenZ * Razer,CounterTerrorist,1122.407,2751.665,130.5412,HE,100,100,-229.546,-85.63654,0,False,True,False,200.3906,12.30469
Ex6TenZ * Razer,CounterTerrorist,1108.06,2746.314,130.9422,HE,100,100,-229.5553,-85.6116,0,False,True,False,200.3906,12.30469
Ex6TenZ * Razer,CounterTerrorist,1093.713,2740.964,131.4503,HE,100,100,-229.5622,-85.59321,0,False,True,False,200.3906,12.30469
Ex6TenZ * Razer,CounterTerrorist,1079.365,2735.615,132.0007,HE,100,100,-229.5672,-85.57967,0,False,True,False,200.3906,12.30469
Ex6TenZ * Razer,CounterTerrorist,1064.833,2730.198,132.558,Knife,100,100,-234.2563,-87.31545,0,False,True,False,200.3906,12.30469
Ex6TenZ * Razer,CounterTerrorist,1050.192,2724.74,133.0145,Knife,100,100,-234.259,-87.3081,0,False,True,False,200.3906,12.30469
Ex6TenZ * Razer,CounterTerrorist,1035.55,2719.283,133.4665,Knife,100,100,-234.261,-87.3027,0,False,True,False,200.3906,12.30469
Ex6TenZ * Razer,CounterTerrorist,1020.908,2713.826,133.9185,Knife,100,100,-234.2625,-87.29872,0,False,True,False,200.3906,12.30469
Ex6TenZ * Razer,CounterTerrorist,1006.56,2708.479,134.3615,HE,100,100,-229.5782,-85.55003,0,False,True,False,200.3906,12.30469
Ex6TenZ * Razer,CounterTerrorist,992.2112,2703.131,134.8044,HE,100,100,-229.5791,-85.54787,0,False,True,False,200.3906,12.30469
Ex6TenZ * Razer,CounterTerrorist,977.8625,2697.784,135.2473,HE,100,100,-229.5797,-85.54626,0,False,True,False,200.3906,12.30469
Ex6TenZ * Razer,CounterTerrorist,963.5139,2692.439,138.0313,HE,100,100,-229.5801,-85.54509,0,False,True,False,200.3906,12.30469
Ex6TenZ * Razer,CounterTerrorist,948.9655,2688.132,139.2482,HE,100,100,-236.4118,-46.72791,0,False,True,False,201.7969,13.00781
Ex6TenZ * Razer,CounterTerrorist,933.8955,2686.638,139.7691,HE,100,100,-244.7955,-10.00834,0,False,True,False,210.9375,16.875
Ex6TenZ * Razer,CounterTerrorist,918.7203,2684.928,140.3288,HE,100,100,-240.0351,-47.08194,0,False,True,False,220.7813,19.6875
Ex6TenZ * Razer,CounterTerrorist,904.034,2680.65,141.6635,HE,100,100,-230.467,-83.12616,0,False,True,False,221.1328,19.6875
Ex6TenZ * Razer,CounterTerrorist,890.9902,2673.911,141.7254,HE,100,100,-185.1327,-130.1626,0,False,True,False,221.1328,19.6875
Ex6TenZ * Razer,CounterTerrorist,881.0203,2664.276,142.7044,HE,100,100,-141.5371,-170.9949,0,False,True,False,221.1328,19.6875
Ex6TenZ * Razer,CounterTerrorist,873.3738,2652.511,142.8045,HE,100,100,-107.764,-200.2953,0,False,True,False,225.7031,21.09375
Ex6TenZ * Razer,CounterTerrorist,867.8993,2639.176,144.0313,HE,100,100,-71.73734,-222.3809,0,False,True,False,234.1406,20.74219
Ex6TenZ * Razer,CounterTerrorist,864.6167,2624.71,144.0313,HE,100,100,-38.5055,-237.7139,0,False,True,False,236.6016,19.33594
Ex6TenZ * Razer,CounterTerrorist,863.163,2609.526,144.0313,HE,100,100,-12.3808,-244.687,0,False,True,False,236.9531,18.28125
Ex6TenZ * Razer,CounterTerrorist,863.095,2594.217,144.0313,HE,100,100,6.731586,-244.9075,0,False,True,False,236.9531,18.28125
Ex6TenZ * Razer,CounterTerrorist,864.0132,2578.934,144.0313,HE,100,100,20.18714,-244.1669,0,False,True,False,236.9531,18.28125
Ex6TenZ * Razer,CounterTerrorist,865.6214,2563.707,144.0313,HE,100,100,29.4963,-243.2179,0,False,True,False,236.9531,18.28125
Ex6TenZ * Razer,CounterTerrorist,867.6959,2548.536,144.0313,HE,100,100,35.73454,-242.38,0,False,True,False,237.3047,18.28125
Ex6TenZ * Razer,CounterTerrorist,870.108,2533.415,144.0313,HE,100,100,40.87108,-241.5669,0,False,True,False,238.711,17.57813
Ex6TenZ * Razer,CounterTerrorist,872.2864,2518.323,144.0313,HE,100,100,17.51212,-242.0753,0,False,True,False,240.4688,17.22656
Ex6TenZ * Razer,CounterTerrorist,871.8798,2503.116,144.0313,HE,100,100,-23.07619,-243.9108,0,False,True,False,241.875,16.17188
Ex6TenZ * Razer,CounterTerrorist,869.4037,2488.013,144.0313,HE,100,100,-50.98928,-239.6353,0,False,True,False,242.2266,15.46875
Ex6TenZ * Razer,CounterTerrorist,865.4891,2473.214,144.0313,HE,100,100,-70.79987,-234.5472,0,False,True,False,241.5234,14.76563
Ex6TenZ * Razer,CounterTerrorist,860.4982,2458.74,144.0313,HE,100,100,-86.66501,-229.1597,0,False,True,False,238.711,13.71094
Ex6TenZ * Razer,CounterTerrorist,854.5605,2444.629,144.0313,HE,100,100,-101.1899,-223.1269,0,False,True,False,235.8984,12.65625
Ex6TenZ * Razer,CounterTerrorist,847.8185,2430.882,144.0313,HE,100,100,-112.491,-217.6483,0,False,True,False,235.5469,12.30469
Ex6TenZ * Razer,CounterTerrorist,840.5017,2417.431,144.0313,HE,100,100,-120.1459,-213.5181,0,False,True,False,235.5469,12.30469
Ex6TenZ * Razer,CounterTerrorist,832.0375,2404.922,144.0313,HE,100,100,-153.2463,-182.629,0,False,True,False,235.5469,12.30469
Ex6TenZ * Razer,CounterTerrorist,821.5635,2394.243,144.0313,HE,100,100,-169.8689,-174.4706,0,False,True,False,235.5469,12.30469
Ex6TenZ * Razer,CounterTerrorist,811.7571,2382.745,141.9135,HE,100,100,-134.8293,-194.5516,0,False,True,False,235.5469,12.30469
Ex6TenZ * Razer,CounterTerrorist,805.149,2369.751,138.6095,HE,100,100,-85.30123,-217.2847,0,False,True,False,235.5469,12.30469
Ex6TenZ * Razer,CounterTerrorist,801.1567,2355.556,136.6133,HE,100,100,-48.87252,-234.0387,0,False,True,False,235.5469,12.30469
Ex6TenZ * Razer,CounterTerrorist,799.0342,2340.507,135.4569,HE,100,100,-24.05892,-243.8159,0,False,True,False,232.3828,10.19531
Ex6TenZ * Razer,CounterTerrorist,798.009,2325.23,130.4323,HE,100,100,-12.70044,-244.6706,0,False,True,False,225.3516,7.382813
Ex6TenZ * Razer,CounterTerrorist,797.2916,2309.934,131.1529,HE,100,100,-10.84137,-244.76,0,False,True,False,223.2422,6.679688
Ex6TenZ * Razer,CounterTerrorist,796.6537,2294.635,131.8823,HE,100,100,-9.759176,-244.8056,0,False,True,False,223.2422,6.679688
Ex6TenZ * Razer,CounterTerrorist,797.6207,2279.618,132.3432,HE,100,100,38.74064,-236.0751,0,False,True,False,223.2422,6.679688
Ex6TenZ * Razer,CounterTerrorist,801.5679,2265.138,133.0991,HE,100,100,80.2951,-228.5736,0,False,True,False,223.2422,6.679688
Ex6TenZ * Razer,CounterTerrorist,804.325,2254.656,133.2951,HE,100,100,13.45792,-119.2132,0,False,True,False,222.8906,6.679688
Ex6TenZ * Razer,CounterTerrorist,803.17,2250.409,133.2294,HE,100,100,-40.3047,-31.09696,0,False,True,False,222.8906,7.03125
Ex6TenZ * Razer,CounterTerrorist,799.3359,2250.854,132.9898,HE,100,100,-77.21855,33.19636,0,False,True,False,222.8906,7.03125
Ex6TenZ * Razer,CounterTerrorist,793.3794,2254.638,132.4386,HE,100,100,-108.0007,79.7365,0,False,True,False,222.8906,7.03125
Ex6TenZ * Razer,CounterTerrorist,785.7968,2260.881,131.4694,HE,100,100,-130.6734,114.0159,0,False,True,False,222.8906,7.03125
Ex6TenZ * Razer,CounterTerrorist,777.0164,2268.934,130.3288,HE,100,100,-147.3732,139.2647,0,False,True,False,222.8906,7.03125
Ex6TenZ * Razer,CounterTerrorist,770.7452,2274.934,129.5086,HE,100,100,-75.99725,72.79753,0,False,True,False,222.8906,7.03125
Ex6TenZ * Razer,CounterTerrorist,766.8199,2278.682,128.9953,HE,100,100,-48.39424,45.42093,0,False,True,False,222.8906,7.03125
Ex6TenZ * Razer,CounterTerrorist,765.4752,2279.825,128.8224,HE,100,100,-0.1093313,-2.125124,0,False,True,False,222.8906,7.03125
Ex6TenZ * Razer,CounterTerrorist,766.1412,2279.1,128.9117,HE,100,100,17.46335,-19.00832,0,False,True,False,222.5391,6.679688
Ex6TenZ * Razer,CounterTerrorist,768.0456,2277.027,129.1664,HE,100,100,46.6375,-50.76732,0,False,True,False,222.5391,6.679688
Ex6TenZ * Razer,CounterTerrorist,772.3715,2272.318,129.745,HE,100,100,85.17545,-92.71893,0,False,True,False,222.5391,6.679688
Ex6TenZ * Razer,CounterTerrorist,778.7417,2265.384,130.597,HE,100,100,113.6785,-123.7468,0,False,True,False,222.5391,6.679688
Ex6TenZ * Razer,CounterTerrorist,786.6174,2256.81,131.6503,HE,100,100,134.6596,-146.6125,0,False,True,False,222.5391,6.679688
Ex6TenZ * Razer,CounterTerrorist,794.2466,2248.502,132.6708,HE,100,100,89.10569,-96.95438,0,False,True,False,222.1875,7.03125
Ex6TenZ * Razer,CounterTerrorist,797.0585,2245.457,132.8413,HE,100,100,12.60944,-13.35471,0,False,True,False,222.1875,7.03125
Ex6TenZ * Razer,CounterTerrorist,795.8931,2246.742,132.7746,HE,100,100,-37.80425,41.49177,0,False,True,False,222.1875,7.03125
Ex6TenZ * Razer,CounterTerrorist,792.0751,2250.929,132.3789,HE,100,100,-77.95495,85.47122,0,False,True,False,222.1875,7.03125
Ex6TenZ * Razer,CounterTerrorist,786.0931,2257.487,131.5779,HE,100,100,-108.1768,118.5764,0,False,True,False,222.1875,7.03125
Ex6TenZ * Razer,CounterTerrorist,778.5146,2265.793,130.563,HE,100,100,-130.4369,142.9601,0,False,True,False,222.1875,7.03125
Ex6TenZ * Razer,CounterTerrorist,769.9275,2275.204,129.4131,HE,100,100,-132.6531,145.3819,0,False,True,False,222.1875,7.03125
Ex6TenZ * Razer,CounterTerrorist,764.7839,2280.842,128.8272,HE,100,100,-46.94789,51.45998,0,False,True,False,222.1875,7.03125
Ex6TenZ * Razer,CounterTerrorist,764.3131,2281.358,128.8524,HE,100,100,17.88408,-19.59762,0,False,True,False,222.1875,7.03125
Ex6TenZ * Razer,CounterTerrorist,765.3492,2280.222,128.8,HE,100,100,9.942623,-10.89526,0,False,True,False,222.1875,7.03125
Ex6TenZ * Razer,CounterTerrorist,765.5118,2280.044,128.8193,HE,100,100,0,0,0,False,True,False,222.1875,7.03125
Ex6TenZ * Razer,CounterTerrorist,765.9874,2279.523,128.8854,HE,100,100,23.2135,-25.43767,0,False,True,False,222.1875,7.03125
Ex6TenZ * Razer,CounterTerrorist,768.9315,2276.297,129.2797,HE,100,100,65.3079,-71.56529,0,False,True,False,222.1875,7.03125
Ex6TenZ * Razer,CounterTerrorist,774.2454,2270.473,129.9912,HE,100,100,98.86154,-108.3339,0,False,True,False,222.1875,7.03125
Ex6TenZ * Razer,CounterTerrorist,781.1646,2262.891,130.9178,HE,100,100,109.3961,-119.8778,0,False,True,False,222.1875,7.03125
Ex6TenZ * Razer,CounterTerrorist,786.138,2257.441,131.5838,HE,100,100,47.05989,-51.5689,0,False,True,False,222.1875,7.03125
Ex6TenZ * Razer,CounterTerrorist,786.4318,2257.119,131.6231,HE,100,100,-23.2135,25.43767,0,False,True,False,222.1875,7.03125
Ex6TenZ * Razer,CounterTerrorist,783.9979,2259.786,131.2972,HE,100,100,-60.34561,66.12754,0,False,True,False,222.1875,7.03125
Ex6TenZ * Razer,CounterTerrorist,779.0191,2265.242,130.6305,HE,100,100,-85.87729,94.10553,0,False,True,False,222.1875,7.03125
Ex6TenZ * Razer,CounterTerrorist,773.8942,2270.857,129.9442,HE,100,100,-73.70234,80.76405,0,False,True,False,222.1875,7.03125
Ex6TenZ * Razer,CounterTerrorist,771.0114,2274.016,129.5582,HE,100,100,-25.84087,28.3168,0,False,True,False,222.1875,7.03125
Ex6TenZ * Razer,CounterTerrorist,770.8301,2274.215,129.5339,HE,100,100,8.621264,-9.447298,0,False,True,False,222.1875,7.03125
Ex6TenZ * Razer,CounterTerrorist,771.1029,2273.916,129.5705,HE,100,100,0,0,0,False,True,False,222.1875,7.03125
Ex6TenZ * Razer,CounterTerrorist,771.1029,2273.916,129.5705,HE,100,100,0,0,0,False,True,False,222.1875,7.03125
Ex6TenZ * Razer,CounterTerrorist,771.1029,2273.916,129.5705,HE,100,100,0,0,0,False,True,False,222.1875,7.03125
Ex6TenZ * Razer,CounterTerrorist,771.1029,2273.916,129.5705,HE,100,100,0,0,0,False,True,False,222.1875,7.03125
Ex6TenZ * Razer,CounterTerrorist,771.3972,2273.594,129.6099,HE,100,100,17.88408,-19.59762,0,False,True,False,222.1875,7.03125
Ex6TenZ * Razer,CounterTerrorist,774.0124,2270.728,129.9601,HE,100,100,60.34561,-66.12754,0,False,True,False,222.1875,7.03125
Ex6TenZ * Razer,CounterTerrorist,779.0641,2265.192,130.6365,HE,100,100,95.20654,-104.3287,0,False,True,False,222.1875,7.03125
Ex6TenZ * Razer,CounterTerrorist,785.9009,2257.7,131.552,HE,100,100,113.6583,-124.5484,0,False,True,False,222.1875,7.03125
Ex6TenZ * Razer,CounterTerrorist,791.5748,2251.482,132.3118,HE,100,100,62.84266,-68.86387,0,False,True,False,222.1875,7.03125
Ex6TenZ * Razer,CounterTerrorist,792.9298,2249.997,132.4933,HE,100,100,-7.225254,7.917532,0,False,True,False,222.1875,7.03125
Ex6TenZ * Razer,CounterTerrorist,790.9794,2252.135,132.2321,HE,100,100,-49.86057,54.63789,0,False,True,False,222.1875,7.03125
Ex6TenZ * Razer,CounterTerrorist,785.7689,2257.844,131.5344,HE,100,100,-91.40913,100.1674,0,False,True,False,222.1875,7.03125
Ex6TenZ * Razer,CounterTerrorist,781.0726,2262.99,130.9055,HE,100,100,-85.87729,94.10552,0,False,True,False,222.1875,7.03125
Ex6TenZ * Razer,CounterTerrorist,775.7054,2268.871,130.1868,HE,100,100,-85.87729,94.10552,0,False,True,False,222.1875,7.03125
Ex6TenZ * Razer,CounterTerrorist,770.6692,2274.389,129.5124,HE,100,100,-66.17849,72.51931,0,False,True,False,222.1875,7.03125
Ex6TenZ * Razer,CounterTerrorist,768.2059,2277.089,129.1826,HE,100,100,-19.28536,21.13318,0,False,True,False,222.1875,7.03125
Ex6TenZ * Razer,CounterTerrorist,768.137,2277.164,129.158,HE,100,100,0,0,0,False,True,False,222.1875,7.03125
Ex6TenZ * Razer,CounterTerrorist,768.137,2277.164,129.158,HE,100,100,0,0,0,False,True,False,222.1875,7.03125
Ex6TenZ * Razer,CounterTerrorist,768.137,2277.164,129.158,HE,100,100,0,0,0,False,True,False,222.1875,7.03125
Ex6TenZ * Razer,CounterTerrorist,768.6125,2276.643,129.237,HE,100,100,23.2135,-25.43767,0,False,True,False,222.1875,7.03125
Ex6TenZ * Razer,CounterTerrorist,771.5566,2273.417,129.6313,HE,100,100,65.3079,-71.56529,0,False,True,False,222.1875,7.03125
Ex6TenZ * Razer,CounterTerrorist,776.8705,2267.594,130.3428,HE,100,100,98.86154,-108.3339,0,False,True,False,222.1875,7.03125
Ex6TenZ * Razer,CounterTerrorist,783.6266,2260.19,131.2475,HE,100,100,102.7026,-112.543,0,False,True,False,222.1875,7.03125
Ex6TenZ * Razer,CounterTerrorist,788.5082,2254.841,131.9012,HE,100,100,48.33065,-52.96143,0,False,True,False,222.1875,7.03125
Ex6TenZ * Razer,CounterTerrorist,789.0524,2254.245,131.9741,HE,100,100,-17.05472,18.68879,0,False,True,False,222.1875,7.03125
Ex6TenZ * Razer,CounterTerrorist,786.4887,2257.054,131.6308,HE,100,100,-59.54734,65.25278,0,False,True,False,222.1875,7.03125
Ex6TenZ * Razer,CounterTerrorist,781.4792,2262.544,130.96,HE,100,100,-94.61856,103.6843,0,False,True,False,222.1875,7.03125
Ex6TenZ * Razer,CounterTerrorist,775.2775,2269.34,130.1295,HE,100,100,-78.70434,86.24532,0,False,True,False,222.1875,7.03125
Ex6TenZ * Razer,CounterTerrorist,773.0408,2271.791,129.83,HE,100,100,-3.699443,4.053911,0,False,True,False,222.1875,7.03125
Ex6TenZ * Razer,CounterTerrorist,774.5441,2270.14,130.0314,HE,100,100,42.64083,-46.90026,0,False,True,False,222.1875,7.03125
Ex6TenZ * Razer,CounterTerrorist,778.6135,2265.619,130.5777,HE,100,100,80.91699,-90.68829,0,False,True,False,220.7813,5.625
Ex6TenZ * Razer,CounterTerrorist,784.6663,2258.711,131.3944,HE,100,100,107.7774,-124.6662,0,False,True,False,219.0234,4.570313
Ex6TenZ * Razer,CounterTerrorist,792.0824,2249.963,132.4014,HE,100,100,126.0256,-150.9375,0,False,True,False,217.6172,3.515625
Ex6TenZ * Razer,CounterTerrorist,800.3983,2239.777,133.0562,HE,100,100,137.7147,-171.6288,0,False,True,False,215.8594,2.109375
Ex6TenZ * Razer,CounterTerrorist,807.8061,2228.088,133.3941,HE,100,100,96.93571,-199.0944,0,False,True,False,213.75,1.054688
Ex6TenZ * Razer,CounterTerrorist,811.5994,2215.394,136.0368,HE,100,100,24.09983,-198.1294,0,False,True,False,211.6406,359.2969
Ex6TenZ * Razer,CounterTerrorist,810.4904,2203.524,137.4017,HE,100,100,-47.35254,-183.7637,0,False,True,False,209.1797,357.8906
Ex6TenZ * Razer,CounterTerrorist,805.5662,2192.483,138.6712,HE,100,100,-100.9492,-171.4726,0,False,True,False,208.125,356.8359
Ex6TenZ * Razer,CounterTerrorist,797.7945,2182.123,139.8626,HE,100,100,-140.7999,-161.7293,0,False,True,False,208.125,355.7813
Ex6TenZ * Razer,CounterTerrorist,787.9127,2172.341,132.0456,HE,100,100,-170.2806,-152.6575,0,False,True,False,207.7734,355.4297
Ex6TenZ * Razer,CounterTerrorist,776.4797,2162.971,131.4398,HE,100,100,-191.7065,-148.167,0,False,True,False,208.8281,353.6719
Ex6TenZ * Razer,CounterTerrorist,764.1938,2153.97,130.7934,HE,100,100,-192.1163,-136.7438,0,False,True,False,209.5313,352.6172
Ex6TenZ * Razer,CounterTerrorist,753.458,2147.788,130.3266,HE,100,100,-165.9298,-57.4102,0,False,True,False,209.5313,352.6172
Ex6TenZ * Razer,CounterTerrorist,743.3309,2147.162,130.3122,HE,100,100,-159.3825,23.20393,0,False,True,False,209.8828,354.0234
Ex6TenZ * Razer,CounterTerrorist,732.9092,2151.553,130.2593,HE,100,100,-124.8511,92.65177,0,False,True,False,211.6406,359.6484
Ex6TenZ * Razer,CounterTerrorist,727.5155,2158.037,130.3212,HE,100,100,-80.86921,136.3751,0,False,True,False,212.6953,2.8125
Ex6TenZ * Razer,CounterTerrorist,723.8102,2167.947,130.4851,P250,100,100,-44.19898,174.1644,0,False,True,False,213.3984,3.867188
Ex6TenZ * Razer,CounterTerrorist,722.0247,2179.8,130.7226,P250,100,100,-17.59742,200.5136,0,False,True,False,213.3984,3.867188
Ex6TenZ * Razer,CounterTerrorist,721.6443,2193.045,131.0021,P250,100,100,1.996124,219.9214,0,False,True,False,213.3984,3.867188
Ex6TenZ * Razer,CounterTerrorist,722.2991,2207.315,131.2151,P250,100,100,16.42787,234.2162,0,False,True,False,213.3984,3.867188
Ex6TenZ * Razer,CounterTerrorist,723.7008,2222.199,131.4372,P250,100,100,26.33723,238.5505,0,False,True,False,213.3984,3.867188
Ex6TenZ * Razer,CounterTerrorist,725.582,2237.08,131.6593,P250,100,100,32.68478,237.764,0,False,True,False,213.0469,3.867188
Ex6TenZ * Razer,CounterTerrorist,726.6443,2251.926,131.8229,P250,100,100,-3.178942,237.6511,0,False,True,False,210.5859,3.867188
Ex6TenZ * Razer,CounterTerrorist,725.2075,2266.809,131.8599,P250,100,100,-35.41571,237.3725,0,False,True,False,203.9063,4.21875
Ex6TenZ * Razer,CounterTerrorist,722.4268,2281.547,131.9434,P250,100,100,-49.34644,234.8721,0,False,True,False,197.2266,4.921875
Ex6TenZ * Razer,CounterTerrorist,719.1669,2296.187,132.0965,P250,100,100,-53.58058,233.8697,0,False,True,False,195.8203,4.921875
Ex6TenZ * Razer,CounterTerrorist,716.7495,2306.405,132.1614,P250,100,100,-29.57776,121.2444,0,False,True,False,196.1719,4.570313
Ex6TenZ * Razer,CounterTerrorist,714.8474,2313.97,132.2309,P250,100,100,-31.02779,120.8814,0,False,True,False,196.1719,4.570313
Ex6TenZ * Razer,CounterTerrorist,712.8695,2321.515,132.3134,P250,100,100,-32.07888,120.6067,0,False,True,False,196.1719,4.570313
Ex6TenZ * Razer,CounterTerrorist,710.916,2329.066,132.3974,P250,100,100,-28.80442,121.4304,0,False,True,False,180.3516,5.976563
Ex6TenZ * Razer,CounterTerrorist,710.1025,2337.736,132.2726,P250,100,100,6.606374,151.4959,0,False,True,False,138.1641,4.21875
Ex6TenZ * Razer,CounterTerrorist,712.6381,2347.308,131.5907,P250,100,100,66.97218,150.5053,0,False,True,False,115.6641,2.109375
Ex6TenZ * Razer,CounterTerrorist,717.9556,2357.023,130.4698,P250,100,100,88.21929,167.5457,0,False,True,False,115.3125,1.757813
Ex6TenZ * Razer,CounterTerrorist,723.5208,2368.427,129.3697,P250,100,100,89.62074,192.9332,0,False,True,False,115.3125,1.757813
Ex6TenZ * Razer,CounterTerrorist,729.16,2381.172,128.2844,P250,100,100,90.65299,211.6326,0,False,True,False,115.3125,1.757813
Ex6TenZ * Razer,CounterTerrorist,734.8419,2394.864,127.1654,P250,100,100,90.55782,222.2595,0,False,True,False,114.2578,1.757813
Ex6TenZ * Razer,CounterTerrorist,740.6971,2408.673,126.0213,P250,100,100,98.53979,218.8376,0,False,True,False,100.5469,2.109375
Ex6TenZ * Razer,CounterTerrorist,747.4274,2422.074,124.78,P250,100,100,114.7183,210.8073,0,False,True,False,94.92187,2.109375
Ex6TenZ * Razer,CounterTerrorist,753.6346,2435.701,123.8272,P250,100,100,83.15711,225.1331,0,False,True,False,94.92187,2.109375
Ex6TenZ * Razer,CounterTerrorist,757.7415,2450.118,123.9801,P250,100,100,53.41403,233.9806,0,False,True,False,94.92187,2.109375
Ex6TenZ * Razer,CounterTerrorist,760.2779,2464.896,125.1795,P250,100,100,31.64157,237.9051,0,False,True,False,94.92187,2.109375
Ex6TenZ * Razer,CounterTerrorist,761.6605,2479.83,126.2439,P250,100,100,14.64563,239.5527,0,False,True,False,99.14063,2.109375
Ex6TenZ * Razer,CounterTerrorist,763.5668,2494.704,127.3702,P250,100,100,36.7015,237.1772,0,False,True,False,122.6953,2.460938
Ex6TenZ * Razer,CounterTerrorist,765.9296,2509.516,128.5498,P250,100,100,38.4097,236.9065,0,False,True,False,124.8047,1.757813
Ex6TenZ * Razer,CounterTerrorist,768.3679,2524.317,129.7383,P250,100,100,39.43689,236.7377,0,False,True,False,124.8047,1.757813
Ex6TenZ * Razer,CounterTerrorist,770.8605,2539.108,130.3891,P250,100,100,40.19163,236.6107,0,False,True,False,124.8047,1.757813
Ex6TenZ * Razer,CounterTerrorist,773.3593,2553.898,130.7014,P250,100,100,38.4527,236.8995,0,False,True,False,131.4844,2.109375
Ex6TenZ * Razer,CounterTerrorist,775.119,2568.789,130.9214,P250,100,100,22.52563,238.9406,0,False,True,False,154.6875,2.109375
Ex6TenZ * Razer,CounterTerrorist,777.316,2583.623,131.196,P250,100,100,43.5489,236.0159,0,False,True,False,157.8516,1.40625
Ex6TenZ * Razer,CounterTerrorist,780.5654,2598.264,131.6022,P250,100,100,57.80302,232.9352,0,False,True,False,157.8516,1.40625
Ex6TenZ * Razer,CounterTerrorist,785.0798,2614.523,132.1665,P250,100,100,68.56718,229.9968,0,False,True,False,158.2031,1.40625
Ex6TenZ * Razer,CounterTerrorist,788.8788,2627.086,132.5173,P250,100,100,67.96711,230.1749,0,False,True,False,169.8047,3.164063
Ex6TenZ * Razer,CounterTerrorist,793.3051,2641.411,132.7185,P250,100,100,82.71665,225.2953,0,False,True,False,183.8672,4.21875
Ex6TenZ * Razer,CounterTerrorist,799.7352,2654.555,133.1251,P250,100,100,123.6969,190.9505,0,False,True,False,189.4922,4.570313
Ex6TenZ * Razer,CounterTerrorist,808.9399,2665.096,133.8308,P250,100,100,163.8301,153.0114,0,False,True,False,189.4922,4.570313
Ex6TenZ * Razer,CounterTerrorist,820.2647,2673.634,134.4984,P250,100,100,193.3818,125.1178,0,False,True,False,189.8437,4.570313
Ex6TenZ * Razer,CounterTerrorist,833.1389,2680.761,138.0313,P250,100,100,214.6959,106.9295,0,False,True,False,193.0078,5.625
Ex6TenZ * Razer,CounterTerrorist,846.7962,2686.959,138.0313,P250,100,100,220.7962,94.06945,0,False,True,False,195.4688,7.03125
Ex6TenZ * Razer,CounterTerrorist,857.3654,2691.231,138.0313,P250,100,100,116.4544,44.87107,0,False,True,False,195.4688,7.03125
Ex6TenZ * Razer,CounterTerrorist,864.6883,2693.916,138.0313,P250,100,100,117.6423,41.65729,0,False,True,False,195.4688,7.03125
Ex6TenZ * Razer,CounterTerrorist,872.0731,2696.405,135.7452,P250,100,100,118.8467,35.36568,0,False,True,False,195.4688,7.03125
Ex6TenZ * Razer,CounterTerrorist,879.6285,2697.551,135.9325,P250,100,100,122.3183,6.383236,0,False,True,False,195.4688,7.03125
Ex6TenZ * Razer,CounterTerrorist,887.3564,2697.167,135.9743,P250,100,100,123.9126,-14.85626,0,False,True,False,195.4688,7.03125
Ex6TenZ * Razer,CounterTerrorist,895.0107,2695.69,138.0313,P250,100,100,121.2273,-29.64768,0,False,True,False,195.4688,7.03125
Ex6TenZ * Razer,CounterTerrorist,902.4833,2693.462,138.0313,P250,100,100,118.2963,-39.76208,0,False,True,False,195.4688,7.03125
Ex6TenZ * Razer,CounterTerrorist,909.785,2690.722,138.405,P250,100,100,115.7606,-46.63181,0,False,True,False,195.4688,7.03125
Ex6TenZ * Razer,CounterTerrorist,916.9491,2687.638,139.4421,P250,100,100,113.8401,-51.14161,0,False,True,False,195.4688,7.03125
Ex6TenZ * Razer,CounterTerrorist,924.0137,2684.332,140.5238,P250,100,100,112.4727,-54.08268,0,False,True,False,195.4688,7.03125
Ex6TenZ * Razer,CounterTerrorist,931.1123,2681.166,141.56,P250,100,100,116.7846,-41.61048,0,False,True,False,195.4688,7.03125
Ex6TenZ * Razer,CounterTerrorist,938.6741,2679.364,142.1051,P250,100,100,123.2312,-19.72613,0,False,True,False,195.4688,7.03125
Ex6TenZ * Razer,CounterTerrorist,946.4429,2678.729,141.9302,P250,100,100,124.7507,-3.505864,0,False,True,False,195.4688,7.03125
Ex6TenZ * Razer,CounterTerrorist,955.2101,2679.004,141.6186,P250,100,100,124.4683,9.092353,0,False,True,False,195.4688,7.03125
Ex6TenZ * Razer,CounterTerrorist,961.9995,2679.69,141.3617,P250,100,100,124.1972,11.66252,0,False,True,False,195.4688,7.03125
Ex6TenZ * Razer,CounterTerrorist,969.7885,2679.585,141.1344,P250,100,100,124.3155,-10.98615,0,False,True,False,195.4688,7.03125
Ex6TenZ * Razer,CounterTerrorist,977.4777,2678.306,140.9987,P250,100,100,121.8496,-26.97598,0,False,True,False,195.4688,7.03125
Ex6TenZ * Razer,CounterTerrorist,984.9889,2676.213,140.9299,P250,100,100,118.8921,-37.94358,0,False,True,False,195.4688,7.03125
Ex6TenZ * Razer,CounterTerrorist,992.3242,2673.564,140.9084,P250,100,100,116.2502,-45.39737,0,False,True,False,195.4688,7.03125
Ex6TenZ * Razer,CounterTerrorist,999.6487,2670.894,141.0452,P250,100,100,117.2933,-42.63003,0,False,True,False,195.4688,7.03125
Ex6TenZ * Razer,CounterTerrorist,1007.216,2669.045,141.0716,P250,100,100,123.1306,-20.34446,0,False,True,False,195.4688,7.03125
Ex6TenZ * Razer,CounterTerrorist,1014.982,2668.377,140.8437,P250,100,100,124.7375,-3.948264,0,False,True,False,195.4688,7.03125
Ex6TenZ * Razer,CounterTerrorist,1022.777,2668.559,140.4385,P250,100,100,124.5668,7.624906,0,False,True,False,195.4688,7.03125
Ex6TenZ * Razer,CounterTerrorist,1030.537,2669.333,140.0736,P250,100,100,123.8148,15.65007,0,False,True,False,195.4688,7.03125
Ex6TenZ * Razer,CounterTerrorist,1038.246,2670.514,140.0167,P250,100,100,123.007,21.07864,0,False,True,False,195.4688,7.03125
Ex6TenZ * Razer,CounterTerrorist,1045.91,2671.963,140.0167,P250,100,100,122.3495,24.60988,0,False,True,False,195.4688,7.03125
Ex6TenZ * Razer,CounterTerrorist,1053.538,2673.591,140.0167,P250,100,100,121.8368,27.03381,0,False,True,False,195.4688,7.03125
Ex6TenZ * Razer,CounterTerrorist,1061.139,2675.344,139.9991,P250,100,100,121.4427,28.75242,0,False,True,False,195.4688,7.03125
Ex6TenZ * Razer,CounterTerrorist,1068.718,2677.186,139.9743,P250,100,100,121.1426,29.99178,0,False,True,False,195.4688,7.03125
Ex6TenZ * Razer,CounterTerrorist,1076.281,2679.094,139.9442,P250,100,100,120.9157,30.89375,0,False,True,False,195.4688,7.03125
Ex6TenZ * Razer,CounterTerrorist,1083.832,2681.049,139.8343,P250,100,100,120.7452,31.55349,0,False,True,False,195.4688,7.03125
Ex6TenZ * Razer,CounterTerrorist,1091.374,2683.039,139.5739,P250,100,100,120.6177,32.03744,0,False,True,False,195.4688,7.03125
Ex6TenZ * Razer,CounterTerrorist,1098.909,2685.055,139.1271,P250,100,100,120.5227,32.39301,0,False,True,False,195.4688,7.03125
Ex6TenZ * Razer,CounterTerrorist,1106.439,2687.089,138.6759,P250,100,100,120.4521,32.65452,0,False,True,False,195.4688,7.03125
Ex6TenZ * Razer,CounterTerrorist,1113.965,2689.137,138.2365,P250,100,100,120.3998,32.84695,0,False,True,False,195.4688,7.03125
Ex6TenZ * Razer,CounterTerrorist,1120.573,2690.941,138.0313,P250,100,100,92.13215,25.15166,0,False,True,False,195.4688,7.03125
Ex6TenZ * Razer,CounterTerrorist,1126.051,2692.439,138.0313,P250,100,100,93.28221,25.58318,0,False,True,False,195.4688,7.03125
Ex6TenZ * Razer,CounterTerrorist,1132.392,2694.183,138.0313,P250,100,100,107.2071,29.53168,0,False,True,False,195.4688,7.03125
Ex6TenZ * Razer,CounterTerrorist,1139.446,2695.938,138.0313,P250,100,100,115.9345,19.9578,0,False,True,False,195.4688,7.03125
Ex6TenZ * Razer,CounterTerrorist,1146.847,2696.27,134.7767,P250,100,100,120.1732,-4.965533,0,False,True,False,195.4688,7.03125
Ex6TenZ * Razer,CounterTerrorist,1154.468,2695.287,138.0313,P250,100,100,122.6253,-23.19623,0,False,True,False,195.4688,7.03125
Ex6TenZ * Razer,CounterTerrorist,1162.144,2693.914,138.0313,P250,100,100,123.0515,-20.81767,0,False,True,False,195.4688,7.03125
Ex6TenZ * Razer,CounterTerrorist,1169.908,2693.222,138.0313,P250,100,100,124.7263,-4.287214,0,False,True,False,195.4688,7.03125
Ex6TenZ * Razer,CounterTerrorist,1177.703,2693.386,138.0313,P250,100,100,124.5811,7.388461,0,False,True,False,195.4688,7.03125
Ex6TenZ * Razer,CounterTerrorist,1185.257,2694.083,138.0313,P250,100,100,110.6935,11.40947,0,False,True,False,195.4688,7.03125
Ex6TenZ * Razer,CounterTerrorist,1191.104,2694.685,138.0313,P250,100,100,81.53196,8.403715,0,False,True,False,195.4688,7.03125
Ex6TenZ * Razer,CounterTerrorist,1195.387,2695.127,138.0313,P250,100,100,58.71088,6.051487,0,False,True,False,195.1172,7.382813
Ex6TenZ * Razer,CounterTerrorist,1198.281,2695.381,138.0313,P250,100,100,37.71468,-1.771655,0,False,True,False,194.0625,7.734375
Ex6TenZ * Razer,CounterTerrorist,1200.291,2693.981,138.0313,P250,100,100,28.96608,-35.89077,0,False,True,False,192.6563,7.734375
Ex6TenZ * Razer,CounterTerrorist,1201.863,2691.344,138.0313,P250,100,100,22.15112,-44.89376,0,False,True,False,188.0859,7.382813
Ex6TenZ * Razer,CounterTerrorist,1202.897,2689.247,138.2948,P250,100,100,12.1953,-24.71626,0,False,True,False,182.4609,7.382813
Ex6TenZ * Razer,CounterTerrorist,1203.318,2688.396,138.3744,P250,100,100,0.9949983,-2.016567,0,False,True,False,177.1875,7.382813
Ex6TenZ * Razer,CounterTerrorist,1203.341,2688.708,138.3497,P250,100,100,1.125316,14.26806,0,False,True,False,175.0781,7.382813
Ex6TenZ * Razer,CounterTerrorist,1203.483,2690.405,138.1534,P250,100,100,3.160165,37.17811,0,False,True,False,175.0781,7.382813
Ex6TenZ * Razer,CounterTerrorist,1203.751,2693.534,138.0313,P250,100,100,5.147154,60.09213,0,False,True,False,175.0781,7.382813
Ex6TenZ * Razer,CounterTerrorist,1204.142,2698.092,138.0313,P250,100,100,7.100176,82.71159,0,False,True,False,175.0781,7.382813
Ex6TenZ * Razer,CounterTerrorist,1204.643,2703.924,134.7849,P250,100,100,8.655083,100.7302,0,False,True,False,175.0781,7.382813
Ex6TenZ * Razer,CounterTerrorist,1205.225,2710.707,134.2533,P250,100,100,9.800362,114.002,0,False,True,False,175.0781,7.382813
Ex6TenZ * Razer,CounterTerrorist,1205.869,2718.191,133.6668,P250,100,100,10.64392,123.7774,0,False,True,False,175.0781,7.382813
Ex6TenZ * Razer,CounterTerrorist,1206.62,2726.934,132.9816,P250,100,100,10.69438,124.3409,0,False,True,False,175.0781,7.382813
Ex6TenZ * Razer,CounterTerrorist,1206.752,2733.699,132.4467,P250,100,100,-8.153353,122.8976,0,False,True,False,175.0781,7.382813
Ex6TenZ * Razer,CounterTerrorist,1205.33,2741.224,131.8354,P250,100,100,-35.67867,113.429,0,False,True,False,175.7813,7.382813
Ex6TenZ * Razer,CounterTerrorist,1201.981,2747.24,131.3235,P250,100,100,-66.11411,82.58031,0,False,True,False,187.7344,5.625
Ex6TenZ * Razer,CounterTerrorist,1197.06,2751.269,130.953,P250,100,100,-87.4563,51.18243,0,False,True,False,195.1172,3.867188
Ex6TenZ * Razer,CounterTerrorist,1191.024,2753.589,130.7062,P250,100,100,-102.9858,27.26508,0,False,True,False,195.1172,3.867188
Ex6TenZ * Razer,CounterTerrorist,1184.193,2754.843,130.5356,P250,100,100,-112.8126,22.1204,0,False,True,False,195.1172,3.867188
Ex6TenZ * Razer,CounterTerrorist,1176.961,2756.742,130.3097,P250,100,100,-117.7431,36.18784,0,False,True,False,195.1172,3.867188
Ex6TenZ * Razer,CounterTerrorist,1169.378,2759.451,130.016,P250,100,100,-131.2645,52.26635,0,False,True,False,195.8203,4.21875
Ex6TenZ * Razer,CounterTerrorist,1160.059,2763.448,129.6266,P250,100,100,-162.3023,65.77228,0,False,True,False,196.5234,4.21875
Ex6TenZ * Razer,CounterTerrorist,1148.889,2766.151,129.52,P250,100,100,-190.2508,27.42538,0,False,True,False,196.5234,3.867188
Ex6TenZ * Razer,CounterTerrorist,1136.243,2766.828,129.5356,P250,100,100,-210.8365,-0.8192636,0,False,True,False,196.5234,3.867188
Ex6TenZ * Razer,CounterTerrorist,1122.508,2766.013,129.6658,P250,100,100,-225.999,-21.62303,0,False,True,False,196.5234,3.867188
Ex6TenZ * Razer,CounterTerrorist,1111.464,2764.634,129.8074,P250,100,100,-123.4205,-18.50452,0,False,True,False,196.5234,3.867188
Ex6TenZ * Razer,CounterTerrorist,1103.681,2764.355,129.8682,P250,100,100,-124.6837,5.386156,0,False,True,False,196.5234,3.867188
Ex6TenZ * Razer,CounterTerrorist,1095.947,2765.323,129.9258,P250,100,100,-122.7668,22.43542,0,False,True,False,196.5234,3.867188
Ex6TenZ * Razer,CounterTerrorist,1088.3,2766.847,129.9415,P250,100,100,-123.4348,18.40899,0,False,True,False,196.5234,3.867188
Ex6TenZ * Razer,CounterTerrorist,1080.525,2767.388,130.0308,P250,100,100,-124.7855,1.899513,0,False,True,False,196.5234,3.867188
Ex6TenZ * Razer,CounterTerrorist,1072.733,2767.077,130.1859,P250,100,100,-124.4198,-9.734589,0,False,True,False,196.5234,3.867188
Ex6TenZ * Razer,CounterTerrorist,1064.995,2766.119,130.3652,P250,100,100,-123.1085,-20.47752,0,False,True,False,206.7188,4.21875
Ex6TenZ * Razer,CounterTerrorist,1057.362,2764.517,130.5821,P250,100,100,-122.518,-23.75668,0,False,True,False,224.6484,2.8125
Ex6TenZ * Razer,CounterTerrorist,1049.66,2763.294,130.777,P250,100,100,-123.6803,-16.67991,0,False,True,False,225.3516,2.460938
Ex6TenZ * Razer,CounterTerrorist,1041.908,2762.429,130.9509,P250,100,100,-124.2269,-11.94652,0,False,True,False,225.3516,2.460938
Ex6TenZ * Razer,CounterTerrorist,1034.134,2761.799,131.1108,P250,100,100,-124.4899,-8.792414,0,False,True,False,225.3516,2.460938
Ex6TenZ * Razer,CounterTerrorist,1026.349,2761.33,131.2419,P250,100,100,-124.6197,-6.706822,0,False,True,False,226.0547,2.460938
Ex6TenZ * Razer,CounterTerrorist,1018.56,2760.914,131.3458,P250,100,100,-124.6035,-6.999687,0,False,True,False,230.2734,2.109375
Ex6TenZ * Razer,CounterTerrorist,1009.804,2760.331,131.4821,P250,100,100,-124.4354,-9.532341,0,False,True,False,233.0859,1.757813
Ex6TenZ * Razer,CounterTerrorist,1003.007,2759.72,131.5709,P250,100,100,-124.1621,-12.60204,0,False,True,False,236.6016,1.40625
Ex6TenZ * Razer,CounterTerrorist,994.2005,2759.078,131.7022,P250,100,100,-155.0128,3.1791,0,False,True,False,241.875,1.054688
Ex6TenZ * Razer,CounterTerrorist,983.5711,2760.42,131.7612,P250,100,100,-181.0223,33.48932,0,False,True,False,246.7969,0.3515625
Ex6TenZ * Razer,CounterTerrorist,971.5098,2763.235,131.8173,P250,100,100,-201.4447,52.98395,0,False,True,False,247.5,0.3515625
Ex6TenZ * Razer,CounterTerrorist,958.3632,2767.064,131.8344,P250,100,100,-216.5935,67.08716,0,False,True,False,247.5,0.3515625
Ex6TenZ * Razer,CounterTerrorist,945.3042,2771.273,131.8344,P250,100,100,-171.6046,54.49716,0,False,True,False,247.8516,0
Ex6TenZ * Razer,CounterTerrorist,938.7533,2773.142,131.8502,P250,100,100,-57.85436,12.61968,0,False,True,False,248.2031,0
Ex6TenZ * Razer,CounterTerrorist,938.4267,2772.887,131.866,P250,100,100,27.32936,-13.38571,0,False,True,False,248.2031,0
Ex6TenZ * Razer,CounterTerrorist,942.1519,2771.278,131.8818,P250,100,100,84.34827,-35.41002,0,False,True,False,248.2031,0
Ex6TenZ * Razer,CounterTerrorist,949.8253,2768.107,131.9148,P250,100,100,115.4284,-47.44822,0,False,True,False,248.2031,0
Ex6TenZ * Razer,CounterTerrorist,956.1407,2765.52,131.9465,P250,100,100,115.5174,-47.23099,0,False,True,False,248.2031,0
Ex6TenZ * Razer,CounterTerrorist,963.3633,2762.574,131.9659,P250,100,100,115.5935,-47.04438,0,False,True,False,248.2031,0
Ex6TenZ * Razer,CounterTerrorist,970.59,2759.639,132.0039,P250,100,100,115.6494,-46.90688,0,False,True,False,248.2031,0
Ex6TenZ * Razer,CounterTerrorist,977.8196,2756.711,132.0413,P250,100,100,115.6846,-46.8199,0,False,True,False,247.8516,0
Ex6TenZ * Razer,CounterTerrorist,985.0369,2753.753,132.0898,P250,100,100,115.0644,-48.3241,0,False,True,False,241.5234,1.40625
Ex6TenZ * Razer,CounterTerrorist,992.956,2749.982,132.2256,P250,100,100,109.8891,-59.15598,0,False,True,False,225,2.460938
Ex6TenZ * Razer,CounterTerrorist,998.7574,2746.461,132.3584,P250,100,100,100.9482,-65.1021,0,False,True,False,222.5391,2.460938
Ex6TenZ * Razer,CounterTerrorist,1004.09,2743.022,132.4915,P250,100,100,74.35399,-47.95136,0,False,True,False,222.5391,2.460938
Ex6TenZ * Razer,CounterTerrorist,1007.377,2741.159,132.5573,P250,100,100,30.83176,-10.995,0,False,True,False,222.5391,2.460938
Ex6TenZ * Razer,CounterTerrorist,1007.658,2741.526,132.5365,P250,100,100,-9.433177,13.46155,0,False,True,False,221.8359,2.8125
Ex6TenZ * Razer,CounterTerrorist,1006.666,2742.738,132.4803,P250,100,100,-14.32671,17.11042,0,False,True,False,221.4844,2.8125
Ex6TenZ * Razer,CounterTerrorist,1006.277,2743.202,132.4588,P250,100,100,0,0,0,False,True,False,221.4844,2.8125
Ex6TenZ * Razer,CounterTerrorist,1006.277,2743.202,132.4588,P250,100,100,0,0,0,False,True,False,221.4844,2.8125
Ex6TenZ * Razer,CounterTerrorist,1006.204,2743.286,132.455,P250,100,100,-5.606229,6.471982,0,False,True,False,220.7813,2.8125
Ex6TenZ * Razer,CounterTerrorist,1005.322,2744.3,132.4086,P250,100,100,-20.92228,23.62739,0,False,True,False,222.8906,2.109375
Ex6TenZ * Razer,CounterTerrorist,1003.381,2746.283,132.3199,P250,100,100,-39.52535,37.36033,0,False,True,False,232.7344,1.40625
Ex6TenZ * Razer,CounterTerrorist,1000.241,2749.004,132.2033,P250,100,100,-54.86944,45.87373,0,False,True,False,234.1406,1.054688
Ex6TenZ * Razer,CounterTerrorist,997.4182,2751.364,132.1032,P250,100,100,-37.60757,31.44191,0,False,True,False,234.1406,1.054688
Ex6TenZ * Razer,CounterTerrorist,995.6746,2752.822,132.0414,P250,100,100,-20.3457,17.01007,0,False,True,False,235.5469,1.054688
Ex6TenZ * Razer,CounterTerrorist,993.0594,2754.582,131.9721,P250,100,100,-65.90092,40.30191,0,False,True,False,243.2813,1.40625
Ex6TenZ * Razer,CounterTerrorist,987.1159,2757.839,131.8552,P250,100,100,-115.8583,59.8181,0,False,True,False,246.7969,0.703125
Ex6TenZ * Razer,CounterTerrorist,978.5012,2762.055,131.77,P250,100,100,-153.2677,72.80769,0,False,True,False,247.1484,0.703125
Ex6TenZ * Razer,CounterTerrorist,967.9041,2766.942,131.6972,P250,100,100,-181.0809,81.75163,0,False,True,False,248.2031,0.3515625
Ex6TenZ * Razer,CounterTerrorist,955.8887,2772.208,131.628,P250,100,100,-192.4578,82.8306,0,False,True,False,249.9609,0.3515625
Ex6TenZ * Razer,CounterTerrorist,946.1748,2776.425,131.5741,P250,100,100,-113.133,50.96734,0,False,True,False,250.6641,1.054688
Ex6TenZ * Razer,CounterTerrorist,942.8045,2778.185,131.5387,P250,100,100,-10.38893,10.8079,0,False,True,False,250.3125,1.054688
Ex6TenZ * Razer,CounterTerrorist,944.5708,2777.699,131.535,P250,100,100,53.69563,-17.78406,0,False,True,False,250.3125,1.054688
Ex6TenZ * Razer,CounterTerrorist,949.9009,2775.874,131.535,P250,100,100,108.1776,-37.4501,0,False,True,False,250.3125,1.054688
Ex6TenZ * Razer,CounterTerrorist,957.5391,2773.212,131.5507,P250,100,100,117.8143,-41.1683,0,False,True,False,250.3125,1.054688
Ex6TenZ * Razer,CounterTerrorist,964.9007,2770.634,131.5507,P250,100,100,117.7648,-41.30959,0,False,True,False,250.3125,1.054688
Ex6TenZ * Razer,CounterTerrorist,972.2597,2768.049,131.5668,P250,100,100,117.7309,-41.40631,0,False,True,False,250.6641,1.054688
Ex6TenZ * Razer,CounterTerrorist,979.6177,2765.461,131.5836,P250,100,100,117.7309,-41.40606,0,False,True,False,250.6641,1.054688
Ex6TenZ * Razer,CounterTerrorist,986.9762,2762.874,131.5836,P250,100,100,117.7393,-41.38223,0,False,True,False,250.6641,1.054688
Ex6TenZ * Razer,CounterTerrorist,994.3351,2760.288,131.6375,P250,100,100,117.7455,-41.36467,0,False,True,False,250.6641,1.054688
Ex6TenZ * Razer,CounterTerrorist,1002.614,2757.38,131.7189,P250,100,100,117.7505,-41.35038,0,False,True,False,250.6641,1.054688
Ex6TenZ * Razer,CounterTerrorist,1009.054,2755.119,131.7678,P250,100,100,117.7534,-41.34221,0,False,True,False,250.6641,1.054688
Ex6TenZ * Razer,CounterTerrorist,1016.414,2752.535,131.8329,P250,100,100,117.7559,-41.33519,0,False,True,False,250.6641,1.054688
Ex6TenZ * Razer,CounterTerrorist,1023.773,2749.952,131.8981,P250,100,100,117.7602,-41.32273,0,False,True,False,250.6641,1.054688
Ex6TenZ * Razer,CounterTerrorist,1031.134,2747.371,131.963,P250,100,100,117.7789,-41.26962,0,False,True,False,250.6641,1.054688
Ex6TenZ * Razer,CounterTerrorist,1039.448,2744.655,132.0307,P250,100,100,119.8265,-29.6303,0,False,True,False,250.6641,1.054688
Ex6TenZ * Razer,CounterTerrorist,1046.054,2743.829,132.0101,P250,100,100,117.3876,-1.513218,0,False,True,False,250.6641,1.054688
Ex6TenZ * Razer,CounterTerrorist,1052.738,2745.134,131.8362,P250,100,100,99.62782,36.60982,0,False,True,False,250.6641,1.054688
Ex6TenZ * Razer,CounterTerrorist,1059.15,2748.982,131.5014,P250,100,100,85.18408,67.63052,0,False,True,False,250.6641,1.054688
Ex6TenZ * Razer,CounterTerrorist,1063.409,2752.848,131.1991,P250,100,100,70.03394,64.99626,0,False,True,False,243.6328,0.703125
Ex6TenZ * Razer,CounterTerrorist,1066.149,2756.92,130.9081,P250,100,100,22.73798,68.56932,0,False,True,False,228.8672,0.3515625
Ex6TenZ * Razer,CounterTerrorist,1066.289,2761.539,130.6243,P250,100,100,-11.82665,78.09425,0,False,True,False,224.6484,359.6484
Ex6TenZ * Razer,CounterTerrorist,1064.633,2766.708,130.3349,P250,100,100,-36.79188,85.94468,0,False,True,False,224.6484,359.6484
Ex6TenZ * Razer,CounterTerrorist,1061.658,2772.291,130.041,P250,100,100,-55.18018,91.72695,0,False,True,False,224.6484,359.6484
Ex6TenZ * Razer,CounterTerrorist,1058.712,2777.105,129.7934,P250,100,100,-44.69591,63.57156,0,False,True,False,224.6484,359.6484
Ex6TenZ * Razer,CounterTerrorist,1055.34,2779.41,129.7223,P250,100,100,-59.86515,17.91134,0,False,True,False,224.2969,0
Ex6TenZ * Razer,CounterTerrorist,1051.23,2779.319,129.7915,P250,100,100,-70.25579,-14.84044,0,False,True,False,224.2969,0
Ex6TenZ * Razer,CounterTerrorist,1046.401,2777.699,129.9496,P250,100,100,-84.92526,-27.07221,0,False,True,False,224.2969,0
Ex6TenZ * Razer,CounterTerrorist,1040.448,2776.278,130.1293,P250,100,100,-102.5067,-19.85439,0,False,True,False,225.7031,0
Ex6TenZ * Razer,CounterTerrorist,1033.528,2775.192,130.3036,P250,100,100,-120.2423,-16.09877,0,False,True,False,227.8125,0
Ex6TenZ * Razer,CounterTerrorist,1024.475,2774.149,130.5087,P250,100,100,-162.0853,-17.74421,0,False,True,False,230.9766,0.3515625
Ex6TenZ * Razer,CounterTerrorist,1013.226,2772.869,130.7584,P250,100,100,-192.4588,-23.06393,0,False,True,False,234.1406,0.3515625
Ex6TenZ * Razer,CounterTerrorist,1000.72,2772.741,130.9015,P250,100,100,-204.626,17.70982,0,False,True,False,238.3594,0.3515625
Ex6TenZ * Razer,CounterTerrorist,987.5614,2775.025,130.9881,P250,100,100,-215.1446,48.92801,0,False,True,False,242.9297,0.3515625
Ex6TenZ * Razer,CounterTerrorist,973.754,2778.781,131.0187,P250,100,100,-225.2384,67.36519,0,False,True,False,246.0938,0.3515625
Ex6TenZ * Razer,CounterTerrorist,959.5126,2783.357,130.9623,P250,100,100,-227.5858,76.18867,0,False,True,False,247.5,0.3515625
Ex6TenZ * Razer,CounterTerrorist,948.9891,2783.357,131.1267,P250,100,100,-114.4832,-21.63339,0,False,True,False,247.8516,0.3515625
Ex6TenZ * Razer,CounterTerrorist,945.4807,2781.226,131.3114,P250,100,100,-14.28638,-41.75148,0,False,True,False,247.8516,0.3515625
Ex6TenZ * Razer,CounterTerrorist,947.2201,2778.247,131.4659,P250,100,100,56.80182,-53.27739,0,False,True,False,247.8516,0.3515625
Ex6TenZ * Razer,CounterTerrorist,952.7325,2774.418,131.5575,P250,100,100,110.2395,-66.85265,0,False,True,False,247.8516,0.3515625
Ex6TenZ * Razer,CounterTerrorist,959.6988,2770.501,131.6427,P250,100,100,109.9142,-59.10931,0,False,True,False,247.8516,0.3515625
Ex6TenZ * Razer,CounterTerrorist,966.6367,2766.937,131.7172,P250,100,100,111.7295,-55.60175,0,False,True,False,247.8516,0.3515625
Ex6TenZ * Razer,CounterTerrorist,973.6635,2763.551,131.7595,P250,100,100,112.9037,-53.17707,0,False,True,False,247.8516,0.3515625
Ex6TenZ * Razer,CounterTerrorist,980.7496,2760.291,131.8152,P250,100,100,113.6995,-51.45353,0,False,True,False,247.8516,0.3515625
Ex6TenZ * Razer,CounterTerrorist,988.7402,2756.665,131.9027,P250,100,100,112.9393,-53.10143,0,False,True,False,236.6016,0.703125
Ex6TenZ * Razer,CounterTerrorist,994.7645,2753.464,132.0156,P250,100,100,107.2319,-63.84635,0,False,True,False,216.211,1.054688
Ex6TenZ * Razer,CounterTerrorist,1001.093,2748.917,132.1993,P250,100,100,96.58532,-79.03362,0,False,True,False,210.2344,359.6484
Ex6TenZ * Razer,CounterTerrorist,1007.431,2744.379,132.3823,P250,100,100,105.3092,-66.97021,0,False,True,False,210.2344,359.6484
Ex6TenZ * Razer,CounterTerrorist,1014.25,2741.005,132.4964,P250,100,100,111.9091,-38.58824,0,False,True,False,210.2344,359.6484
Ex6TenZ * Razer,CounterTerrorist,1022.352,2739.656,132.486,P250,100,100,117.7505,-5.614124,0,False,True,False,208.125,359.6484
Ex6TenZ * Razer,CounterTerrorist,1028.942,2739.878,132.4052,P250,100,100,122.6826,10.01495,0,False,True,False,200.7422,359.2969
Ex6TenZ * Razer,CounterTerrorist,1036.673,2740.856,132.271,P250,100,100,123.3482,18.98047,0,False,True,False,196.5234,359.2969
Ex6TenZ * Razer,CounterTerrorist,1044.354,2742.208,132.1168,P250,100,100,122.6017,23.32091,0,False,True,False,195.4688,358.9453
Ex6TenZ * Razer,CounterTerrorist,1051.997,2743.767,131.9312,P250,100,100,122.0561,26.02576,0,False,True,False,195.1172,358.9453
Ex6TenZ * Razer,CounterTerrorist,1059.612,2745.456,131.7092,P250,100,100,121.6903,27.68595,0,False,True,False,194.7656,358.5938
Ex6TenZ * Razer,CounterTerrorist,1067.209,2747.224,131.4827,P250,100,100,121.459,28.68354,0,False,True,False,194.4141,358.5938
Ex6TenZ * Razer,CounterTerrorist,1074.795,2749.038,131.2536,P250,100,100,121.3361,29.19917,0,False,True,False,194.0625,358.2422
Ex6TenZ * Razer,CounterTerrorist,1082.378,2750.866,131.0236,P250,100,100,121.318,29.27433,0,False,True,False,193.711,358.2422
Ex6TenZ * Razer,CounterTerrorist,1089.96,2752.697,130.7935,P250,100,100,121.3103,29.30601,0,False,True,False,193.711,358.2422
Ex6TenZ * Razer,CounterTerrorist,1097.542,2754.53,130.5633,P250,100,100,121.3047,29.32934,0,False,True,False,193.711,358.2422
Ex6TenZ * Razer,CounterTerrorist,1105.123,2756.364,130.3447,P250,100,100,121.3005,29.34652,0,False,True,False,193.711,358.2422
Ex6TenZ * Razer,CounterTerrorist,1112.704,2758.198,130.1934,P250,100,100,121.2975,29.35918,0,False,True,False,193.711,358.2422
Ex6TenZ * Razer,CounterTerrorist,1120.285,2760.033,130.042,P250,100,100,121.2952,29.3685,0,False,True,False,193.711,358.2422
Ex6TenZ * Razer,CounterTerrorist,1127.866,2761.869,129.8905,P250,100,100,121.2935,29.37536,0,False,True,False,193.711,358.2422
Ex6TenZ * Razer,CounterTerrorist,1135.447,2763.705,129.7391,P250,100,100,121.2923,29.38042,0,False,True,False,193.711,358.2422
Ex6TenZ * Razer,CounterTerrorist,1143.028,2765.541,129.5877,P250,100,100,121.2914,29.38415,0,False,True,False,193.711,358.2422
Ex6TenZ * Razer,CounterTerrorist,1150.703,2766.417,129.4943,P250,100,100,123.6528,2.059414,0,False,True,False,193.711,358.2422
Ex6TenZ * Razer,CounterTerrorist,1158.452,2765.766,129.4841,P250,100,100,123.3376,-19.04937,0,False,True,False,193.711,358.2422
Ex6TenZ * Razer,CounterTerrorist,1166.052,2764.032,129.6183,P250,100,100,120.1611,-33.70986,0,False,True,False,193.711,358.2422
Ex6TenZ * Razer,CounterTerrorist,1173.243,2761.339,129.9067,P250,100,100,106.7541,-54.52896,0,False,True,False,193.711,358.2422
Ex6TenZ * Razer,CounterTerrorist,1178.956,2758.155,130.2186,P250,100,100,79.65555,-44.39357,0,False,True,False,193.711,358.2422
Ex6TenZ * Razer,CounterTerrorist,1183.161,2755.811,130.4481,P250,100,100,58.41815,-32.55756,0,False,True,False,193.711,358.2422
Ex6TenZ * Razer,CounterTerrorist,1186.121,2754.162,130.6097,P250,100,100,38.76434,-21.60412,0,False,True,False,193.711,358.2422
Ex6TenZ * Razer,CounterTerrorist,1186.568,2753.193,130.6793,P250,100,100,-10.43536,-2.231727,0,False,True,False,193.711,358.2422
Ex6TenZ * Razer,CounterTerrorist,1185.305,2753.741,130.6346,P250,100,100,-28.25031,15.15792,0,False,True,False,193.711,358.2422
Ex6TenZ * Razer,CounterTerrorist,1182.864,2755.136,130.4985,P250,100,100,-47.5002,27.79499,0,False,True,False,193.711,358.2422
Ex6TenZ * Razer,CounterTerrorist,1178.67,2757.629,130.2572,P250,100,100,-69.32095,41.48556,0,False,True,False,193.711,358.2422
Ex6TenZ * Razer,CounterTerrorist,1174.416,2760.176,130.0111,P250,100,100,-83.7013,49.85099,0,False,True,False,195.8203,358.5938
Ex6TenZ * Razer,CounterTerrorist,1168.654,2763.4,129.6955,P250,100,100,-98.74055,51.30048,0,False,True,False,208.8281,0.3515625
Ex6TenZ * Razer,CounterTerrorist,1162.015,2766.464,129.4325,P250,100,100,-111.5335,47.29926,0,False,True,False,211.6406,0.3515625
Ex6TenZ * Razer,CounterTerrorist,1154.779,2769.274,129.2989,P250,100,100,-117.2394,42.77807,0,False,True,False,211.6406,0.3515625
Ex6TenZ * Razer,CounterTerrorist,1147.4,2771.802,129.1832,P250,100,100,-118.5941,38.86493,0,False,True,False,211.6406,0.3515625
Ex6TenZ * Razer,CounterTerrorist,1139.954,2774.123,129.0804,P250,100,100,-119.6033,35.63818,0,False,True,False,213.75,0.703125
Ex6TenZ * Razer,CounterTerrorist,1131.998,2776.233,128.9932,P250,100,100,-142.6319,33.58171,0,False,True,False,217.6172,1.054688
Ex6TenZ * Razer,CounterTerrorist,1121.776,2778.349,128.9216,P250,100,100,-178.2302,34.04882,0,False,True,False,217.6172,1.054688
Ex6TenZ * Razer,CounterTerrorist,1109.674,2780.49,128.8802,P250,100,100,-204.4504,34.39288,0,False,True,False,217.6172,1.054688
Ex6TenZ * Razer,CounterTerrorist,1096.186,2782.649,128.9125,P250,100,100,-223.7652,34.62909,0,False,True,False,217.9688,1.054688
Ex6TenZ * Razer,CounterTerrorist,1081.671,2784,129.0875,P250,100,100,-238.2798,1.296497,0,False,True,False,221.4844,1.757813
Ex6TenZ * Razer,CounterTerrorist,1072.072,2784,129.2374,P250,100,100,-124.7997,0,0,False,True,False,221.8359,1.40625
Ex6TenZ * Razer,CounterTerrorist,1064.273,2784,129.3593,P250,100,100,-124.7997,0,0,False,True,False,221.8359,1.40625
Ex6TenZ * Razer,CounterTerrorist,1056.473,2784,129.4812,P250,100,100,-124.7998,0,0,False,True,False,222.1875,1.40625
Ex6TenZ * Razer,CounterTerrorist,1048.673,2783.997,129.6032,P250,100,100,-124.7998,-0.2196644,0,False,True,False,226.4063,1.757813
Ex6TenZ * Razer,CounterTerrorist,1040.873,2783.938,129.7279,P250,100,100,-124.791,-1.497188,0,False,True,False,227.4609,1.40625
Ex6TenZ * Razer,CounterTerrorist,1032.099,2783.788,129.8723,P250,100,100,-124.7732,-2.587335,0,False,True,False,227.4609,1.40625
Ex6TenZ * Razer,CounterTerrorist,1025.276,2783.626,129.9868,P250,100,100,-124.7588,-3.2069,0,False,True,False,227.4609,1.40625
Ex6TenZ * Razer,CounterTerrorist,1016.61,2782.917,130.1568,P250,100,100,-120.2555,-22.93881,0,False,True,False,230.2734,1.40625
Ex6TenZ * Razer,CounterTerrorist,1010.241,2780.925,130.3474,P250,100,100,-113.5302,-45.92035,0,False,True,False,234.4922,1.40625
Ex6TenZ * Razer,CounterTerrorist,1003.426,2777.285,130.6376,P250,100,100,-105.3249,-66.94546,0,False,True,False,238.0078,1.40625
Ex6TenZ * Razer,CounterTerrorist,995.9847,2772.088,131.0074,P250,100,100,-135.5544,-77.97884,0,False,True,False,240.4688,1.054688
Ex6TenZ * Razer,CounterTerrorist,986.4354,2769.246,131.2952,P250,100,100,-165.1418,-23.13768,0,False,True,False,243.2813,1.054688
Ex6TenZ * Razer,CounterTerrorist,975.2711,2769.198,131.472,P250,100,100,-188.2825,14.56244,0,False,True,False,245.3906,0.703125
Ex6TenZ * Razer,CounterTerrorist,962.852,2771.073,131.5649,P250,100,100,-206.1165,40.61587,0,False,True,False,246.4453,0.703125
Ex6TenZ * Razer,CounterTerrorist,950.7754,2773.734,131.6266,P250,100,100,-155.8384,31.83005,0,False,True,False,247.1484,0.703125
Ex6TenZ * Razer,CounterTerrorist,945.0505,2774.373,131.6918,P250,100,100,-45.91464,-4.890102,0,False,True,False,247.5,0.703125
Ex6TenZ * Razer,CounterTerrorist,945.3058,2773.337,131.7289,P250,100,100,34.89102,-23.5046,0,False,True,False,247.5,0.703125
Ex6TenZ * Razer,CounterTerrorist,950.2816,2770.783,131.7852,P250,100,100,97.86648,-46.44693,0,False,True,False,247.5,0.3515625
Ex6TenZ * Razer,CounterTerrorist,956.1724,2768.063,131.8201,P250,100,100,111.3077,-50.66422,0,False,True,False,247.5,0.3515625
Ex6TenZ * Razer,CounterTerrorist,963.2774,2764.879,131.8701,P250,100,100,114.0677,-50.63192,0,False,True,False,247.5,0.3515625
Ex6TenZ * Razer,CounterTerrorist,970.4186,2761.741,131.9066,P250,100,100,114.3957,-49.88653,0,False,True,False,247.5,0.3515625
Ex6TenZ * Razer,CounterTerrorist,977.5776,2758.644,131.946,P250,100,100,114.6397,-49.32331,0,False,True,False,247.5,0.3515625
Ex6TenZ * Razer,CounterTerrorist,984.7209,2755.512,132.0078,P250,100,100,113.407,-52.09501,0,False,True,False,234.8437,1.40625
Ex6TenZ * Razer,CounterTerrorist,991.5831,2751.816,132.1392,P250,100,100,106.0991,-65.71164,0,False,True,False,214.4531,2.109375
Ex6TenZ * Razer,CounterTerrorist,997.9636,2747.333,132.3188,P250,100,100,102.9622,-70.52535,0,False,True,False,213.0469,1.757813
Ex6TenZ * Razer,CounterTerrorist,1004.691,2743.394,132.4649,P250,100,100,110.6572,-57.70631,0,False,True,False,213.0469,1.757813
Ex6TenZ * Razer,CounterTerrorist,1011.776,2740.227,132.5648,P250,100,100,115.1516,-40.51679,0,False,True,False,213.0469,1.757813
Ex6TenZ * Razer,CounterTerrorist,1019.145,2738.786,132.5648,P250,100,100,120.6132,-12.37199,0,False,True,False,199.3359,0.703125
Ex6TenZ * Razer,CounterTerrorist,1026.883,2738.544,132.4998,P250,100,100,124.7868,1.816627,0,False,True,False,195.4688,358.9453
Ex6TenZ * Razer,CounterTerrorist,1034.667,2739.016,132.3928,P250,100,100,124.2683,11.50783,0,False,True,False,195.4688,358.9453
Ex6TenZ * Razer,CounterTerrorist,1042.406,2739.983,132.2591,P250,100,100,123.4663,18.19656,0,False,True,False,195.4688,358.9453
Ex6TenZ * Razer,CounterTerrorist,1050.096,2741.282,132.1078,P250,100,100,122.7601,22.47196,0,False,True,False,195.1172,358.5938
Ex6TenZ * Razer,CounterTerrorist,1057.749,2742.791,131.9008,P250,100,100,122.1928,25.37641,0,False,True,False,195.4688,357.8906
Ex6TenZ * Razer,CounterTerrorist,1065.366,2744.471,131.6794,P250,100,100,121.6278,27.95925,0,False,True,False,196.1719,357.5391
Ex6TenZ * Razer,CounterTerrorist,1072.951,2746.288,131.4501,P250,100,100,121.1827,29.82933,0,False,True,False,196.1719,357.5391
Ex6TenZ * Razer,CounterTerrorist,1079.599,2747.936,131.2457,P250,100,100,92.69952,22.97244,0,False,True,False,196.1719,357.5391
Ex6TenZ * Razer,CounterTerrorist,1084.496,2749.149,131.0952,P250,100,100,68.20869,16.90321,0,False,True,False,196.1719,357.5391
Ex6TenZ * Razer,CounterTerrorist,1087.821,2750.615,130.9539,P250,100,100,39.50677,36.24147,0,False,True,False,196.1719,357.5391
Ex6TenZ * Razer,CounterTerrorist,1089.385,2753.785,130.7361,P250,100,100,15.44836,60.92732,0,False,True,False,196.1719,357.5391
Ex6TenZ * Razer,CounterTerrorist,1089.766,2758.344,130.4522,P250,100,100,-0.6072255,81.9028,0,False,True,False,198.6328,359.6484
Ex6TenZ * Razer,CounterTerrorist,1089.191,2764.032,130.1144,P250,100,100,-15.94532,97.12923,0,False,True,False,204.9609,1.757813
Ex6TenZ * Razer,CounterTerrorist,1087.26,2771.093,129.714,P250,100,100,-41.33519,96.45352,0,False,True,False,205.6641,1.757813
Ex6TenZ * Razer,CounterTerrorist,1084.272,2775.135,129.5142,P250,100,100,-63.75543,58.4598,0,False,True,False,205.6641,1.757813
Ex6TenZ * Razer,CounterTerrorist,1079.585,2777.58,129.4384,P250,100,100,-82.59241,25.02649,0,False,True,False,210.5859,2.109375
Ex6TenZ * Razer,CounterTerrorist,1074.044,2778.031,129.4841,P250,100,100,-92.11754,-6.312416,0,False,True,False,222.1875,2.109375
Ex6TenZ * Razer,CounterTerrorist,1068.036,2776.882,129.6614,P250,100,100,-101.4578,-20.17993,0,False,True,False,223.2422,1.757813
Ex6TenZ * Razer,CounterTerrorist,1061.21,2775.864,129.8301,P250,100,100,-114.6639,-13.56561,0,False,True,False,223.2422,1.757813
Ex6TenZ * Razer,CounterTerrorist,1053.687,2775.195,129.9885,P250,100,100,-124.3909,-8.693796,0,False,True,False,223.2422,1.757813
Ex6TenZ * Razer,CounterTerrorist,1045.898,2774.78,130.1355,P250,100,100,-124.6799,-5.474458,0,False,True,False,225.3516,1.757813
Ex6TenZ * Razer,CounterTerrorist,1038.105,2774.443,130.2778,P250,100,100,-124.6676,-5.746368,0,False,True,False,229.5703,1.40625
Ex6TenZ * Razer,CounterTerrorist,1030.317,2774.021,130.4252,P250,100,100,-124.5648,-7.658246,0,False,True,False,231.6797,1.054688
Ex6TenZ * Razer,CounterTerrorist,1022.537,2773.452,130.5814,P250,100,100,-124.3772,-10.26437,0,False,True,False,233.4375,0.703125
Ex6TenZ * Razer,CounterTerrorist,1014.773,2772.713,130.7478,P250,100,100,-124.1207,-13.00379,0,False,True,False,234.4922,0.703125
Ex6TenZ * Razer,CounterTerrorist,1007.026,2771.807,130.8813,P250,100,100,-123.8141,-15.65612,0,False,True,False,235.8984,0.3515625
Ex6TenZ * Razer,CounterTerrorist,999.2999,2770.734,131.0217,P250,100,100,-123.4419,-18.36099,0,False,True,False,237.3047,0.3515625
Ex6TenZ * Razer,CounterTerrorist,991.9158,2768.728,131.2349,P250,100,100,-113.1745,-44.57558,0,False,True,False,238.711,0.3515625
Ex6TenZ * Razer,CounterTerrorist,985.193,2765.109,131.5164,P250,100,100,-103.4349,-67.37621,0,False,True,False,240.8203,0.3515625
Ex6TenZ * Razer,CounterTerrorist,979.0799,2760.294,131.8468,P250,100,100,-92.90343,-83.33061,0,False,True,False,243.2813,0.3515625
Ex6TenZ * Razer,CounterTerrorist,973.0466,2755.889,132.156,P250,100,100,-105.5408,-51.98491,0,False,True,False,245.3906,0.3515625
Ex6TenZ * Razer,CounterTerrorist,965.0014,2754.255,132.3614,P250,100,100,-145.0485,-8.119664,0,False,True,False,246.0938,0.3515625
Ex6TenZ * Razer,CounterTerrorist,955.0102,2754.852,132.4884,P250,100,100,-155.1273,15.28087,0,False,True,False,246.4453,0.3515625
Ex6TenZ * Razer,CounterTerrorist,949.0378,2754.405,132.5912,P250,100,100,-33.82012,-21.40572,0,False,True,False,246.4453,0.3515625
Ex6TenZ * Razer,CounterTerrorist,949.4916,2752.799,132.6748,P250,100,100,34.60909,-34.66694,0,False,True,False,246.4453,0.3515625
Ex6TenZ * Razer,CounterTerrorist,953.7171,2749.955,132.7475,P250,100,100,91.69721,-53.9627,0,False,True,False,246.4453,0.3515625
Ex6TenZ * Razer,CounterTerrorist,961.0417,2746.016,132.8252,P250,100,100,135.0911,-69.37826,0,False,True,False,246.4453,0.3515625
Ex6TenZ * Razer,CounterTerrorist,968.785,2742.154,132.8925,P250,100,100,112.0471,-54.95893,0,False,True,False,246.4453,0.3515625
Ex6TenZ * Razer,CounterTerrorist,976.6915,2738.347,133.0335,P250,100,100,112.7299,-53.54451,0,False,True,False,246.4453,0.3515625
Ex6TenZ * Razer,CounterTerrorist,982.8688,2735.445,133.115,P250,100,100,113.1111,-52.73451,0,False,True,False,246.4453,0.3515625
Ex6TenZ * Razer,CounterTerrorist,989.9564,2732.189,133.2205,P250,100,100,113.74,-51.36389,0,False,True,False,249.2578,0.703125
Ex6TenZ * Razer,CounterTerrorist,997.1632,2729.21,133.3126,P250,100,100,117.0592,-43.26884,0,False,True,False,266.1328,2.109375
Ex6TenZ * Razer,CounterTerrorist,1004.637,2726.993,133.3499,P250,100,100,121.2549,-29.53467,0,False,True,False,272.4609,1.757813
Ex6TenZ * Razer,CounterTerrorist,1012.298,2725.539,133.3654,P250,100,100,123.3601,-18.90303,0,False,True,False,272.4609,1.757813
Ex6TenZ * Razer,CounterTerrorist,1020.044,2724.635,133.3344,P250,100,100,124.2765,-11.4192,0,False,True,False,272.4609,1.757813
Ex6TenZ * Razer,CounterTerrorist,1027.826,2724.111,133.2821,P250,100,100,124.638,-6.355734,0,False,True,False,272.4609,1.757813
Ex6TenZ * Razer,CounterTerrorist,1035.621,2723.838,133.2158,P250,100,100,124.7645,-2.978172,0,False,True,False,272.8125,1.757813
Ex6TenZ * Razer,CounterTerrorist,1044.395,2723.709,133.1315,P250,100,100,124.7868,-1.811537,0,False,True,False,266.1328,1.757813
Ex6TenZ * Razer,CounterTerrorist,1051.789,2723.441,133.0692,P250,100,100,107.9156,-5.421586,0,False,True,False,241.5234,1.40625
Ex6TenZ * Razer,CounterTerrorist,1056.868,2723.186,133.0303,P250,100,100,82.58274,-4.148886,0,False,True,False,217.2656,0.3515625
Ex6TenZ * Razer,CounterTerrorist,1060.835,2723.485,132.9726,P250,100,100,43.69835,18.3148,0,False,True,False,214.4531,0.3515625
Ex6TenZ * Razer,CounterTerrorist,1062.089,2725.451,132.8516,P250,100,100,4.426153,39.40889,0,False,True,False,214.4531,0.3515625
Ex6TenZ * Razer,CounterTerrorist,1061.508,2728.452,132.693,P250,100,100,-18.47427,54.8498,0,False,True,False,214.4531,0.3515625
Ex6TenZ * Razer,CounterTerrorist,1059.741,2732.464,132.4912,P250,100,100,-35.442,71.60548,0,False,True,False,214.1016,0.3515625
Ex6TenZ * Razer,CounterTerrorist,1057.058,2737.469,132.2361,P250,100,100,-48.11354,86.08883,0,False,True,False,213.3984,0.3515625
Ex6TenZ * Razer,CounterTerrorist,1053.674,2743.218,131.9385,P250,100,100,-58.78594,95.82089,0,False,True,False,217.6172,359.6484
Ex6TenZ * Razer,CounterTerrorist,1049.671,2749.44,131.6216,P250,100,100,-67.75266,102.1762,0,False,True,False,217.6172,359.6484
Ex6TenZ * Razer,CounterTerrorist,1045.416,2755.709,131.3059,P250,100,100,-62.80527,91.8625,0,False,True,False,217.6172,359.6484
Ex6TenZ * Razer,CounterTerrorist,1040.939,2759.661,131.1348,P250,100,100,-77.71009,43.02118,0,False,True,False,219.375,359.6484
Ex6TenZ * Razer,CounterTerrorist,1035.098,2760.918,131.1385,P250,100,100,-86.09312,-0.8648655,0,False,True,False,227.8125,0.3515625
Ex6TenZ * Razer,CounterTerrorist,1030.275,2760.017,131.2798,P250,100,100,-89.64166,-27.17825,0,False,True,False,228.1641,0
Ex6TenZ * Razer,CounterTerrorist,1024.475,2757.667,131.4755,P250,100,100,-98.12684,-38.44578,0,False,True,False,228.1641,0
Ex6TenZ * Razer,CounterTerrorist,1017.859,2755.65,131.6551,P250,100,100,-109.3408,-22.45394,0,False,True,False,228.1641,0
Ex6TenZ * Razer,CounterTerrorist,1010.989,2755.442,131.7381,P250,100,100,-110.409,9.993871,0,False,True,False,229.2188,0.3515625
Ex6TenZ * Razer,CounterTerrorist,1004.054,2756.869,131.732,P250,100,100,-108.0395,28.81281,0,False,True,False,233.0859,0.3515625
Ex6TenZ * Razer,CounterTerrorist,999.0661,2757.878,131.7222,P250,100,100,-53.58823,3.047093,0,False,True,False,234.4922,0.703125
Ex6TenZ * Razer,CounterTerrorist,997.7565,2757.297,131.7615,P250,100,100,1.925256,-14.87216,0,False,True,False,234.8437,0.703125
Ex6TenZ * Razer,CounterTerrorist,998.7852,2756.155,131.8195,P250,100,100,22.09275,-19.55153,0,False,True,False,236.6016,0.703125
Ex6TenZ * Razer,CounterTerrorist,998.8259,2756.004,131.834,P250,100,100,-12.12753,7.600677,0,False,True,False,238.0078,0.703125
Ex6TenZ * Razer,CounterTerrorist,997.3821,2756.907,131.7994,P250,100,100,-31.63634,19.7829,0,False,True,False,238.0078,0.703125
Ex6TenZ * Razer,CounterTerrorist,994.7177,2758.57,131.7359,P250,100,100,-51.21369,31.85467,0,False,True,False,238.3594,0.703125
Ex6TenZ * Razer,CounterTerrorist,990.8162,2760.959,131.6455,P250,100,100,-71.07595,42.87111,0,False,True,False,240.8203,0.3515625
Ex6TenZ * Razer,CounterTerrorist,985.767,2763.914,131.5658,P250,100,100,-87.71436,50.17102,0,False,True,False,242.9297,0.3515625
Ex6TenZ * Razer,CounterTerrorist,978.9367,2767.637,131.4909,P250,100,100,-127.7226,67.40784,0,False,True,False,244.6875,0
Ex6TenZ * Razer,CounterTerrorist,968.444,2772.971,131.3946,P250,100,100,-164.6276,81.7576,0,False,True,False,245.3906,0
Ex6TenZ * Razer,CounterTerrorist,957.2813,2778.411,131.2987,P250,100,100,-188.4181,90.72491,0,False,True,False,245.7422,0
Ex6TenZ * Razer,CounterTerrorist,949.4193,2782.225,131.189,P250,100,100,-99.51575,49.21291,0,False,True,False,245.7422,0
Ex6TenZ * Razer,CounterTerrorist,946.7188,2783.658,131.1438,P250,100,100,-1.040074,2.8132,0,False,True,False,245.7422,0
Ex6TenZ * Razer,CounterTerrorist,948.8433,2782.702,131.1635,P250,100,100,58.49633,-26.40933,0,False,True,False,245.7422,0
Ex6TenZ * Razer,CounterTerrorist,954.3757,2780.201,131.2247,P250,100,100,109.9216,-49.69647,0,False,True,False,245.7422,0
Ex6TenZ * Razer,CounterTerrorist,962.6501,2776.46,131.315,P250,100,100,148.1673,-67.01492,0,False,True,False,245.7422,0
Ex6TenZ * Razer,CounterTerrorist,970.0576,2773.109,131.3513,P250,100,100,113.7076,-51.43551,0,False,True,False,245.7422,0
Ex6TenZ * Razer,CounterTerrorist,977.1642,2769.894,131.4028,P250,100,100,113.7058,-51.43963,0,False,True,False,245.7422,0
Ex6TenZ * Razer,CounterTerrorist,984.2706,2766.679,131.4543,P250,100,100,113.7044,-51.44266,0,False,True,False,245.7422,0
Ex6TenZ * Razer,CounterTerrorist,992.2654,2763.063,131.5149,P250,100,100,113.7033,-51.44512,0,False,True,False,245.7422,0
Ex6TenZ * Razer,CounterTerrorist,998.4835,2760.25,131.5917,P250,100,100,113.7027,-51.44653,0,False,True,False,245.7422,0
Ex6TenZ * Razer,CounterTerrorist,1005.59,2757.035,131.6941,P250,100,100,113.7021,-51.44774,0,False,True,False,245.7422,0
Ex6TenZ * Razer,CounterTerrorist,1012.653,2753.812,131.7975,P250,100,100,109.0634,-50.3388,0,False,True,False,239.0625,0
Ex6TenZ * Razer,CounterTerrorist,1018.414,2751.153,131.8867,P250,100,100,80.3313,-37.07735,0,False,True,False,215.1563,0.3515625
Ex6TenZ * Razer,CounterTerrorist,1022.652,2749.198,131.9593,P250,100,100,58.69641,-27.09166,0,False,True,False,201.0938,0.3515625
Ex6TenZ * Razer,CounterTerrorist,1024.996,2749.162,131.9368,P250,100,100,20.96911,16.80745,0,False,True,False,200.7422,0.3515625
Ex6TenZ * Razer,CounterTerrorist,1025.371,2751.042,131.8297,P250,100,100,-2.605211,39.11555,0,False,True,False,200.7422,0.3515625
Ex6TenZ * Razer,CounterTerrorist,1024.747,2754.199,131.663,P250,100,100,-15.11235,59.46637,0,False,True,False,200.7422,0.3515625
Ex6TenZ * Razer,CounterTerrorist,1023.445,2758.644,131.4326,P250,100,100,-25.02437,79.98747,0,False,True,False,200.7422,0.703125
Ex6TenZ * Razer,CounterTerrorist,1021.648,2764.118,131.1509,P250,100,100,-28.6625,85.8304,0,False,True,False,200.7422,0.703125
Ex6TenZ * Razer,CounterTerrorist,1020.135,2768.649,130.9118,P250,100,100,-21.00395,62.89672,0,False,True,False,200.7422,0.703125
Ex6TenZ * Razer,CounterTerrorist,1019.073,2771.83,130.7345,P250,100,100,-13.8771,41.55526,0,False,True,False,202.8516,0.703125
Ex6TenZ * Razer,CounterTerrorist,1018.456,2773.677,130.6315,P250,100,100,-6.750263,20.21379,0,False,True,False,221.8359,0.703125
Ex6TenZ * Razer,CounterTerrorist,1018.282,2774.198,130.6024,P250,100,100,0,0,0,False,True,False,228.8672,359.6484
Ex6TenZ * Razer,CounterTerrorist,1018.282,2774.198,130.6024,P250,100,100,0,0,0,False,True,False,228.8672,359.6484
Ex6TenZ * Razer,CounterTerrorist,1018.282,2774.198,130.6024,P250,100,100,0,0,0,False,True,False,228.8672,359.6484
Ex6TenZ * Razer,CounterTerrorist,1017.621,2773.486,130.6562,P250,100,100,-18.87602,-15.58625,0,False,True,False,228.8672,359.6484
Ex6TenZ * Razer,CounterTerrorist,1015.54,2772.75,130.7336,P250,100,100,-43.81699,-10.50218,0,False,True,False,231.3281,359.6484
Ex6TenZ * Razer,CounterTerrorist,1011.988,2772.055,130.816,P250,100,100,-66.86291,-12.09112,0,False,True,False,233.789,0
Ex6TenZ * Razer,CounterTerrorist,1007.143,2771.004,130.9241,P250,100,100,-81.32808,-26.38181,0,False,True,False,235.8984,0
Ex6TenZ * Razer,CounterTerrorist,1002.677,2769.353,131.0613,P250,100,100,-61.9893,-22.91803,0,False,True,False,236.6016,0
Ex6TenZ * Razer,CounterTerrorist,999.5441,2768.195,131.1575,P250,100,100,-40.88541,-15.11572,0,False,True,False,236.9531,359.6484
Ex6TenZ * Razer,CounterTerrorist,997.7065,2767.487,131.2154,P250,100,100,-22.87551,-12.08573,0,False,True,False,236.9531,359.2969
Ex6TenZ * Razer,CounterTerrorist,996.032,2765.865,131.3219,P250,100,100,-30.65007,-35.73063,0,False,True,False,236.9531,359.2969
Ex6TenZ * Razer,CounterTerrorist,993.1703,2763.728,131.469,P250,100,100,-57.28284,-32.64622,0,False,True,False,237.3047,359.2969
Ex6TenZ * Razer,CounterTerrorist,988.7506,2761.68,131.6281,P250,100,100,-80.42004,-33.45056,0,False,True,False,240.4688,359.6484
Ex6TenZ * Razer,CounterTerrorist,981.1469,2758.878,131.8836,P250,100,100,-130.7055,-39.66798,0,False,True,False,243.9844,0
Ex6TenZ * Razer,CounterTerrorist,973.067,2757.924,132.0564,P250,100,100,-159.4993,-2.3781,0,False,True,False,245.0391,0
Ex6TenZ * Razer,CounterTerrorist,960.7216,2759.19,132.1876,P250,100,100,-187.0446,32.52515,0,False,True,False,245.0391,0
Ex6TenZ * Razer,CounterTerrorist,951.7612,2760.793,132.2403,P250,100,100,-122.5567,15.37181,0,False,True,False,245.0391,359.6484
Ex6TenZ * Razer,CounterTerrorist,947.7261,2760.314,132.3358,P250,100,100,-8.58525,-21.14562,0,False,True,False,245.0391,359.6484
Ex6TenZ * Razer,CounterTerrorist,949.6395,2758.424,132.3981,P250,100,100,57.09043,-38.86279,0,False,True,False,245.3906,359.6484
Ex6TenZ * Razer,CounterTerrorist,954.2548,2755.709,132.4492,P250,100,100,103.2453,-57.13331,0,False,True,False,245.3906,359.6484
Ex6TenZ * Razer,CounterTerrorist,962.0311,2751.571,132.5388,P250,100,100,110.6672,-57.68711,0,False,True,False,245.3906,359.6484
Ex6TenZ * Razer,CounterTerrorist,968.105,2748.458,132.5878,P250,100,100,111.3364,-56.38472,0,False,True,False,245.3906,359.6484
Ex6TenZ * Razer,CounterTerrorist,975.0839,2744.975,132.6865,P250,100,100,111.8903,-55.27744,0,False,True,False,245.3906,359.6484
Ex6TenZ * Razer,CounterTerrorist,980.9946,2742.055,132.7852,P250,100,100,82.41352,-40.71494,0,False,True,False,245.0391,0
Ex6TenZ * Razer,CounterTerrorist,983.9416,2740.571,132.8241,P250,100,100,20.35466,-10.73271,0,False,True,False,244.6875,0.3515625
Ex6TenZ * Razer,CounterTerrorist,983.6586,2740.689,132.8241,P250,100,100,-15.5276,7.369103,0,False,True,False,244.6875,0.3515625
Ex6TenZ * Razer,CounterTerrorist,981.9576,2741.496,132.8058,P250,100,100,-36.3181,17.20547,0,False,True,False,244.6875,0.3515625
Ex6TenZ * Razer,CounterTerrorist,977.7399,2743.474,132.7412,P250,100,100,-91.04156,42.42064,0,False,True,False,245.3906,0.3515625
Ex6TenZ * Razer,CounterTerrorist,970.4617,2746.83,132.6383,P250,100,100,-134.3364,61.48815,0,False,True,False,246.0938,0
Ex6TenZ * Razer,CounterTerrorist,960.8843,2751.165,132.5765,P250,100,100,-166.5528,74.79354,0,False,True,False,246.4453,0
Ex6TenZ * Razer,CounterTerrorist,951.1252,2755.548,132.5152,P250,100,100,-87.82015,40.0017,0,False,True,False,246.7969,0
Ex6TenZ * Razer,CounterTerrorist,949.0412,2756.542,132.4992,P250,100,100,-1.591167,1.948093,0,False,True,False,246.7969,0
Ex6TenZ * Razer,CounterTerrorist,951.1883,2755.617,132.4992,P250,100,100,59.06448,-25.44572,0,False,True,False,246.7969,0
Ex6TenZ * Razer,CounterTerrorist,956.7709,2753.212,132.5362,P250,100,100,110.8854,-47.77085,0,False,True,False,246.7969,0
Ex6TenZ * Razer,CounterTerrorist,964.4003,2749.925,132.5724,P250,100,100,114.6161,-49.37806,0,False,True,False,246.7969,0
Ex6TenZ * Razer,CounterTerrorist,972.4593,2746.454,132.6327,P250,100,100,114.6161,-49.37806,0,False,True,False,246.7969,0
Ex6TenZ * Razer,CounterTerrorist,978.7274,2743.753,132.7038,P250,100,100,114.6161,-49.37806,0,False,True,False,246.7969,0
Ex6TenZ * Razer,CounterTerrorist,985.891,2740.667,132.7985,P250,100,100,114.6161,-49.37806,0,False,True,False,246.7969,0
Ex6TenZ * Razer,CounterTerrorist,993.0546,2737.582,132.8932,P250,100,100,114.6161,-49.37806,0,False,True,False,246.7969,0
Ex6TenZ * Razer,CounterTerrorist,999.8947,2734.635,132.9854,P250,100,100,98.36679,-42.37766,0,False,True,False,245.7422,0
Ex6TenZ * Razer,CounterTerrorist,1005.091,2732.396,133.0567,P250,100,100,72.45267,-31.21353,0,False,True,False,239.0625,1.054688
Ex6TenZ * Razer,CounterTerrorist,1009.397,2731.473,133.07,P250,100,100,70.31654,2.629858,0,False,True,False,234.4922,0.703125
Ex6TenZ * Razer,CounterTerrorist,1013.939,2732.805,132.9496,P250,100,100,74.56826,34.45923,0,False,True,False,234.4922,0.703125
Ex6TenZ * Razer,CounterTerrorist,1019.341,2736.293,132.7019,P250,100,100,78.44623,60.40601,0,False,True,False,234.4922,0.703125
Ex6TenZ * Razer,CounterTerrorist,1023.686,2740.085,132.4486,P250,100,100,78.32933,76.18477,0,False,True,False,234.1406,0.703125
Ex6TenZ * Razer,CounterTerrorist,1027.313,2745.387,132.1198,P250,100,100,37.38823,86.97115,0,False,True,False,234.1406,1.054688
Ex6TenZ * Razer,CounterTerrorist,1028.099,2750.841,131.8123,P250,100,100,-4.892182,87.39745,0,False,True,False,234.4922,1.054688
Ex6TenZ * Razer,CounterTerrorist,1026.637,2756.296,131.5282,P250,100,100,-36.47589,87.08411,0,False,True,False,235.8984,0.703125
Ex6TenZ * Razer,CounterTerrorist,1023.485,2761.704,131.2642,P250,100,100,-60.30771,86.00654,0,False,True,False,237.6563,0.703125
Ex6TenZ * Razer,CounterTerrorist,1017.298,2766.333,131.0746,P250,100,100,-114.3039,46.30891,0,False,True,False,239.7656,0.3515625
Ex6TenZ * Razer,CounterTerrorist,1009.864,2767.94,131.0556,P250,100,100,-150.6934,17.46763,0,False,True,False,241.5234,0.3515625
Ex6TenZ * Razer,CounterTerrorist,999.3197,2768.049,131.1678,P250,100,100,-181.2281,-9.670542,0,False,True,False,243.6328,0.3515625
Ex6TenZ * Razer,CounterTerrorist,987.1987,2766.82,131.4016,P250,100,100,-202.3648,-16.44487,0,False,True,False,245.7422,0.3515625
Ex6TenZ * Razer,CounterTerrorist,974.0188,2767.018,131.5979,P250,100,100,-217.0168,16.55044,0,False,True,False,247.8516,0.3515625
Ex6TenZ * Razer,CounterTerrorist,960.0318,2768.878,131.7257,P250,100,100,-228.6591,38.75127,0,False,True,False,249.2578,0.3515625
Ex6TenZ * Razer,CounterTerrorist,944.4792,2771.965,131.8093,P250,100,100,-180.7558,34.54852,0,False,True,False,249.6094,0.3515625
Ex6TenZ * Razer,CounterTerrorist,937.9699,2772.85,131.8767,P250,100,100,-76.70705,3.554381,0,False,True,False,249.6094,0.3515625
Ex6TenZ * Razer,CounterTerrorist,936.641,2772.208,131.9137,P250,100,100,16.93223,-16.81619,0,False,True,False,249.6094,0.3515625
Ex6TenZ * Razer,CounterTerrorist,939.816,2770.568,131.9516,P250,100,100,76.46638,-34.52291,0,False,True,False,249.6094,0.3515625
Ex6TenZ * Razer,CounterTerrorist,946.3947,2767.801,131.9872,P250,100,100,125.4711,-51.10955,0,False,True,False,249.6094,0.3515625
Ex6TenZ * Razer,CounterTerrorist,955.5621,2764.158,132.0214,P250,100,100,161.5658,-63.32654,0,False,True,False,249.6094,0.3515625
Ex6TenZ * Razer,CounterTerrorist,966.6356,2759.868,132.0574,P250,100,100,188.1038,-72.45246,0,False,True,False,249.2578,0.3515625
Ex6TenZ * Razer,CounterTerrorist,978.3447,2755.236,132.0941,P250,100,100,115.4405,-47.4187,0,False,True,False,237.3047,0.703125
Ex6TenZ * Razer,CounterTerrorist,985.4287,2751.975,132.1946,P250,100,100,113.7118,-51.42633,0,False,True,False,224.2969,0.3515625
Ex6TenZ * Razer,CounterTerrorist,992.7489,2749.296,132.2524,P250,100,100,119.2258,-36.8815,0,False,True,False,223.9453,0.3515625
Ex6TenZ * Razer,CounterTerrorist,1000.307,2747.379,132.2886,P250,100,100,121.985,-26.35698,0,False,True,False,223.9453,0.3515625
Ex6TenZ * Razer,CounterTerrorist,1008.919,2746.672,132.2409,P250,100,100,121.9297,3.426268,0,False,True,False,223.9453,0.3515625
Ex6TenZ * Razer,CounterTerrorist,1015.49,2747.636,132.1196,P250,100,100,118.9639,27.30607,0,False,True,False,223.5938,0.3515625
Ex6TenZ * Razer,CounterTerrorist,1023.726,2750.459,131.8788,P250,100,100,114.8429,48.84814,0,False,True,False,222.8906,0.703125
Ex6TenZ * Razer,CounterTerrorist,1029.841,2753.484,131.6491,P250,100,100,109.6444,59.60822,0,False,True,False,222.8906,0.703125
Ex6TenZ * Razer,CounterTerrorist,1036.514,2757.521,131.3345,P250,100,100,104.6737,67.95927,0,False,True,False,222.8906,1.054688
Ex6TenZ * Razer,CounterTerrorist,1042.539,2761.604,130.9914,P250,100,100,85.17216,58.08042,0,False,True,False,222.8906,1.054688
Ex6TenZ * Razer,CounterTerrorist,1047.51,2764.993,130.707,P250,100,100,60.38156,41.17526,0,False,True,False,222.8906,1.054688
Ex6TenZ * Razer,CounterTerrorist,1050.01,2767.204,130.5332,P250,100,100,29.40498,45.27376,0,False,True,False,224.2969,1.757813
Ex6TenZ * Razer,CounterTerrorist,1049.633,2770.249,130.3534,P250,100,100,-39.03816,42.82599,0,False,True,False,226.0547,2.109375
Ex6TenZ * Razer,CounterTerrorist,1044.914,2772.388,130.2967,P250,100,100,-101.6535,28.41191,0,False,True,False,227.4609,2.109375
Ex6TenZ * Razer,CounterTerrorist,1036.841,2773.723,130.3308,P250,100,100,-148.4502,15.78911,0,False,True,False,230.2734,2.109375
Ex6TenZ * Razer,CounterTerrorist,1024.865,2774.181,130.5006,P250,100,100,-185.712,-1.482583,0,False,True,False,236.25,1.757813
Ex6TenZ * Razer,CounterTerrorist,1014.046,2773.629,130.7033,P250,100,100,-206.0003,-16.56145,0,False,True,False,239.7656,1.40625
Ex6TenZ * Razer,CounterTerrorist,1000.658,2772.921,130.8937,P250,100,100,-218.4235,4.942879,0,False,True,False,240.8203,1.054688
Ex6TenZ * Razer,CounterTerrorist,986.7479,2774.49,131.0219,P250,100,100,-225.5335,39.15406,0,False,True,False,241.5234,1.054688
Ex6TenZ * Razer,CounterTerrorist,972.4436,2777.833,131.0859,P250,100,100,-231.3206,63.33002,0,False,True,False,242.5781,0.703125
Ex6TenZ * Razer,CounterTerrorist,958.8108,2781.952,131.0589,P250,100,100,-187.382,56.23432,0,False,True,False,242.9297,0.703125
Ex6TenZ * Razer,CounterTerrorist,951.3237,2783.689,131.0546,P250,100,100,-72.34633,7.826852,0,False,True,False,242.9297,0.703125
Ex6TenZ * Razer,CounterTerrorist,950.3047,2782.799,131.1317,P250,100,100,24.5067,-24.03234,0,False,True,False,242.9297,0.703125
Ex6TenZ * Razer,CounterTerrorist,953.2092,2780.822,131.2153,P250,100,100,74.052,-45.67824,0,False,True,False,242.9297,0.703125
Ex6TenZ * Razer,CounterTerrorist,959.5325,2777.176,131.3288,P250,100,100,120.2145,-67.23748,0,False,True,False,242.9297,0.703125
Ex6TenZ * Razer,CounterTerrorist,969.5272,2771.728,131.4253,P250,100,100,157.7806,-84.78197,0,False,True,False,242.9297,0.703125
Ex6TenZ * Razer,CounterTerrorist,976.9542,2767.737,131.517,P250,100,100,120.7421,-64.87968,0,False,True,False,242.9297,0.703125
Ex6TenZ * Razer,CounterTerrorist,983.3326,2764.31,131.5695,Flash,100,100,88.93336,-47.78754,0,False,True,False,242.9297,0.703125
Ex6TenZ * Razer,CounterTerrorist,988.0306,2761.786,131.6288,Flash,100,100,65.50442,-35.1982,0,False,True,False,242.9297,0.703125
Ex6TenZ * Razer,CounterTerrorist,991.4279,2759.96,131.6871,Smoke,100,100,45.68456,-24.54818,0,False,True,False,242.9297,0.703125
Ex6TenZ * Razer,CounterTerrorist,993.5864,2758.8,131.7224,Smoke,100,100,25.8647,-13.89816,0,False,True,False,242.9297,0.703125
Ex6TenZ * Razer,CounterTerrorist,994.5061,2758.306,131.7386,Smoke,100,100,6.044834,-3.248136,0,False,True,False,242.9297,0.703125
Ex6TenZ * Razer,CounterTerrorist,994.5425,2758.286,131.7386,Smoke,100,100,0,0,0,False,True,False,242.9297,0.703125
Ex6TenZ * Razer,CounterTerrorist,994.5425,2758.286,131.7386,Smoke,100,100,0,0,0,False,True,False,242.9297,0.703125
Ex6TenZ * Razer,CounterTerrorist,994.5425,2758.286,131.7386,Smoke,100,100,0,0,0,False,True,False,242.9297,0.703125
Ex6TenZ * Razer,CounterTerrorist,994.3386,2758.391,131.7386,Smoke,100,100,-16.56748,8.509351,0,False,True,False,242.9297,0.703125
Ex6TenZ * Razer,CounterTerrorist,991.3252,2759.938,131.6962,Smoke,100,100,-72.83022,37.40688,0,False,True,False,242.9297,0.703125
Ex6TenZ * Razer,CounterTerrorist,985.0182,2763.178,131.6134,Smoke,100,100,-120.626,61.95564,0,False,True,False,242.9297,0.703125
Ex6TenZ * Razer,CounterTerrorist,976.1841,2767.71,131.5303,Smoke,100,100,-155.8951,79.91076,0,False,True,False,242.9297,0.703125
Ex6TenZ * Razer,CounterTerrorist,965.4843,2773.185,131.4305,Smoke,100,100,-181.9672,92.95013,0,False,True,False,243.2813,0.703125
Ex6TenZ * Razer,CounterTerrorist,953.4017,2779.338,131.3028,Smoke,100,100,-201.31,102.2786,0,False,True,False,243.2813,1.054688
Ex6TenZ * Razer,CounterTerrorist,943.4894,2783.969,131.1638,Smoke,100,100,-111.9875,0,0,False,True,False,243.6328,1.40625
Ex6TenZ * Razer,CounterTerrorist,940.1083,2782.777,131.3008,Smoke,100,100,-11.94335,-31.06849,0,False,True,False,243.6328,1.40625
Ex6TenZ * Razer,CounterTerrorist,941.9233,2780.223,131.4282,Smoke,100,100,57.01476,-49.6242,0,False,True,False,243.9844,1.757813
Ex6TenZ * Razer,CounterTerrorist,947.4194,2776.387,131.5434,Smoke,100,100,109.6455,-69.62065,0,False,True,False,243.9844,1.757813
Ex6TenZ * Razer,CounterTerrorist,955.697,2771.497,131.6517,Smoke,100,100,148.4533,-84.26225,0,False,True,False,243.9844,2.109375
Ex6TenZ * Razer,CounterTerrorist,966.0255,2765.836,131.7659,Smoke,100,100,177.0496,-95.0218,0,False,True,False,243.9844,2.109375
Ex6TenZ * Razer,CounterTerrorist,977.8642,2759.605,131.8844,Smoke,100,100,198.0899,-102.9927,0,False,True,False,243.9844,2.109375
Ex6TenZ * Razer,CounterTerrorist,989.8118,2753.436,132.0688,Smoke,100,100,198.4646,-101.7174,0,False,True,False,243.6328,2.109375
Ex6TenZ * Razer,CounterTerrorist,1003.954,2746.775,132.2755,Smoke,100,100,192.9824,-63.52653,0,False,True,False,242.9297,2.460938
Ex6TenZ * Razer,CounterTerrorist,1013.929,2745.495,132.2533,Smoke,100,100,169.0007,-7.782248,0,False,True,False,242.2266,2.8125
Ex6TenZ * Razer,CounterTerrorist,1022.339,2745.826,132.1475,Smoke,100,100,68.28468,22.34435,0,False,True,False,241.5234,2.109375
Ex6TenZ * Razer,CounterTerrorist,1023.551,2747.812,132.0259,Smoke,100,100,-9.288647,44.36389,0,False,True,False,241.5234,2.109375
Ex6TenZ * Razer,CounterTerrorist,1020.685,2751.323,131.8631,Smoke,100,100,-71.99983,65.9709,0,False,True,False,241.5234,2.109375
Ex6TenZ * Razer,CounterTerrorist,1014.45,2756.124,131.6646,Smoke,100,100,-119.2606,84.42429,0,False,True,False,241.5234,2.109375
Ex6TenZ * Razer,CounterTerrorist,1004.486,2762.676,131.4088,Smoke,100,100,-157.7205,99.4413,0,False,True,False,241.5234,2.109375
Ex6TenZ * Razer,CounterTerrorist,995.1466,2768.393,131.2008,Smoke,100,100,-179.7271,107.9969,0,False,True,False,241.5234,2.460938
Ex6TenZ * Razer,CounterTerrorist,983.2128,2775.399,131.0454,Smoke,100,100,-198.8736,114.8823,0,False,True,False,242.2266,2.8125
Ex6TenZ * Razer,CounterTerrorist,970.2528,2782.742,130.8319,Smoke,100,100,-213.3976,119.1483,0,False,True,False,242.9297,3.164063
Ex6TenZ * Razer,CounterTerrorist,956.6229,2783.969,130.9701,Smoke,100,100,-222.7422,0,0,False,True,False,243.2813,3.164063
Ex6TenZ * Razer,CounterTerrorist,942.9531,2783.75,131.197,Smoke,100,100,-144.6067,-13.82816,0,False,True,False,243.2813,3.164063
Ex6TenZ * Razer,CounterTerrorist,937.7917,2781.787,131.3974,Smoke,100,100,-38.76673,-43.5312,0,False,True,False,243.2813,3.164063
Ex6TenZ * Razer,CounterTerrorist,937.9602,2778.908,131.5703,Smoke,100,100,30.95719,-58.90422,0,False,True,False,243.2813,3.164063
Ex6TenZ * Razer,CounterTerrorist,942.0593,2774.58,131.7284,Smoke,100,100,90.02738,-76.7407,0,False,True,False,243.2813,3.164063
Ex6TenZ * Razer,CounterTerrorist,949.2893,2769.291,131.8734,Smoke,100,100,133.6858,-90.15082,0,False,True,False,243.2813,3.164063
Ex6TenZ * Razer,CounterTerrorist,958.8256,2763.294,132.017,Smoke,100,100,165.8427,-100.0281,0,False,True,False,243.2813,3.164063
Ex6TenZ * Razer,CounterTerrorist,970.0605,2756.775,132.1594,Smoke,100,100,189.5281,-107.3033,0,False,True,False,243.2813,3.164063
Ex6TenZ * Razer,CounterTerrorist,982.5466,2749.872,132.3401,Smoke,100,100,206.9737,-112.6619,0,False,True,False,243.2813,3.164063
Ex6TenZ * Razer,CounterTerrorist,994.8851,2743.219,132.5766,Smoke,100,100,175.3345,-94.40451,0,False,True,False,243.2813,3.164063
Ex6TenZ * Razer,CounterTerrorist,1003.078,2738.765,132.7357,Smoke,100,100,84.65484,-47.32996,0,False,True,False,243.2813,3.164063
Ex6TenZ * Razer,CounterTerrorist,1004.954,2737.603,132.7769,Smoke,100,100,-9.592873,4.732323,0,False,True,False,243.2813,3.164063
Ex6TenZ * Razer,CounterTerrorist,1001.794,2739.178,132.7264,Smoke,100,100,-73.2466,36.53517,0,False,True,False,243.2813,3.164063
Ex6TenZ * Razer,CounterTerrorist,996.398,2741.87,132.6349,Smoke,100,100,-116.0885,57.92262,0,False,True,False,243.2813,3.164063
Ex6TenZ * Razer,CounterTerrorist,987.7913,2746.165,132.4889,Smoke,100,100,-152.8813,76.29023,0,False,True,False,243.2813,3.164063
Ex6TenZ * Razer,CounterTerrorist,977.241,2751.429,132.3098,Smoke,100,100,-179.9813,89.81902,0,False,True,False,243.2813,3.164063
Ex6TenZ * Razer,CounterTerrorist,965.2592,2757.409,132.2036,Smoke,100,100,-199.942,99.78372,0,False,True,False,243.2813,3.164063
Ex6TenZ * Razer,CounterTerrorist,952.2231,2763.915,132.0899,Smoke,100,100,-214.6441,107.1233,0,False,True,False,243.2813,3.164063
Ex6TenZ * Razer,CounterTerrorist,936.8461,2771.589,131.9558,Smoke,100,100,-219.2152,109.4062,0,False,True,False,243.2813,3.164063
Ex6TenZ * Razer,CounterTerrorist,925.9147,2777.045,131.8605,Smoke,100,100,-160.4302,80.06757,0,False,True,False,243.2813,3.164063
Ex6TenZ * Razer,CounterTerrorist,919.9152,2780.039,131.7833,Smoke,100,100,-50.62629,25.26546,0,False,True,False,243.2813,3.164063
Ex6TenZ * Razer,CounterTerrorist,920.2064,2779.894,131.7739,Smoke,100,100,37.88707,-18.90933,0,False,True,False,243.2813,3.164063
Ex6TenZ * Razer,CounterTerrorist,923.8184,2778.091,131.831,Smoke,100,100,86.68791,-43.26568,0,False,True,False,243.2813,3.164063
Ex6TenZ * Razer,CounterTerrorist,931.9337,2774.041,131.9037,Smoke,100,100,135.8957,-67.82516,0,False,True,False,243.2813,3.164063
Ex6TenZ * Razer,CounterTerrorist,941.5867,2769.223,131.9857,Smoke,100,100,167.4704,-83.58401,0,False,True,False,243.2813,3.164063
Ex6TenZ * Razer,CounterTerrorist,951.4153,2764.312,132.0831,Smoke,100,100,188.0973,-94.11882,0,False,True,False,243.2813,3.515625
Ex6TenZ * Razer,CounterTerrorist,962.3804,2758.822,132.1796,Smoke,100,100,133.5574,-66.45934,0,False,True,False,242.5781,3.515625
Ex6TenZ * Razer,CounterTerrorist,966.9748,2756.612,132.2003,Smoke,100,100,30.35769,-12.94269,0,False,True,False,241.875,3.867188
Ex6TenZ * Razer,CounterTerrorist,965.902,2757.279,132.1998,Smoke,100,100,-29.28715,16.34859,0,False,True,False,241.5234,3.867188
Ex6TenZ * Razer,CounterTerrorist,964.7623,2757.915,132.1866,Smoke,100,100,-9.640846,5.381684,0,False,True,False,241.1719,3.867188
Ex6TenZ * Razer,CounterTerrorist,964.6515,2757.977,132.1853,Smoke,100,100,0,0,0,False,True,False,241.1719,3.867188
Ex6TenZ * Razer,CounterTerrorist,962.5488,2759.132,132.1618,Smoke,100,100,-57.93621,31.74309,0,False,True,False,241.5234,3.867188
Ex6TenZ * Razer,CounterTerrorist,957.0684,2762.105,132.1024,Smoke,100,100,-108.8823,58.64161,0,False,True,False,242.2266,3.515625
Ex6TenZ * Razer,CounterTerrorist,951.5112,2765.102,132.0431,Smoke,100,100,-51.44753,28.19858,0,False,True,False,242.5781,3.515625
Ex6TenZ * Razer,CounterTerrorist,950.5425,2765.66,132.031,Smoke,100,100,-3.463902,2.0639,0,False,True,False,242.5781,3.515625
Ex6TenZ * Razer,CounterTerrorist,950.5344,2765.665,132.0309,Smoke,100,100,0,0,0,False,True,False,242.9297,3.515625
Ex6TenZ * Razer,CounterTerrorist,950.6088,2765.627,132.0309,Smoke,100,100,9.534643,-4.89716,0,False,True,False,242.9297,3.515625
Ex6TenZ * Razer,CounterTerrorist,953.7513,2764.012,132.0467,Smoke,100,100,72.80687,-37.45224,0,False,True,False,242.5781,3.515625
Ex6TenZ * Razer,CounterTerrorist,959.1119,2761.249,132.1037,Smoke,100,100,115.3066,-59.50066,0,False,True,False,242.5781,3.515625
Ex6TenZ * Razer,CounterTerrorist,967.6576,2756.833,132.1827,Smoke,100,100,151.7605,-78.52282,0,False,True,False,242.5781,3.515625
Ex6TenZ * Razer,CounterTerrorist,974.7318,2753.179,132.2618,Smoke,100,100,67.16222,-34.45366,0,False,True,False,242.2266,3.515625
Ex6TenZ * Razer,CounterTerrorist,975.668,2752.72,132.2618,Smoke,100,100,-18.99712,10.14313,0,False,True,False,242.2266,3.515625
Ex6TenZ * Razer,CounterTerrorist,972.5139,2754.39,132.2375,Smoke,100,100,-74.89508,39.58936,0,False,True,False,242.2266,3.515625
Ex6TenZ * Razer,CounterTerrorist,965.1168,2758.284,132.1631,Smoke,100,100,-126.8644,66.53323,0,False,True,False,242.5781,3.164063
Ex6TenZ * Razer,CounterTerrorist,958.2714,2761.864,132.0954,Smoke,100,100,-112.5468,58.84061,0,False,True,False,243.2813,3.164063
Ex6TenZ * Razer,CounterTerrorist,953.2039,2764.551,132.0435,Smoke,100,100,-25.5429,14.66151,0,False,True,False,243.6328,3.164063
Ex6TenZ * Razer,CounterTerrorist,952.3406,2765.046,132.0328,Smoke,100,100,-8.468281,4.860755,0,False,True,False,243.6328,3.164063
Ex6TenZ * Razer,CounterTerrorist,952.2565,2765.094,132.0318,Smoke,100,100,0,0,0,False,True,False,243.2813,3.164063
Ex6TenZ * Razer,CounterTerrorist,952.2565,2765.094,132.0318,Smoke,100,100,0,0,0,False,True,False,243.2813,3.164063
Ex6TenZ * Razer,CounterTerrorist,953.1831,2764.63,132.0318,Smoke,100,100,37.8558,-18.97185,0,False,True,False,243.2813,3.164063
Ex6TenZ * Razer,CounterTerrorist,957.5183,2762.457,132.0718,Smoke,100,100,92.95093,-46.5834,0,False,True,False,243.2813,3.164063
Ex6TenZ * Razer,CounterTerrorist,964.9293,2758.82,132.132,Smoke,100,100,137.3284,-64.52828,0,False,True,False,252.0703,3.164063
Ex6TenZ * Razer,CounterTerrorist,976.2657,2755.093,132.1445,Smoke,100,100,176.119,-31.81168,0,False,True,False,304.4531,5.625
Ex6TenZ * Razer,CounterTerrorist,985.859,2755.299,132.0077,Smoke,100,100,174.5916,27.11873,0,False,True,False,340.3125,2.460938
Ex6TenZ * Razer,CounterTerrorist,999.1107,2758.394,131.6998,Smoke,100,100,198.3053,56.19291,0,False,True,False,341.3672,2.109375
Ex6TenZ * Razer,CounterTerrorist,1012.061,2762.596,131.3343,Smoke,100,100,213.463,74.96716,0,False,True,False,341.3672,2.109375
Ex6TenZ * Razer,CounterTerrorist,1024.113,2766.309,130.9924,Smoke,100,100,225.5058,57.20237,0,False,True,False,341.3672,2.109375
Ex6TenZ * Razer,CounterTerrorist,1040.553,2768.716,130.5888,Smoke,100,100,240.5938,21.78459,0,False,True,False,355.4297,5.273438
Ex6TenZ * Razer,CounterTerrorist,1053.892,2769.788,130.315,Smoke,100,100,244.2611,19.01299,0,False,True,False,3.867188,4.921875
Ex6TenZ * Razer,CounterTerrorist,1069.043,2770.938,130.0081,P250,100,100,239.3346,17.85918,0,False,True,False,3.867188,4.921875
Ex6TenZ * Razer,CounterTerrorist,1085.874,2772.166,129.6702,P250,100,100,239.384,17.18437,0,False,True,False,3.867188,4.921875
Ex6TenZ * Razer,CounterTerrorist,1098.966,2773.093,129.4091,P250,100,100,239.4114,16.79871,0,False,True,False,3.867188,4.921875
Ex6TenZ * Razer,CounterTerrorist,1113.93,2774.132,129.2154,P250,100,100,239.4296,16.53637,0,False,True,False,3.867188,6.328125
Ex6TenZ * Razer,CounterTerrorist,1130.766,2775.283,129.0576,P250,100,100,239.4586,16.1105,0,False,True,False,3.164063,7.03125
Ex6TenZ * Razer,CounterTerrorist,1145.733,2776.264,128.9198,P250,100,100,239.5086,15.35042,0,False,True,False,3.164063,7.734375
Ex6TenZ * Razer,CounterTerrorist,1158.832,2777.094,128.8009,P250,100,100,239.5218,15.14206,0,False,True,False,3.515625,8.4375
Ex6TenZ * Razer,CounterTerrorist,1175.673,2778.16,128.6501,P250,100,100,239.5218,15.14333,0,False,True,False,3.515625,8.4375
Ex6TenZ * Razer,CounterTerrorist,1190.643,2779.107,128.526,P250,100,100,239.5217,15.14415,0,False,True,False,3.515625,8.4375
Ex6TenZ * Razer,CounterTerrorist,1203.741,2779.936,128.2287,P250,100,100,239.5217,15.14469,0,False,True,False,3.515625,8.4375
Ex6TenZ * Razer,CounterTerrorist,1218.711,2780.884,128.0121,P250,100,100,239.5216,15.14514,0,False,True,False,3.515625,8.4375
Ex6TenZ * Razer,CounterTerrorist,1229.19,2781.546,127.8605,P250,100,100,124.5512,7.875629,0,False,True,False,3.515625,8.4375
Ex6TenZ * Razer,CounterTerrorist,1236.974,2782.039,127.748,P250,100,100,124.5512,7.875763,0,False,True,False,3.515625,8.4375
Ex6TenZ * Razer,CounterTerrorist,1244.758,2782.531,127.6354,P250,100,100,124.5512,7.875864,0,False,True,False,3.515625,8.4375
Ex6TenZ * Razer,CounterTerrorist,1253.515,2783.084,127.5088,P250,100,100,124.5512,7.875944,0,False,True,False,3.515625,8.4375
Ex6TenZ * Razer,CounterTerrorist,1260.326,2783.515,127.4103,P250,100,100,124.5512,7.87599,0,False,True,False,3.515625,8.4375
Ex6TenZ * Razer,CounterTerrorist,1269.083,2784.069,127.2836,P250,100,100,124.5512,7.876034,0,False,True,False,3.515625,8.4375
Ex6TenZ * Razer,CounterTerrorist,1276.868,2784.561,127.1711,P250,100,100,124.5512,7.87606,0,False,True,False,3.515625,8.4375
Ex6TenZ * Razer,CounterTerrorist,1283.679,2784.992,127.0726,P250,100,100,124.5512,7.876079,0,False,True,False,3.515625,8.4375
Ex6TenZ * Razer,CounterTerrorist,1292.702,2785.562,126.9421,P250,100,100,141.3311,8.937195,0,False,True,False,3.515625,8.4375
Ex6TenZ * Razer,CounterTerrorist,1302.871,2786.206,126.8307,P250,100,100,177.7155,11.23801,0,False,True,False,3.515625,8.4375
Ex6TenZ * Razer,CounterTerrorist,1314.962,2786.97,126.7188,P250,100,100,204.5146,12.9327,0,False,True,False,3.515625,8.4375
Ex6TenZ * Razer,CounterTerrorist,1328.469,2787.824,126.5939,P250,100,100,224.2537,14.18093,0,False,True,False,3.515625,8.4375
Ex6TenZ * Razer,CounterTerrorist,1341.154,2788.626,126.4765,P250,100,100,237.2089,15.00017,0,False,True,False,3.515625,8.4375
Ex6TenZ * Razer,CounterTerrorist,1349.83,2789.175,126.4719,P250,100,100,124.5512,7.876135,0,False,True,False,3.515625,8.4375
Ex6TenZ * Razer,CounterTerrorist,1357.615,2789.667,126.6176,P250,100,100,124.5512,7.876135,0,False,True,False,3.515625,8.4375
Ex6TenZ * Razer,CounterTerrorist,1365.399,2790.159,126.7633,P250,100,100,124.5512,7.876135,0,False,True,False,3.515625,8.4375
Ex6TenZ * Razer,CounterTerrorist,1373.183,2790.652,126.909,P250,100,100,124.5512,7.876135,0,False,True,False,3.515625,8.4375
Ex6TenZ * Razer,CounterTerrorist,1381.615,2791.185,126.9058,P250,100,100,151.4952,9.57997,0,False,True,False,3.515625,8.4375
Ex6TenZ * Razer,CounterTerrorist,1393.796,2791.955,126.84,P250,100,100,188.7359,11.93493,0,False,True,False,3.515625,8.4375
Ex6TenZ * Razer,CounterTerrorist,1404.808,2792.652,126.7806,P250,100,100,210.0288,13.28141,0,False,True,False,3.515625,8.4375
Ex6TenZ * Razer,CounterTerrorist,1418.606,2793.524,126.7061,P250,100,100,228.3152,14.43778,0,False,True,False,3.515625,8.4375
Ex6TenZ * Razer,CounterTerrorist,1426.391,2794.016,126.6641,P250,100,100,124.5522,7.860714,0,False,True,False,3.515625,8.4375
Ex6TenZ * Razer,CounterTerrorist,1434.176,2794.492,126.6235,P250,100,100,124.5862,7.301863,0,False,True,False,2.109375,8.085938
Ex6TenZ * Razer,CounterTerrorist,1441.965,2794.903,126.5884,P250,100,100,124.6649,5.804287,0,False,True,False,359.6484,8.085938
Ex6TenZ * Razer,CounterTerrorist,1449.76,2795.174,126.5653,P250,100,100,124.7601,3.154308,0,False,True,False,357.8906,8.085938
Ex6TenZ * Razer,CounterTerrorist,1457.559,2795.29,126.5554,P250,100,100,124.7963,0.962702,0,False,True,False,357.8906,8.085938
Ex6TenZ * Razer,CounterTerrorist,1467.515,2795.241,126.5544,P250,100,100,161.1813,-2.178373,0,False,True,False,357.8906,8.085938
Ex6TenZ * Razer,CounterTerrorist,1477.233,2795.055,126.5726,P250,100,100,189.0231,-4.243909,0,False,True,False,357.8906,8.085938
Ex6TenZ * Razer,CounterTerrorist,1488.567,2794.752,126.5885,P250,100,100,124.7403,-3.860538,0,False,True,False,355.4297,8.4375
Ex6TenZ * Razer,CounterTerrorist,1496.358,2794.395,126.6058,P250,100,100,124.5671,-7.620058,0,False,True,False,350.1563,9.140625
Ex6TenZ * Razer,CounterTerrorist,1504.131,2793.753,126.6655,P250,100,100,124.2127,-12.09302,0,False,True,False,349.4531,9.492188
Ex6TenZ * Razer,CounterTerrorist,1511.883,2792.885,126.7207,P250,100,100,123.88,-15.126,0,False,True,False,349.4531,9.492188
Ex6TenZ * Razer,CounterTerrorist,1520.581,2791.725,126.8173,P250,100,100,123.572,-17.46438,0,False,True,False,349.4531,9.492188
Ex6TenZ * Razer,CounterTerrorist,1527.332,2790.728,126.8824,P250,100,100,123.3812,-18.7645,0,False,True,False,349.4531,9.492188
Ex6TenZ * Razer,CounterTerrorist,1536,2789.358,126.9993,P250,100,100,123.1902,-19.98012,0,False,True,False,349.4531,9.492188
Ex6TenZ * Razer,CounterTerrorist,1542.733,2788.243,127.0732,P250,100,100,123.0765,-20.66913,0,False,True,False,349.4531,9.492188
Ex6TenZ * Razer,CounterTerrorist,1550.422,2786.929,127.2501,P250,100,100,122.9761,-21.25819,0,False,True,False,349.4531,9.492188
Ex6TenZ * Razer,CounterTerrorist,1558.105,2785.585,127.4265,P250,100,100,122.9006,-21.69078,0,False,True,False,349.4531,9.492188
Ex6TenZ * Razer,CounterTerrorist,1566.744,2784.045,127.5367,P250,100,100,122.838,-22.04219,0,False,True,False,349.4531,9.492188
Ex6TenZ * Razer,CounterTerrorist,1574.42,2782.66,127.6189,P250,100,100,122.7974,-22.26742,0,False,True,False,349.4531,9.492188
Ex6TenZ * Razer,CounterTerrorist,1581.134,2781.437,127.702,P250,100,100,122.7705,-22.41517,0,False,True,False,349.4531,9.492188
Ex6TenZ * Razer,CounterTerrorist,1588.807,2780.032,127.7823,P250,100,100,122.7473,-22.542,0,False,True,False,349.4531,9.492188
Ex6TenZ * Razer,CounterTerrorist,1596.478,2778.62,127.8542,P250,100,100,122.7301,-22.63539,0,False,True,False,349.4531,9.492188
Ex6TenZ * Razer,CounterTerrorist,1605.107,2777.025,128.0308,P250,100,100,122.7161,-22.71138,0,False,True,False,349.4531,9.492188
Ex6TenZ * Razer,CounterTerrorist,1611.818,2775.781,128.2154,P250,100,100,122.708,-22.75483,0,False,True,False,349.4531,9.492188
Ex6TenZ * Razer,CounterTerrorist,1619.486,2774.358,128.4267,P250,100,100,122.7011,-22.79213,0,False,True,False,349.4531,9.492188
Ex6TenZ * Razer,CounterTerrorist,1628.114,2772.754,128.6648,P250,100,100,122.6954,-22.82249,0,False,True,False,349.4531,9.492188
Ex6TenZ * Razer,CounterTerrorist,1635.782,2771.327,128.8768,P250,100,100,122.6918,-22.84197,0,False,True,False,349.4531,9.492188
Ex6TenZ * Razer,CounterTerrorist,1642.491,2770.078,129.0623,P250,100,100,122.6894,-22.85475,0,False,True,False,349.4531,9.492188
Ex6TenZ * Razer,CounterTerrorist,1651.118,2768.47,129.301,P250,100,100,122.6872,-22.86688,0,False,True,False,349.4531,9.492188
Ex6TenZ * Razer,CounterTerrorist,1658.786,2767.04,129.5133,P250,100,100,122.6857,-22.87466,0,False,True,False,349.4531,9.492188
Ex6TenZ * Razer,CounterTerrorist,1665.495,2765.789,129.6991,P250,100,100,122.6848,-22.87977,0,False,True,False,349.4531,9.492188
Ex6TenZ * Razer,CounterTerrorist,1674.122,2764.181,129.9379,P250,100,100,122.6839,-22.88461,0,False,True,False,349.4531,9.492188
Ex6TenZ * Razer,CounterTerrorist,1681.79,2762.751,130.1166,P250,100,100,122.6833,-22.88773,0,False,True,False,349.4531,9.492188
Ex6TenZ * Razer,CounterTerrorist,1689.458,2761.322,130.1843,P250,100,100,122.6829,-22.89001,0,False,True,False,349.4531,9.492188
Ex6TenZ * Razer,CounterTerrorist,1696.167,2760.069,130.2352,P250,100,100,122.6812,-22.89912,0,False,True,False,349.4531,9.492188
Ex6TenZ * Razer,CounterTerrorist,1704.793,2758.457,130.3205,P250,100,100,122.6703,-22.95729,0,False,True,False,349.4531,9.492188
Ex6TenZ * Razer,CounterTerrorist,1711.964,2757.113,130.3746,Knife,100,100,145.9122,-27.36915,0,False,True,False,349.4531,9.492188
Ex6TenZ * Razer,CounterTerrorist,1721.911,2755.245,130.4747,Knife,100,100,127.7654,-23.9999,0,False,True,False,349.4531,9.492188
Ex6TenZ * Razer,CounterTerrorist,1728.899,2753.933,130.1885,Knife,100,100,127.7627,-24.01435,0,False,True,False,349.4531,9.492188
Ex6TenZ * Razer,CounterTerrorist,1736.884,2752.431,129.6358,Knife,100,100,127.7604,-24.02675,0,False,True,False,349.4531,9.492188
Ex6TenZ * Razer,CounterTerrorist,1745.868,2750.741,128.8894,Knife,100,100,127.7585,-24.03683,0,False,True,False,349.4531,9.492188
Ex6TenZ * Razer,CounterTerrorist,1753.531,2748.468,128.198,Knife,100,100,117.8482,-47.79494,0,False,True,False,349.4531,9.492188
Ex6TenZ * Razer,CounterTerrorist,1760.584,2744.732,127.7321,Knife,100,100,109.3373,-68.19767,0,False,True,False,349.4531,9.492188
Ex6TenZ * Razer,CounterTerrorist,1766.349,2740.592,127.4639,Knife,100,100,102.1623,-80.39195,0,False,True,False,349.4531,9.492188
Ex6TenZ * Razer,CounterTerrorist,1773.187,2734.531,127.265,Knife,100,100,93.65301,-90.16161,0,False,True,False,349.4531,9.492188
Ex6TenZ * Razer,CounterTerrorist,1778.832,2728.688,127.1878,Knife,100,100,87.96766,-95.71671,0,False,True,False,349.4531,9.492188
Ex6TenZ * Razer,CounterTerrorist,1784.176,2722.569,127.193,Knife,100,100,83.78359,-99.39975,0,False,True,False,349.4531,9.492188
Ex6TenZ * Razer,CounterTerrorist,1788.66,2717.052,127.2606,Knife,100,100,80.37727,-102.1738,0,False,True,False,344.5313,8.085938
Ex6TenZ * Razer,CounterTerrorist,1793.503,2710.53,127.3423,Knife,100,100,79.38624,-102.9457,0,False,True,False,324.1406,7.734375
Ex6TenZ * Razer,CounterTerrorist,1798.657,2704.248,127.4091,Knife,100,100,83.28792,-99.81544,0,False,True,False,309.375,6.679688
Ex6TenZ * Razer,CounterTerrorist,1803.778,2697.941,127.4775,Knife,100,100,80.4407,-102.1239,0,False,True,False,302.3438,6.679688
Ex6TenZ * Razer,CounterTerrorist,1808.689,2691.469,127.4591,Knife,100,100,77.29118,-104.5279,0,False,True,False,301.9922,6.679688
Ex6TenZ * Razer,CounterTerrorist,1813.438,2684.876,127.457,Knife,100,100,75.08549,-106.1234,0,False,True,False,301.9922,6.679688
Ex6TenZ * Razer,CounterTerrorist,1817.862,2677.078,127.5021,Knife,100,100,49.18742,-116.1599,0,False,True,False,301.9922,6.679688
Ex6TenZ * Razer,CounterTerrorist,1819.92,2670.484,127.6481,Knife,100,100,29.70957,-123.6003,0,False,True,False,301.9922,6.679688
Ex6TenZ * Razer,CounterTerrorist,1822.115,2661.678,127.6628,Knife,100,100,37.61347,-124.4397,0,False,True,False,301.9922,6.679688
Ex6TenZ * Razer,CounterTerrorist,1824.835,2654.024,127.5324,Knife,100,100,47.64542,-120.9542,0,False,True,False,302.6953,7.382813
Ex6TenZ * Razer,CounterTerrorist,1827.646,2647.495,127.3976,Knife,100,100,53.92594,-118.2878,0,False,True,False,302.6953,7.382813
Ex6TenZ * Razer,CounterTerrorist,1831.693,2639.248,127.2035,Knife,100,100,62.67971,-120.707,0,False,True,False,302.6953,7.382813
Ex6TenZ * Razer,CounterTerrorist,1836.532,2630.499,127.5227,Knife,100,100,87.78012,-153.5016,0,False,True,False,302.6953,7.382813
Ex6TenZ * Razer,CounterTerrorist,1841.867,2621.406,127.7374,Knife,100,100,104.2541,-175.0254,0,False,True,False,302.6953,7.382813
Ex6TenZ * Razer,CounterTerrorist,1846.583,2613.577,127.8484,Knife,100,100,67.56689,-111.0618,0,False,True,False,302.6953,7.382813
Ex6TenZ * Razer,CounterTerrorist,1850.3,2607.516,127.7452,Knife,100,100,68.24085,-110.6489,0,False,True,False,302.6953,7.382813
Ex6TenZ * Razer,CounterTerrorist,1854.587,2600.614,127.6261,Knife,100,100,68.86944,-110.2588,0,False,True,False,303.3984,7.382813
Ex6TenZ * Razer,CounterTerrorist,1859.532,2592.927,127.4887,Knife,100,100,72.48986,-107.913,0,False,True,False,312.5391,8.085938
Ex6TenZ * Razer,CounterTerrorist,1864.328,2586.371,127.3555,Knife,100,100,80.05891,-102.4235,0,False,True,False,318.8672,8.085938
Ex6TenZ * Razer,CounterTerrorist,1869.542,2580.141,127.3975,Knife,100,100,85.71812,-97.73641,0,False,True,False,318.8672,8.085938
Ex6TenZ * Razer,CounterTerrorist,1875.04,2574.16,127.2084,Knife,100,100,89.49845,-94.28693,0,False,True,False,318.8672,8.085938
Ex6TenZ * Razer,CounterTerrorist,1880.007,2569.074,126.9641,Knife,100,100,91.69907,-92.14815,0,False,True,False,318.8672,8.085938
Ex6TenZ * Razer,CounterTerrorist,1885.808,2563.385,127.405,Knife,100,100,93.71291,-90.09933,0,False,True,False,320.2734,9.492188
Ex6TenZ * Razer,CounterTerrorist,1892.505,2557.164,127.5863,Knife,100,100,96.52657,-87.07824,0,False,True,False,322.7344,9.140625
Ex6TenZ * Razer,CounterTerrorist,1897.846,2552.473,127.7082,Knife,100,100,98.43429,-84.91579,0,False,True,False,323.0859,8.789063
Ex6TenZ * Razer,CounterTerrorist,1904.055,2547.232,127.7406,Knife,100,100,99.96233,-83.11156,0,False,True,False,323.0859,8.789063
Ex6TenZ * Razer,CounterTerrorist,1910.342,2542.086,127.6649,Knife,100,100,101.0351,-81.80411,0,False,True,False,323.0859,8.789063
Ex6TenZ * Razer,CounterTerrorist,1917.986,2536.26,127.5792,Knife,100,100,139.9798,-90.38071,0,False,True,False,323.0859,8.789063
Ex6TenZ * Razer,CounterTerrorist,1928.173,2531.889,127.3754,Knife,100,100,179.1505,-55.57907,0,False,True,False,323.0859,8.789063
Ex6TenZ * Razer,CounterTerrorist,1942.078,2529.144,127.0543,Knife,100,100,211.0269,-27.25817,0,False,True,False,323.0859,8.789063
Ex6TenZ * Razer,CounterTerrorist,1954.21,2528.179,127.4596,Knife,100,100,229.2527,-11.06531,0,False,True,False,323.0859,8.789063
Ex6TenZ * Razer,CounterTerrorist,1969.065,2527.81,127.4538,Knife,100,100,240.8539,-13.08,0,False,True,False,323.0859,8.789063
Ex6TenZ * Razer,CounterTerrorist,1981.461,2526.143,127.4271,Knife,100,100,127.6439,-24.63822,0,False,True,False,323.0859,8.789063
Ex6TenZ * Razer,CounterTerrorist,1990.247,2523.651,127.6829,Knife,100,100,122.6968,-42.95922,0,False,True,False,323.0859,8.789063
Ex6TenZ * Razer,CounterTerrorist,1996.835,2520.982,127.7923,Knife,100,100,118.8278,-52.72537,0,False,True,False,323.0859,8.789063
Ex6TenZ * Razer,CounterTerrorist,2004.156,2517.462,127.7727,Knife,100,100,117.8966,-54.4336,0,False,True,False,323.0859,8.789063
Ex6TenZ * Razer,CounterTerrorist,2011.819,2514.802,127.7579,Knife,100,100,125.4478,-34.10068,0,False,True,False,323.0859,8.789063
Ex6TenZ * Razer,CounterTerrorist,2020.793,2513.1,127.7485,Knife,100,100,128.8596,-17.18126,0,False,True,False,323.0859,8.789063
Ex6TenZ * Razer,CounterTerrorist,2027.873,2512.469,127.6515,Knife,100,100,129.7717,-7.701886,0,False,True,False,323.0859,8.789063
Ex6TenZ * Razer,CounterTerrorist,2038.215,2512.435,127.2279,Knife,100,100,167.1583,5.604759,0,False,True,False,323.0859,8.789063
Ex6TenZ * Razer,CounterTerrorist,2049.837,2513.134,126.7437,Knife,100,100,199.169,15.11962,0,False,True,False,323.0859,8.789063
Ex6TenZ * Razer,CounterTerrorist,2061.411,2514.164,126.2613,Knife,100,100,220.1784,21.36443,0,False,True,False,323.0859,8.789063
Ex6TenZ * Razer,CounterTerrorist,2075.835,2515.696,125.6601,Knife,100,100,238.2213,26.72749,0,False,True,False,323.0859,8.789063
Ex6TenZ * Razer,CounterTerrorist,2093.107,2517.743,124.9703,Knife,100,100,248.1436,30.40952,0,False,True,False,323.0859,8.789063
Ex6TenZ * Razer,CounterTerrorist,2106.443,2519.392,124.8234,Flash,100,100,243.1684,29.90235,0,False,True,False,320.9766,9.492188
Ex6TenZ * Razer,CounterTerrorist,2123.562,2521.304,124.688,Flash,100,100,243.8753,23.44889,0,False,True,False,313.5938,11.60156
Ex6TenZ * Razer,CounterTerrorist,2138.843,2522.223,124.9967,Flash,100,100,244.9205,6.242372,0,False,True,False,301.9922,12.30469
Ex6TenZ * Razer,CounterTerrorist,2154.14,2521.73,125.5351,Flash,100,100,244.2285,-19.42795,0,False,True,False,292.8516,11.95313
Ex6TenZ * Razer,CounterTerrorist,2167.417,2519.959,126.2639,Flash,100,100,241.4503,-41.55428,0,False,True,False,290.0391,12.30469
Ex6TenZ * Razer,CounterTerrorist,2184.217,2516.17,127.8294,Flash,100,100,236.8917,-62.50846,0,False,True,False,290.0391,12.30469
Ex6TenZ * Razer,CounterTerrorist,2198.889,2511.796,129.093,Flash,100,100,233.2026,-75.11028,0,False,True,False,290.0391,12.30469
Ex6TenZ * Razer,CounterTerrorist,2213.356,2506.781,128.575,Flash,100,100,230.2565,-83.70757,0,False,True,False,290.0391,12.30469
Ex6TenZ * Razer,CounterTerrorist,2225.886,2502.036,128.0588,Flash,100,100,228.3345,-88.81643,0,False,True,False,290.0391,12.30469
Ex6TenZ * Razer,CounterTerrorist,2237.815,2495.984,127.3515,Flash,100,100,105.2214,-70.03667,0,False,True,False,290.0391,12.30469
Ex6TenZ * Razer,CounterTerrorist,2243.162,2491.602,126.8681,Flash,100,100,92.65421,-87.06783,0,False,True,False,290.0391,12.30469
Ex6TenZ * Razer,CounterTerrorist,2249.346,2485.125,126.5323,Flash,100,100,90.52199,-89.64669,0,False,True,False,290.0391,12.30469
Ex6TenZ * Razer,CounterTerrorist,2255.121,2480.216,126.2779,Flash,100,100,121.9451,-92.90598,0,False,True,False,290.0391,12.30469
Ex6TenZ * Razer,CounterTerrorist,2263.77,2471.918,125.8478,Flash,100,100,119.2639,-140.0037,0,False,True,False,290.0391,12.30469
Ex6TenZ * Razer,CounterTerrorist,2270.158,2463.302,125.4012,Flash,100,100,118.2545,-167.5227,0,False,True,False,290.0391,12.30469
Ex6TenZ * Razer,CounterTerrorist,2278.909,2453.281,124.8615,Flash,100,100,155.3052,-155.3028,0,False,True,False,290.0391,12.30469
Ex6TenZ * Razer,CounterTerrorist,2289.618,2443.904,124.3441,Flash,100,100,182.5952,-146.3021,0,False,True,False,290.0391,12.30469
Ex6TenZ * Razer,CounterTerrorist,2303.345,2433.934,123.7871,Flash,100,100,202.7342,-137.5639,0,False,True,False,290.0391,12.30469
Ex6TenZ * Razer,CounterTerrorist,2314.617,2426.694,123.21,Flash,100,100,208.3686,-128.8702,0,False,True,False,290.0391,12.30469
Ex6TenZ * Razer,CounterTerrorist,2326.203,2419.814,122.5748,Flash,100,100,110.3336,-63.69656,0,False,True,False,290.0391,12.30469
Ex6TenZ * Razer,CounterTerrorist,2333.155,2415.931,122.2088,Flash,100,100,111.8288,-61.03334,0,False,True,False,290.0391,12.30469
Ex6TenZ * Razer,CounterTerrorist,2341.064,2411.726,121.9757,Flash,100,100,112.9425,-58.94695,0,False,True,False,290.0391,12.30469
Ex6TenZ * Razer,CounterTerrorist,2347.952,2407.79,121.9502,Flash,100,100,108.3605,-66.99818,0,False,True,False,290.0391,12.30469
Ex6TenZ * Razer,CounterTerrorist,2354.441,2402.701,121.8407,Flash,100,100,101.7972,-102.2044,0,False,True,False,290.0391,12.30469
Ex6TenZ * Razer,CounterTerrorist,2360.761,2394.702,121.9066,Flash,100,100,100.6412,-146.0727,0,False,True,False,290.0391,12.30469
Ex6TenZ * Razer,CounterTerrorist,2367.02,2384.386,122.3851,Flash,100,100,99.7897,-178.3842,0,False,True,False,290.0391,12.30469
Ex6TenZ * Razer,CounterTerrorist,2373.233,2372.363,122.9036,Flash,100,100,99.16254,-202.1834,0,False,True,False,290.0391,12.30469
Ex6TenZ * Razer,CounterTerrorist,2378.643,2360.799,123.08,Flash,100,100,98.75092,-217.8034,0,False,True,False,290.0391,12.30469
Ex6TenZ * Razer,CounterTerrorist,2385.499,2345.06,123.2017,Flash,100,100,95.65155,-225.5566,0,False,True,False,290.0391,12.30469
Ex6TenZ * Razer,CounterTerrorist,2390.636,2332.686,123.2743,Flash,100,100,92.75101,-226.7648,0,False,True,False,290.0391,12.30469
Ex6TenZ * Razer,CounterTerrorist,2397.046,2316.696,123.3943,Flash,100,100,90.03726,-227.8559,0,False,True,False,290.0391,12.30469
Ex6TenZ * Razer,CounterTerrorist,2401.96,2304.104,123.4663,Knife,100,100,90.20428,-233.1591,0,False,True,False,290.0391,12.30469
Ex6TenZ * Razer,CounterTerrorist,2407.55,2289.513,123.5014,Knife,100,100,88.86961,-233.6711,0,False,True,False,289.6875,12.30469
Ex6TenZ * Razer,CounterTerrorist,2413.01,2274.873,123.5842,Knife,100,100,85.12961,-235.0595,0,False,True,False,284.7656,11.60156
Ex6TenZ * Razer,CounterTerrorist,2418.517,2258.182,123.7909,Knife,100,100,72.60798,-239.2239,0,False,True,False,279.1406,11.25
Ex6TenZ * Razer,CounterTerrorist,2422.688,2243.125,123.935,Knife,100,100,62.58585,-242.0393,0,False,True,False,278.7891,11.25
Ex6TenZ * Razer,CounterTerrorist,2425.908,2229.838,124.0382,Knife,100,100,56.40017,-243.555,0,False,True,False,278.7891,11.25
Ex6TenZ * Razer,CounterTerrorist,2429.248,2214.574,124.1382,Knife,100,100,51.38508,-244.6622,0,False,True,False,278.7891,11.25
Ex6TenZ * Razer,CounterTerrorist,2432.326,2199.256,124.3312,Knife,100,100,47.68454,-245.4102,0,False,True,False,278.4375,10.89844
Ex6TenZ * Razer,CounterTerrorist,2435.403,2181.95,124.528,Knife,100,100,39.12266,-246.9199,0,False,True,False,271.7578,9.492188
Ex6TenZ * Razer,CounterTerrorist,2437.179,2168.395,124.5981,Knife,100,100,27.2875,-248.5063,0,False,True,False,267.5391,9.492188
Ex6TenZ * Razer,CounterTerrorist,2438.473,2152.825,124.5479,Knife,100,100,16.17279,-249.4763,0,False,True,False,267.5391,9.140625
Ex6TenZ * Razer,CounterTerrorist,2439.205,2137.218,124.1916,Knife,100,100,8.667556,-249.8497,0,False,True,False,267.5391,9.140625
Ex6TenZ * Razer,CounterTerrorist,2439.556,2121.597,123.8198,Knife,100,100,3.51132,-249.9753,0,False,True,False,267.5391,9.140625
Ex6TenZ * Razer,CounterTerrorist,2439.638,2105.972,123.9562,Knife,100,100,-0.3305348,-249.9998,0,False,True,False,266.8359,9.492188
Ex6TenZ * Razer,CounterTerrorist,2439.331,2088.398,123.9381,Knife,100,100,-8.52935,-249.8545,0,False,True,False,261.9141,9.84375
Ex6TenZ * Razer,CounterTerrorist,2438.594,2074.746,123.8867,Knife,100,100,-16.98375,-249.4224,0,False,True,False,260.5078,9.492188
Ex6TenZ * Razer,CounterTerrorist,2437.073,2057.235,123.7806,Knife,100,100,-24.85396,-248.7615,0,False,True,False,260.1563,9.492188
Ex6TenZ * Razer,CounterTerrorist,2435.577,2043.645,123.43,Knife,100,100,-29.07318,-248.3037,0,False,True,False,260.1563,9.492188
Ex6TenZ * Razer,CounterTerrorist,2433.63,2028.142,123.0782,Knife,100,100,-32.57977,-247.868,0,False,True,False,260.1563,9.492188
Ex6TenZ * Razer,CounterTerrorist,2431.501,2012.663,122.8556,Knife,100,100,-35.11169,-247.522,0,False,True,False,260.1563,9.492188
Ex6TenZ * Razer,CounterTerrorist,2428.948,1995.271,122.9823,Knife,100,100,-37.1486,-247.2245,0,False,True,False,260.1563,9.492188
Ex6TenZ * Razer,CounterTerrorist,2426.879,1981.757,123.0549,Knife,100,100,-38.30604,-247.0479,0,False,True,False,260.1563,9.492188
Ex6TenZ * Razer,CounterTerrorist,2424.141,1964.393,123.125,Knife,100,100,-39.40054,-246.8757,0,False,True,False,260.1563,9.492188
Ex6TenZ * Razer,CounterTerrorist,2421.966,1950.896,123.253,Knife,100,100,-40.04036,-246.7727,0,False,True,False,260.1563,9.492188
Ex6TenZ * Razer,CounterTerrorist,2419.105,1933.552,123.2306,Knife,100,100,-41.25546,-246.5725,0,False,True,False,259.8047,9.492188
Ex6TenZ * Razer,CounterTerrorist,2416.827,1920.071,123.2097,Knife,100,100,-41.77608,-246.4848,0,False,True,False,260.5078,9.492188
Ex6TenZ * Razer,CounterTerrorist,2414.245,1904.661,123.2493,Knife,100,100,-40.89608,-246.6323,0,False,True,False,261.2109,9.140625
Ex6TenZ * Razer,CounterTerrorist,2411.404,1887.314,124.0694,Knife,100,100,-40.04755,-246.7715,0,False,True,False,261.2109,9.140625
Ex6TenZ * Razer,CounterTerrorist,2408.921,1871.887,124.9264,Knife,100,100,-39.50336,-246.8592,0,False,True,False,261.2109,9.140625
Ex6TenZ * Razer,CounterTerrorist,2405.988,1856.607,125.7754,Knife,100,100,-64.67937,-238.2053,0,False,True,False,261.5625,9.140625
Ex6TenZ * Razer,CounterTerrorist,2400.33,1842.309,126.6135,Knife,100,100,-108.3139,-222.586,0,False,True,False,264.0234,8.085938
Ex6TenZ * Razer,CounterTerrorist,2393.722,1830.37,127.421,Knife,100,100,-119.5773,-219.5479,0,False,True,False,265.0781,7.734375
Ex6TenZ * Razer,CounterTerrorist,2387.257,1816.155,128.3988,Knife,100,100,-91.99672,-232.4577,0,False,True,False,265.0781,7.734375
Ex6TenZ * Razer,CounterTerrorist,2382.26,1801.355,129.437,Knife,100,100,-71.5234,-239.5504,0,False,True,False,265.0781,7.734375
Ex6TenZ * Razer,CounterTerrorist,2377.904,1784.329,139.8713,Knife,100,100,-55.21518,-243.8263,0,False,True,False,265.0781,7.734375
Ex6TenZ * Razer,CounterTerrorist,2374.824,1769.012,147.53,Knife,100,100,-45.19012,-245.8818,0,False,True,False,265.0781,7.734375
Ex6TenZ * Razer,CounterTerrorist,2372.552,1755.53,154.2707,Knife,100,100,-39.13986,-246.9171,0,False,True,False,265.0781,7.734375
Ex6TenZ * Razer,CounterTerrorist,2370.109,1739.179,160.0313,Knife,100,100,-30.12498,-204.3022,0,False,True,False,265.0781,7.734375
Ex6TenZ * Razer,CounterTerrorist,2368.518,1728.386,160.0313,Knife,100,100,-22.18874,-150.4801,0,False,True,False,265.0781,7.734375
Ex6TenZ * Razer,CounterTerrorist,2367.346,1720.437,160.0313,Knife,100,100,-16.34325,-110.837,0,False,True,False,265.0781,7.734375
Ex6TenZ * Razer,CounterTerrorist,2366.34,1712.901,160.0313,Knife,100,100,-17.10184,-141.1945,0,False,True,False,265.0781,7.734375
Ex6TenZ * Razer,CounterTerrorist,2365.234,1703.032,160.0313,Knife,100,100,-13.93311,-129.2512,0,False,True,False,265.0781,7.734375
Ex6TenZ * Razer,CounterTerrorist,2364.494,1695.961,160.0313,Knife,100,100,-13.24873,-129.3231,0,False,True,False,265.4297,7.734375
Ex6TenZ * Razer,CounterTerrorist,2363.694,1687.876,160.0313,Knife,100,100,-12.48848,-129.3987,0,False,True,False,265.4297,7.03125
Ex6TenZ * Razer,CounterTerrorist,2362.934,1679.787,160.0313,Knife,100,100,-11.93009,-129.4514,0,False,True,False,265.4297,7.03125
Ex6TenZ * Razer,CounterTerrorist,2362.112,1671.722,160.0313,Knife,100,100,-19.25322,-127.1892,0,False,True,False,265.4297,7.03125
Ex6TenZ * Razer,CounterTerrorist,2359.977,1664.051,160.0313,Knife,100,100,-44.59814,-119.5905,0,False,True,False,265.4297,7.03125
Ex6TenZ * Razer,CounterTerrorist,2356.292,1655.759,160.0313,Knife,100,100,-50.1273,-119.9469,0,False,True,False,265.4297,7.03125
Ex6TenZ * Razer,CounterTerrorist,2353.883,1649.072,160.0313,Knife,100,100,-39.876,-123.7332,0,False,True,False,265.4297,7.03125
Ex6TenZ * Razer,CounterTerrorist,2351.735,1641.239,160.0313,Knife,100,100,-30.0418,-126.4812,0,False,True,False,270,7.734375
Ex6TenZ * Razer,CounterTerrorist,2350.064,1630.462,160.0313,Knife,100,100,-29.92612,-169.9448,0,False,True,False,286.875,8.4375
Ex6TenZ * Razer,CounterTerrorist,2347.208,1618.967,160.0313,Knife,100,100,-56.6099,-193.7961,0,False,True,False,288.2813,8.085938
Ex6TenZ * Razer,CounterTerrorist,2342.955,1606.206,160.0313,Knife,100,100,-76.08755,-211.4534,0,False,True,False,288.2813,8.085938
Ex6TenZ * Razer,CounterTerrorist,2338.761,1594.239,160.0313,Knife,100,100,-64.74912,-224.7665,0,False,True,False,288.2813,8.085938
Ex6TenZ * Razer,CounterTerrorist,2336.896,1584.478,160.0313,Knife,100,100,-12.65663,-129.3824,0,False,True,False,292.1484,8.4375
Ex6TenZ * Razer,CounterTerrorist,2336.776,1577.375,160.0313,Knife,100,100,5.380368,-129.8886,0,False,True,False,296.7188,8.4375
Ex6TenZ * Razer,CounterTerrorist,2337.74,1569.314,160.0313,Knife,100,100,22.59924,-128.0206,0,False,True,False,299.1797,7.734375
Ex6TenZ * Razer,CounterTerrorist,2339.906,1560.438,160.0313,Knife,100,100,36.5512,-124.7558,0,False,True,False,299.5313,7.734375
Ex6TenZ * Razer,CounterTerrorist,2342.15,1553.693,160.0313,Knife,100,100,44.04187,-122.3124,0,False,True,False,299.5313,7.734375
Ex6TenZ * Razer,CounterTerrorist,2345.523,1545.199,160.0313,Knife,100,100,50.70012,-119.7059,0,False,True,False,299.5313,7.734375
Ex6TenZ * Razer,CounterTerrorist,2348.836,1537.78,160.0313,Knife,100,100,54.56107,-117.9961,0,False,True,False,299.5313,7.734375
Ex6TenZ * Razer,CounterTerrorist,2351.896,1531.363,160.0313,Knife,100,100,56.87885,-116.8965,0,False,True,False,299.5313,7.734375
Ex6TenZ * Razer,CounterTerrorist,2356.116,1522.945,160.0313,Knife,100,100,67.54086,-131.1122,0,False,True,False,299.5313,7.734375
Ex6TenZ * Razer,CounterTerrorist,2361.069,1513.56,160.0313,Knife,100,100,87.45003,-163.5235,0,False,True,False,299.5313,7.734375
Ex6TenZ * Razer,CounterTerrorist,2366.275,1503.927,160.0313,Knife,100,100,100.5169,-184.7957,0,False,True,False,299.5313,7.734375
Ex6TenZ * Razer,CounterTerrorist,2375.498,1492.203,160.0313,Knife,100,100,153.0205,-153.8593,0,False,True,False,299.5313,7.734375
Ex6TenZ * Razer,CounterTerrorist,2384.84,1484.363,160.0313,Knife,100,100,183.0402,-136.171,0,False,True,False,299.5313,7.734375
Ex6TenZ * Razer,CounterTerrorist,2397.227,1476.41,160.0313,Knife,100,100,208.8212,-120.9802,0,False,True,False,299.5313,7.734375
Ex6TenZ * Razer,CounterTerrorist,2411.858,1468.835,160.0313,Knife,100,100,117.1121,-56.43353,0,False,True,False,299.5313,7.734375
Ex6TenZ * Razer,CounterTerrorist,2419.282,1465.538,160.0313,Knife,100,100,119.9207,-50.18994,0,False,True,False,299.5313,7.734375
Ex6TenZ * Razer,CounterTerrorist,2426.844,1462.564,160.0313,Knife,100,100,121.6663,-45.79646,0,False,True,False,299.5313,7.734375
Ex6TenZ * Razer,CounterTerrorist,2433.529,1460.147,160.0313,Knife,100,100,122.6385,-43.12554,0,False,True,False,299.5313,7.734375
Ex6TenZ * Razer,CounterTerrorist,2442.187,1457.215,160.0313,Knife,100,100,123.4653,-40.69807,0,False,True,False,299.5313,7.734375
Ex6TenZ * Razer,CounterTerrorist,2449.921,1454.727,160.0313,Knife,100,100,123.9563,-39.17694,0,False,True,False,299.5313,7.734375
Ex6TenZ * Razer,CounterTerrorist,2456.71,1452.617,160.0313,Knife,100,100,124.2643,-38.18883,0,False,True,False,299.5313,7.734375
Ex6TenZ * Razer,CounterTerrorist,2464.486,1450.261,160.0313,Knife,100,100,124.5206,-37.34455,0,False,True,False,299.5313,7.734375
Ex6TenZ * Razer,CounterTerrorist,2472.276,1447.95,160.0313,Knife,100,100,124.7049,-36.72434,0,False,True,False,299.5313,7.734375
Ex6TenZ * Razer,CounterTerrorist,2480.075,1445.672,160.0313,Knife,100,100,124.8384,-36.26802,0,False,True,False,299.5313,7.734375
Ex6TenZ * Razer,CounterTerrorist,2488.857,1443.137,160.0313,Knife,100,100,124.9457,-35.89683,0,False,True,False,299.5313,7.734375
Ex6TenZ * Razer,CounterTerrorist,2496.585,1440.708,160.0313,Knife,100,100,122.8149,-42.62031,0,False,True,False,299.5313,7.734375
Ex6TenZ * Razer,CounterTerrorist,2502.932,1437.695,160.0313,Knife,100,100,111.3737,-63.68288,0,False,True,False,298.8281,7.734375
Ex6TenZ * Razer,CounterTerrorist,2510.185,1432.335,160.0313,Knife,100,100,95.13815,-86.0145,0,False,True,False,283.0078,6.328125
Ex6TenZ * Razer,CounterTerrorist,2514.766,1427.138,160.0313,Knife,100,100,74.45668,-101.2824,0,False,True,False,266.8359,4.570313
Ex6TenZ * Razer,CounterTerrorist,2519.416,1419.565,160.0313,Knife,100,100,68.10233,-109.8076,0,False,True,False,264.7266,3.515625
Ex6TenZ * Razer,CounterTerrorist,2523.864,1412.766,160.0313,Knife,100,100,72.96082,-107.5952,0,False,True,False,264.7266,3.515625
Ex6TenZ * Razer,CounterTerrorist,2527.855,1406.897,160.0313,Knife,100,100,68.36204,-109.5399,0,False,True,False,264.7266,3.515625
Ex6TenZ * Razer,CounterTerrorist,2531.594,1397.894,160.0313,Knife,100,100,41.26164,-150.1334,0,False,True,False,263.6719,3.515625
Ex6TenZ * Razer,CounterTerrorist,2533.22,1388.629,160.0313,Knife,100,100,21.14638,-182.5479,0,False,True,False,259.8047,3.867188
Ex6TenZ * Razer,CounterTerrorist,2533.763,1374.559,160.0313,Knife,100,100,-2.399404,-212.5022,0,False,True,False,257.3438,3.867188
Ex6TenZ * Razer,CounterTerrorist,2532.995,1360.611,160.0313,Flash,100,100,-19.29682,-230.288,0,False,True,False,256.2891,3.515625
Ex6TenZ * Razer,CounterTerrorist,2531.573,1347.655,160.0313,Flash,100,100,-30.6105,-241.4297,0,False,True,False,256.2891,3.515625
Ex6TenZ * Razer,CounterTerrorist,2529.352,1332.506,160.0313,Flash,100,100,-38.71305,-241.9221,0,False,True,False,256.2891,3.515625
Ex6TenZ * Razer,CounterTerrorist,2528.011,1315.44,160.0313,Flash,100,100,0,-244.987,0,False,True,False,256.2891,3.515625
Ex6TenZ * Razer,CounterTerrorist,2526.991,1302.445,160.0313,Flash,100,100,-42.46652,-228.2332,0,False,True,False,256.2891,3.515625
Ex6TenZ * Razer,CounterTerrorist,2521.264,1289.412,160.0313,Flash,100,100,-110.3631,-149.6809,0,False,True,False,259.8047,3.515625
Ex6TenZ * Razer,CounterTerrorist,2512.679,1281.603,160.0313,Flash,100,100,-156.2723,-111.4325,0,False,True,False,277.7344,3.515625
Ex6TenZ * Razer,CounterTerrorist,2501.992,1275.946,160.0313,Flash,100,100,-169.086,-56.18814,0,False,True,False,280.1953,3.515625
Ex6TenZ * Razer,CounterTerrorist,2495.275,1275.089,160.0313,Flash,100,100,-91.08163,12.08717,0,False,True,False,280.1953,3.515625
Ex6TenZ * Razer,CounterTerrorist,2492.055,1277.985,160.0313,Flash,100,100,-23.58411,70.12393,0,False,True,False,280.1953,3.515625
Ex6TenZ * Razer,CounterTerrorist,2492.629,1284.88,160.0313,Flash,100,100,30.79273,117.9875,0,False,True,False,280.1953,3.515625
Ex6TenZ * Razer,CounterTerrorist,2495.834,1293.383,160.0313,Flash,100,100,65.67609,148.7238,0,False,True,False,280.1953,3.515625
Ex6TenZ * Razer,CounterTerrorist,2500.883,1303.509,160.0313,Flash,100,100,91.36963,171.3627,0,False,True,False,280.1953,3.515625
Ex6TenZ * Razer,CounterTerrorist,2507.289,1311.969,160.0313,Flash,100,100,110.2944,0,0,False,True,False,280.1953,3.515625
Ex6TenZ * Razer,CounterTerrorist,2514.694,1311.969,160.0313,Flash,100,100,124.2335,0,0,False,True,False,280.1953,3.515625
Ex6TenZ * Razer,CounterTerrorist,2521.788,1311.969,160.0313,Flash,100,100,133.589,0,0,False,True,False,279.8438,3.867188
Ex6TenZ * Razer,CounterTerrorist,2530.675,1312.452,160.0313,Flash,100,100,105.9017,30.53908,0,False,True,False,279.4922,4.21875
Ex6TenZ * Razer,CounterTerrorist,2535.303,1316.037,160.0313,Flash,100,100,70.04051,89.56059,0,False,True,False,279.4922,4.21875
Ex6TenZ * Razer,CounterTerrorist,2538.837,1324.634,160.0313,Flash,100,100,36.16655,145.5881,0,False,True,False,279.1406,4.21875
Ex6TenZ * Razer,CounterTerrorist,2540.186,1333.635,160.0313,Flash,100,100,16.79864,177.6225,0,False,True,False,279.1406,4.21875
Ex6TenZ * Razer,CounterTerrorist,2540.625,1345.747,160.0313,Flash,100,100,0.1654163,205.1338,0,False,True,False,279.1406,4.21875
Ex6TenZ * Razer,CounterTerrorist,2539.557,1360.764,160.0313,Flash,100,100,-39.72124,211.1647,0,False,True,False,279.1406,4.21875
Ex6TenZ * Razer,CounterTerrorist,2535.919,1371.973,160.0313,Flash,100,100,-84.9068,200.7208,0,False,True,False,279.1406,4.21875
Ex6TenZ * Razer,CounterTerrorist,2529.187,1384.189,160.0313,Flash,100,100,-123.7123,191.7515,0,False,True,False,279.1406,4.21875
Ex6TenZ * Razer,CounterTerrorist,2520.412,1395.94,160.0313,Flash,100,100,-151.836,185.7664,0,False,True,False,277.0313,4.21875
Ex6TenZ * Razer,CounterTerrorist,2512.012,1407.751,160.0313,Flash,100,100,-2.478249,195.5098,0,False,True,False,238.3594,5.625
Ex6TenZ * Razer,CounterTerrorist,2512.012,1420.302,160.0313,Flash,100,100,0,209.2866,0,False,True,False,188.4375,4.570313
Ex6TenZ * Razer,CounterTerrorist,2512.007,1435.93,160.0313,Flash,100,100,0.1749664,231.5396,0,False,True,False,179.6484,3.515625
Ex6TenZ * Razer,CounterTerrorist,2512.025,1448.674,160.0313,Flash,100,100,0.3090456,212.5301,0,False,True,False,179.6484,3.515625
Ex6TenZ * Razer,CounterTerrorist,2512.028,1457.136,160.0313,Flash,100,100,-0.1455332,81.24031,0,False,True,False,179.6484,3.515625
Ex6TenZ * Razer,CounterTerrorist,2512.012,1458.896,160.0313,Flash,100,100,-0.122643,4.916129,0,False,True,False,179.6484,3.515625
Ex6TenZ * Razer,CounterTerrorist,2512.023,1461.427,160.0313,Flash,100,100,0.3079416,68.16607,0,False,True,False,179.6484,3.515625
Ex6TenZ * Razer,CounterTerrorist,2512.056,1467.779,160.0313,Flash,100,100,0.7804162,125.3109,0,False,True,False,179.2969,3.867188
Ex6TenZ * Razer,CounterTerrorist,2512.072,1472.255,160.0313,Flash,100,100,-0.149172,8.86875,0,False,True,False,179.6484,4.570313
Ex6TenZ * Razer,CounterTerrorist,2512.15,1470.707,160.0313,Flash,100,100,4.350199,-51.83359,0,False,True,False,189.8437,5.625
Ex6TenZ * Razer,CounterTerrorist,2513.822,1464.755,160.0313,Flash,100,100,47.46058,-102.7793,0,False,True,False,233.789,7.734375
Ex6TenZ * Razer,CounterTerrorist,2518.029,1459.019,160.0313,Flash,100,100,98.34589,-103.6127,0,False,True,False,252.4219,5.625
Ex6TenZ * Razer,CounterTerrorist,2526.989,1451.907,160.0313,Flash,100,100,143.9195,-104.4621,0,False,True,False,252.7734,5.625
Ex6TenZ * Razer,CounterTerrorist,2533.664,1446.214,160.0313,Flash,100,100,92.9118,-87.1674,0,False,True,False,252.7734,5.625
Ex6TenZ * Razer,CounterTerrorist,2538.999,1439.493,160.0313,Flash,100,100,58.61641,-102.7009,0,False,True,False,252.7734,5.625
Ex6TenZ * Razer,CounterTerrorist,2541.678,1432.661,160.0313,Flash,100,100,32.228,-114.0638,0,False,True,False,255.9375,5.976563
Ex6TenZ * Razer,CounterTerrorist,2542.95,1426.163,160.0313,Flash,100,100,17.4187,-122.1421,0,False,True,False,259.1016,5.273438
Ex6TenZ * Razer,CounterTerrorist,2543.604,1418.297,160.0313,Flash,100,100,5.53666,-127.2796,0,False,True,False,259.8047,4.570313
Ex6TenZ * Razer,CounterTerrorist,2543.634,1410.336,160.0313,Flash,100,100,-3.007586,-127.3645,0,False,True,False,259.8047,4.570313
Ex6TenZ * Razer,CounterTerrorist,2543.152,1401.392,160.0313,Flash,100,100,-9.503203,-127.0451,0,False,True,False,259.8047,4.570313
Ex6TenZ * Razer,CounterTerrorist,2543.093,1394.451,160.0313,Flash,100,100,8.434991,-126.682,0,False,True,False,259.8047,4.570313
Ex6TenZ * Razer,CounterTerrorist,2544.368,1386.603,160.0313,Flash,100,100,28.65821,-124.1349,0,False,True,False,259.8047,4.570313
Ex6TenZ * Razer,CounterTerrorist,2546.035,1378.822,160.0313,Flash,100,100,19.96762,-125.8255,0,False,True,False,259.8047,4.570313
Ex6TenZ * Razer,CounterTerrorist,2546.859,1369.906,160.0313,Flash,100,100,5.900804,-127.2633,0,False,True,False,259.8047,4.570313
Ex6TenZ * Razer,CounterTerrorist,2546.909,1361.945,160.0313,Flash,100,100,-2.723865,-127.3709,0,False,True,False,259.8047,4.570313
Ex6TenZ * Razer,CounterTerrorist,2546.584,1354.986,160.0313,Flash,100,100,-8.102066,-127.1421,0,False,True,False,259.8047,4.570313
Ex6TenZ * Razer,CounterTerrorist,2545.823,1346.061,160.0313,Flash,100,100,-12.70195,-126.7652,0,False,True,False,259.8047,4.570313
Ex6TenZ * Razer,CounterTerrorist,2544.929,1338.149,160.0313,Flash,100,100,-15.40907,-126.4647,0,False,True,False,259.8047,4.570313
Ex6TenZ * Razer,CounterTerrorist,2544.031,1331.24,160.0313,Flash,100,100,-17.11631,-126.245,0,False,True,False,259.8047,4.570313
Ex6TenZ * Razer,CounterTerrorist,2542.908,1323.357,160.0313,Flash,100,100,-18.55058,-126.0422,0,False,True,False,259.8047,4.570313
Ex6TenZ * Razer,CounterTerrorist,2541.557,1314.502,160.0313,Flash,100,100,-19.70153,-125.8674,0,False,True,False,259.8047,4.570313
Ex6TenZ * Razer,CounterTerrorist,2540.458,1307.622,160.0313,Flash,100,100,-20.35466,-125.7635,0,False,True,False,259.8047,4.570313
Ex6TenZ * Razer,CounterTerrorist,2538.739,1299.927,160.0313,Flash,100,100,-38.65726,-118.9285,0,False,True,False,259.8047,4.570313
Ex6TenZ * Razer,CounterTerrorist,2534.852,1292.606,160.0313,Flash,100,100,-68.72122,-86.29458,0,False,True,False,259.8047,4.570313
Ex6TenZ * Razer,CounterTerrorist,2530.48,1288.748,160.0313,Flash,100,100,-87.63598,-59.76748,0,False,True,False,259.8047,4.570313
Ex6TenZ * Razer,CounterTerrorist,2524.399,1285.802,160.0313,Flash,100,100,-104.1752,-39.243,0,False,True,False,267.8906,5.976563
Ex6TenZ * Razer,CounterTerrorist,2516.542,1283.241,160.0313,Flash,100,100,-116.1868,-38.26513,0,False,True,False,298.125,7.382813
Ex6TenZ * Razer,CounterTerrorist,2509.405,1280.346,160.0313,Flash,100,100,-106.3577,-47.84118,0,False,True,False,324.4922,6.679688
Ex6TenZ * Razer,CounterTerrorist,2503.786,1277.819,160.0313,Flash,100,100,-78.33841,-35.23772,0,False,True,False,325.1953,6.328125
Ex6TenZ * Razer,CounterTerrorist,2499.951,1277.024,160.0313,Flash,100,100,-64.85052,3.675219,0,False,True,False,325.1953,6.328125
Ex6TenZ * Razer,CounterTerrorist,2496.368,1278.634,160.0313,Flash,100,100,-52.15023,40.98346,0,False,True,False,325.1953,6.328125
Ex6TenZ * Razer,CounterTerrorist,2492.995,1282.765,160.0313,Flash,100,100,-46.6212,71.43024,0,False,True,False,333.2813,5.273438
Ex6TenZ * Razer,CounterTerrorist,2489.942,1287.88,160.0313,Flash,100,100,-51.35641,88.7148,0,False,True,False,343.4766,3.164063
Ex6TenZ * Razer,CounterTerrorist,2489.009,1293.062,160.0313,Flash,100,100,0,98.90608,0,False,True,False,344.1797,1.40625
Ex6TenZ * Razer,CounterTerrorist,2489.009,1300.422,160.0313,Flash,100,100,0,108.8157,0,False,True,False,343.4766,0.3515625
Ex6TenZ * Razer,CounterTerrorist,2489.009,1307.463,160.0313,Flash,100,100,0,115.3748,0,False,True,False,343.125,359.6484
Ex6TenZ * Razer,CounterTerrorist,2489.009,1311.969,160.0313,Flash,100,100,0,0,0,False,True,False,342.0703,359.2969
Ex6TenZ * Razer,CounterTerrorist,2489.009,1311.969,160.0313,Flash,100,100,0,0,0,False,True,False,339.9609,358.9453
Ex6TenZ * Razer,CounterTerrorist,2489.009,1311.999,160.0313,Flash,100,100,0,0,0,False,True,False,339.6094,358.9453
Ex6TenZ * Razer,CounterTerrorist,2489.009,1311.999,160.0313,Flash,100,100,0,0,0,False,True,False,339.2578,358.5938
Ex6TenZ * Razer,CounterTerrorist,2489.009,1311.999,160.0313,Flash,100,100,0,0,0,False,True,False,339.2578,358.5938
Ex6TenZ * Razer,CounterTerrorist,2489.009,1311.999,160.0313,Flash,100,100,0,0,0,False,True,False,339.6094,358.2422
Ex6TenZ * Razer,CounterTerrorist,2489.009,1311.999,160.0313,Flash,100,100,0,0,0,False,True,False,339.9609,358.2422
Ex6TenZ * Razer,CounterTerrorist,2489.009,1311.999,160.0313,Flash,100,100,0,0,0,False,True,False,340.3125,358.2422
Ex6TenZ * Razer,CounterTerrorist,2489.009,1311.999,160.0313,Flash,100,100,0,0,0,False,True,False,340.3125,358.2422
Ex6TenZ * Razer,CounterTerrorist,2489.009,1311.999,160.0313,Flash,100,100,0,0,0,False,True,False,340.3125,358.2422
Ex6TenZ * Razer,CounterTerrorist,2489.009,1311.999,160.0313,Flash,100,100,0,0,0,False,True,False,340.3125,358.2422
Ex6TenZ * Razer,CounterTerrorist,2489.009,1311.999,160.0313,Flash,100,100,0,0,0,False,True,False,340.3125,358.2422
Ex6TenZ * Razer,CounterTerrorist,2489.009,1311.999,160.0313,Flash,100,100,0,0,0,False,True,False,340.3125,358.2422
Ex6TenZ * Razer,CounterTerrorist,2489.009,1311.999,160.0313,Flash,100,100,0,0,0,False,True,False,340.3125,358.2422
Ex6TenZ * Razer,CounterTerrorist,2489.009,1311.999,160.0313,Flash,100,100,0,0,0,False,True,False,340.3125,358.2422
Ex6TenZ * Razer,CounterTerrorist,2489.009,1311.999,160.0313,Flash,100,100,0,0,0,False,True,False,340.3125,358.2422
Ex6TenZ * Razer,CounterTerrorist,2489.009,1311.999,160.0313,Flash,100,100,0,0,0,False,True,False,340.3125,358.2422
Ex6TenZ * Razer,CounterTerrorist,2489.009,1311.999,160.0313,Flash,100,100,0,0,0,False,True,False,340.3125,358.2422
Ex6TenZ * Razer,CounterTerrorist,2489.009,1311.999,160.0313,Flash,100,100,0,0,0,False,True,False,340.3125,358.2422
Ex6TenZ * Razer,CounterTerrorist,2489.009,1311.999,160.0313,Flash,100,100,0,0,0,False,True,False,340.3125,358.2422
Ex6TenZ * Razer,CounterTerrorist,2489.009,1311.999,160.0313,Flash,100,100,0,0,0,False,True,False,340.3125,358.2422
Ex6TenZ * Razer,CounterTerrorist,2489.009,1311.999,160.0313,Flash,100,100,0,0,0,False,True,False,340.3125,358.2422
Ex6TenZ * Razer,CounterTerrorist,2489.009,1311.999,160.0313,Flash,100,100,0,0,0,False,True,False,340.3125,358.2422
Ex6TenZ * Razer,CounterTerrorist,2489.009,1311.999,160.0313,Flash,100,100,0,0,0,False,True,False,340.3125,358.2422
Ex6TenZ * Razer,CounterTerrorist,2489.009,1311.999,160.0313,Flash,100,100,0,0,0,False,True,False,340.3125,358.2422
Ex6TenZ * Razer,CounterTerrorist,2489.009,1311.999,160.0313,Flash,100,100,0,0,0,False,True,False,340.3125,358.2422
Ex6TenZ * Razer,CounterTerrorist,2489.009,1311.999,160.0313,Flash,100,100,0,0,0,False,True,False,340.3125,358.2422
Ex6TenZ * Razer,CounterTerrorist,2489.009,1311.999,160.0313,Flash,100,100,0,0,0,False,True,False,340.3125,358.2422
Ex6TenZ * Razer,CounterTerrorist,2489.009,1311.999,160.0313,Flash,100,100,0,0,0,False,True,False,340.3125,358.2422
Ex6TenZ * Razer,CounterTerrorist,2489.009,1311.999,160.0313,Flash,100,100,0,0,0,False,True,False,340.3125,358.2422
Ex6TenZ * Razer,CounterTerrorist,2489.009,1311.999,160.0313,Flash,100,100,0,0,0,False,True,False,340.3125,358.2422
Ex6TenZ * Razer,CounterTerrorist,2489.418,1311.847,160.0313,Flash,100,100,24.82164,-9.367656,0,False,True,False,338.9063,358.2422
Ex6TenZ * Razer,CounterTerrorist,2492.867,1310.128,160.0313,Flash,100,100,75.43258,-46.05948,0,False,True,False,312.1875,1.40625
Ex6TenZ * Razer,CounterTerrorist,2498.378,1304.377,160.0313,P250,100,100,68.56687,-109.8953,0,False,True,False,260.5078,1.757813
Ex6TenZ * Razer,CounterTerrorist,2501.17,1295.995,160.0313,P250,100,100,26.82131,-150.7628,0,False,True,False,249.9609,359.6484
Ex6TenZ * Razer,CounterTerrorist,2501.79,1287.122,160.0313,P250,100,100,5.164988,-157.7998,0,False,True,False,249.9609,359.6484
Ex6TenZ * Razer,CounterTerrorist,2502.063,1278.786,160.0313,P250,100,100,3.804304,-116.2284,0,False,True,False,249.9609,359.6484
Ex6TenZ * Razer,CounterTerrorist,2502.464,1272.21,160.0313,P250,100,100,15.354,-113.2204,0,False,True,False,248.2031,0.3515625
Ex6TenZ * Razer,CounterTerrorist,2503.975,1263.623,160.0313,P250,100,100,27.04233,-155.1925,0,False,True,False,232.3828,3.515625
Ex6TenZ * Razer,CounterTerrorist,2505.964,1251.245,160.0313,P250,100,100,29.15806,-190.9053,0,False,True,False,232.0313,3.164063
Ex6TenZ * Razer,CounterTerrorist,2507.598,1240.142,160.0313,P250,100,100,30.35754,-211.3259,0,False,True,False,232.0313,3.164063
Ex6TenZ * Razer,CounterTerrorist,2509.779,1224.488,160.0313,P250,100,100,31.49566,-230.7018,0,False,True,False,232.0313,3.164063
Ex6TenZ * Razer,CounterTerrorist,2511.471,1211.564,160.0313,P250,100,100,29.22773,-238.2136,0,False,True,False,226.4063,4.570313
Ex6TenZ * Razer,CounterTerrorist,2512.812,1196.626,160.0313,P250,100,100,13.67816,-239.6099,0,False,True,False,214.4531,5.273438
Ex6TenZ * Razer,CounterTerrorist,2512.758,1181.635,160.0313,P250,100,100,-13.60175,-239.6143,0,False,True,False,200.3906,4.921875
Ex6TenZ * Razer,CounterTerrorist,2510.694,1166.792,160.0313,P250,100,100,-48.86301,-234.9732,0,False,True,False,187.7344,3.515625
Ex6TenZ * Razer,CounterTerrorist,2507.647,1150.199,160.0313,P250,100,100,-35.49867,-237.3602,0,False,True,False,179.2969,2.460938
Ex6TenZ * Razer,CounterTerrorist,2505.932,1137.187,160.0313,P250,100,100,-28.90484,-238.2531,0,False,True,False,177.1875,2.109375
Ex6TenZ * Razer,CounterTerrorist,2504.101,1120.412,160.0313,P250,100,100,-24.12321,-238.7846,0,False,True,False,176.8359,1.757813
Ex6TenZ * Razer,CounterTerrorist,2502.31,1107.497,160.0313,P250,100,100,-49.37552,-231.4287,0,False,True,False,176.8359,1.757813
Ex6TenZ * Razer,CounterTerrorist,2496.927,1091.768,160.0313,P250,100,100,-95.94527,-218.1799,0,False,True,False,176.4844,1.757813
Ex6TenZ * Razer,CounterTerrorist,2489.888,1078.545,160.0313,P250,100,100,-123.6147,-205.7168,0,False,True,False,176.4844,1.757813
Ex6TenZ * Razer,CounterTerrorist,2484.433,1066.754,160.0313,P250,100,100,35.86144,-156.007,0,False,True,False,180.7031,2.460938
Ex6TenZ * Razer,CounterTerrorist,2484.925,1064.031,160.0313,P250,100,100,-19.50988,0,0,False,True,False,212.6953,3.867188
Ex6TenZ * Razer,CounterTerrorist,2484.682,1064.031,160.0313,P250,100,100,0,0,0,False,True,False,221.8359,3.164063
Ex6TenZ * Razer,CounterTerrorist,2484.682,1064.031,160.0313,P250,100,100,0,0,0,False,True,False,221.8359,3.164063
Ex6TenZ * Razer,CounterTerrorist,2484.682,1064.031,160.0313,P250,100,100,0,0,0,False,True,False,221.8359,3.164063
Ex6TenZ * Razer,CounterTerrorist,2485.224,1064.456,160.0313,P250,100,100,26.71448,20.29505,0,False,True,False,215.5078,4.21875
Ex6TenZ * Razer,CounterTerrorist,2488.21,1066.271,160.0313,P250,100,100,76.58106,40.11246,0,False,True,False,196.875,4.21875
Ex6TenZ * Razer,CounterTerrorist,2495.543,1069.981,160.0313,P250,100,100,117.7789,72.3708,0,False,True,False,182.4609,4.570313
Ex6TenZ * Razer,CounterTerrorist,2503.71,1075.688,160.0313,P250,100,100,140.5991,103.6674,0,False,True,False,176.1328,3.515625
Ex6TenZ * Razer,CounterTerrorist,2513.137,1082.956,160.0313,P250,100,100,152.3013,128.0446,0,False,True,False,175.7813,3.164063
Ex6TenZ * Razer,CounterTerrorist,2520.444,1091.111,160.0313,P250,100,100,120.6867,163.585,0,False,True,False,176.8359,3.164063
Ex6TenZ * Razer,CounterTerrorist,2526.944,1102.459,160.0313,P250,100,100,91.95901,194.1875,0,False,True,False,178.2422,2.8125
Ex6TenZ * Razer,CounterTerrorist,2532.318,1117.137,160.0313,P250,100,100,64.26109,219.1375,0,False,True,False,182.4609,1.757813
Ex6TenZ * Razer,CounterTerrorist,2535.239,1129.582,160.0313,P250,100,100,45.9637,233.3461,0,False,True,False,182.8125,1.40625
Ex6TenZ * Razer,CounterTerrorist,2537.465,1144.405,160.0313,P250,100,100,27.58929,238.409,0,False,True,False,185.2734,1.054688
Ex6TenZ * Razer,CounterTerrorist,2538.694,1161.232,160.0313,P250,100,100,10.1725,239.7843,0,False,True,False,186.3281,2.109375
Ex6TenZ * Razer,CounterTerrorist,2538.787,1166.321,160.0313,P250,78,96,-0.3269334,94.94942,0,False,True,False,187.3828,2.109375
Ex6TenZ * Razer,CounterTerrorist,2540.113,1172.19,160.0313,P250,78,96,47.47736,55.47453,0,False,True,False,188.0859,2.8125
Ex6TenZ * Razer,CounterTerrorist,2543.645,1172.843,160.0313,P250,78,96,53.12788,-26.02312,0,False,True,False,188.0859,2.8125
Ex6TenZ * Razer,CounterTerrorist,2546.404,1169.54,160.0313,P250,78,96,49.39799,-84.29927,0,False,True,False,188.789,2.460938
Ex6TenZ * Razer,CounterTerrorist,2549.218,1163.152,160.0313,P250,78,96,40.59409,-107.5435,0,False,True,False,190.1953,1.757813
Ex6TenZ * Razer,CounterTerrorist,2551.794,1155.262,160.0313,P250,78,96,33.85664,-115.7239,0,False,True,False,188.4375,1.757813
Ex6TenZ * Razer,CounterTerrorist,2553.714,1147.794,160.0313,P250,78,96,28.16068,-122.3766,0,False,True,False,184.9219,1.757813
Ex6TenZ * Razer,CounterTerrorist,2554.926,1143.661,160.0313,P250,78,96,17.32914,-35.24136,0,False,True,False,183.5156,1.757813
Ex6TenZ * Razer,CounterTerrorist,2555.342,1144.927,160.0313,P250,78,96,-1.066405,50.99323,0,False,True,False,187.0313,2.109375
Ex6TenZ * Razer,CounterTerrorist,2554.862,1150.2,160.0313,P250,78,96,-13.1031,108.7861,0,False,True,False,190.8984,2.109375
Ex6TenZ * Razer,CounterTerrorist,2553.84,1157.378,160.0313,P250,78,96,-21.86307,143.2918,0,False,True,False,190.8984,2.109375
Ex6TenZ * Razer,CounterTerrorist,2552.203,1167.66,160.0313,P250,78,96,-24.26553,148.607,0,False,True,False,190.5469,1.757813
Ex6TenZ * Razer,CounterTerrorist,2550.617,1177.115,160.0313,P250,78,96,-26.34054,153.3291,0,False,True,False,191.6016,3.515625
Ex6TenZ * Razer,CounterTerrorist,2549.099,1185.678,160.0313,Flash,78,96,-29.13896,160.6614,0,False,True,False,191.6016,3.867188
Ex6TenZ * Razer,CounterTerrorist,2546.967,1197.187,160.0313,Flash,78,96,-31.09168,166.1405,0,False,True,False,190.8984,3.515625
Ex6TenZ * Razer,CounterTerrorist,2544.227,1207.547,160.0313,Flash,78,96,-64.74237,161.6456,0,False,True,False,193.0078,1.757813
Ex6TenZ * Razer,CounterTerrorist,2539.516,1215.963,160.0313,Flash,78,96,-100.0134,147.9646,0,False,True,False,193.0078,1.757813
Ex6TenZ * Razer,CounterTerrorist,2532.357,1224.749,160.0313,Flash,78,96,-119.4192,139.5869,0,False,True,False,193.0078,2.109375
Ex6TenZ * Razer,CounterTerrorist,2524.456,1235.245,160.0313,Flash,78,96,-118.5656,147.7508,0,False,True,False,242.9297,8.4375
Ex6TenZ * Razer,CounterTerrorist,2516.859,1241.922,160.0313,Flash,78,96,-149.7321,92.74673,0,False,True,False,315.7031,4.21875
Ex6TenZ * Razer,CounterTerrorist,2506.621,1246.427,160.0313,Flash,78,96,-174.1585,77.6802,0,False,True,False,325.5469,2.109375
Ex6TenZ * Razer,CounterTerrorist,2495.364,1251.969,160.0313,Flash,78,96,-180.9528,94.44299,0,False,True,False,325.5469,2.109375
Ex6TenZ * Razer,CounterTerrorist,2489.016,1259.287,160.0313,Flash,78,96,0,137.9735,0,False,True,False,325.5469,2.109375
Ex6TenZ * Razer,CounterTerrorist,2489.016,1269.285,160.0313,Flash,78,96,0,175.08,0,False,True,False,331.875,2.8125
Ex6TenZ * Razer,CounterTerrorist,2489.016,1281.101,160.0313,Flash,78,96,0,198.2852,0,False,True,False,339.9609,359.6484
Ex6TenZ * Razer,CounterTerrorist,2489.016,1294.069,160.0313,Flash,78,96,0,213.9455,0,False,True,False,340.6641,359.2969
Ex6TenZ * Razer,CounterTerrorist,2489.016,1307.859,160.0313,Flash,78,96,0,225.3213,0,False,True,False,341.0156,358.9453
Ex6TenZ * Razer,CounterTerrorist,2489.016,1311.996,160.0313,Flash,78,96,0,0,0,False,True,False,341.0156,358.9453
Ex6TenZ * Razer,CounterTerrorist,2489.016,1311.996,160.0313,Flash,78,96,0,0,0,False,True,False,339.9609,358.9453
Ex6TenZ * Razer,CounterTerrorist,2489.016,1311.996,160.0313,Flash,78,96,0,0,0,False,True,False,338.9063,358.9453
Ex6TenZ * Razer,CounterTerrorist,2489.016,1311.996,160.0313,Flash,78,96,0,0,0,False,True,False,339.2578,358.9453
Ex6TenZ * Razer,CounterTerrorist,2489.016,1311.996,160.0313,Flash,78,96,0,0,0,False,True,False,339.6094,358.9453
Ex6TenZ * Razer,CounterTerrorist,2489.016,1311.996,160.0313,Flash,78,96,0,0,0,False,True,False,339.6094,358.5938
Ex6TenZ * Razer,CounterTerrorist,2489.094,1311.967,160.0313,Flash,78,96,10.05813,-3.704803,0,False,True,False,339.6094,358.5938
Ex6TenZ * Razer,CounterTerrorist,2491.792,1310.951,160.0313,P250,78,96,68.32257,-26.54273,0,False,True,False,336.4453,0.3515625
Ex6TenZ * Razer,CounterTerrorist,2497.57,1307.999,160.0313,P250,78,96,103.395,-68.17239,0,False,True,False,297.0703,4.21875
Ex6TenZ * Razer,CounterTerrorist,2503.372,1303.364,160.0313,P250,78,96,81.2079,-65.77817,0,False,True,False,251.0156,3.867188
Ex6TenZ * Razer,CounterTerrorist,2507.238,1298.798,160.0313,P250,78,96,42.19371,-93.8578,0,False,True,False,248.9063,3.515625
Ex6TenZ * Razer,CounterTerrorist,2508.487,1291.315,160.0313,P250,78,96,4.371959,-137.8916,0,False,True,False,248.9063,3.515625
Ex6TenZ * Razer,CounterTerrorist,2507.737,1281.505,160.0313,P250,78,96,-23.48589,-170.325,0,False,True,False,248.9063,3.515625
Ex6TenZ * Razer,CounterTerrorist,2505.646,1269.973,160.0313,P250,78,96,-31.85071,-194.7919,0,False,True,False,246.7969,3.515625
Ex6TenZ * Razer,CounterTerrorist,2504.899,1255.45,160.0313,P250,78,96,4.073575,-215.1047,0,False,True,False,243.6328,3.867188
Ex6TenZ * Razer,CounterTerrorist,2505.981,1241.52,160.0313,P250,78,96,26.60836,-228.3211,0,False,True,False,243.6328,3.867188
Ex6TenZ * Razer,CounterTerrorist,2508.249,1226.912,160.0313,P250,78,96,42.71376,-236.1684,0,False,True,False,242.9297,3.867188
Ex6TenZ * Razer,CounterTerrorist,2511.011,1212.168,160.0313,P250,78,96,42.32484,-236.2384,0,False,True,False,229.5703,4.21875
Ex6TenZ * Razer,CounterTerrorist,2512.93,1199.187,160.0313,P250,78,96,28.13306,-238.3454,0,False,True,False,217.2656,3.867188
Ex6TenZ * Razer,CounterTerrorist,2513.751,1182.344,160.0313,P250,78,96,-2.886158,-239.9827,0,False,True,False,203.5547,3.515625
Ex6TenZ * Razer,CounterTerrorist,2512.703,1169.268,160.0313,P250,78,96,-31.58222,-237.9129,0,False,True,False,194.7656,3.867188
Ex6TenZ * Razer,CounterTerrorist,2509.589,1154.607,160.0313,P250,78,96,-63.59979,-231.4197,0,False,True,False,188.0859,3.867188
Ex6TenZ * Razer,CounterTerrorist,2505.765,1140.109,160.0313,P250,78,96,-50.59362,-234.6067,0,False,True,False,183.5156,3.164063
Ex6TenZ * Razer,CounterTerrorist,2503.081,1125.356,160.0313,P250,78,96,-47.07087,-234.8841,0,False,True,False,178.9453,2.8125
Ex6TenZ * Razer,CounterTerrorist,2497.869,1109.388,160.0313,P250,78,96,-93.77119,-220.923,0,False,True,False,176.1328,2.460938
Ex6TenZ * Razer,CounterTerrorist,2491.896,1097.71,160.0313,P250,78,96,-119.6765,-208.0325,0,False,True,False,175.0781,2.460938
Ex6TenZ * Razer,CounterTerrorist,2483.637,1085.195,160.0313,P250,78,96,-140.4632,-194.6024,0,False,True,False,175.7813,2.460938
Ex6TenZ * Razer,CounterTerrorist,2482.529,1075.034,160.0313,P250,78,96,34.63368,-150.6659,0,False,True,False,183.1641,1.757813
Ex6TenZ * Razer,CounterTerrorist,2484.708,1065.555,160.0313,P250,78,96,35.02963,-152.3884,0,False,True,False,183.1641,1.757813
Ex6TenZ * Razer,CounterTerrorist,2484.709,1064.031,160.0313,P250,78,96,-19.59972,0,0,False,True,False,183.1641,1.757813
Ex6TenZ * Razer,CounterTerrorist,2484.682,1064.031,160.0313,P250,78,96,0,0,0,False,True,False,183.1641,1.757813
Ex6TenZ * Razer,CounterTerrorist,2484.682,1064.031,160.0313,P250,78,96,0,0,0,False,True,False,182.4609,2.460938
Ex6TenZ * Razer,CounterTerrorist,2484.686,1064.031,160.0313,P250,78,96,0.08662645,0,0,False,True,False,180.3516,3.164063
Ex6TenZ * Razer,CounterTerrorist,2484.686,1064.031,160.0313,P250,78,96,0,0,0,False,True,False,177.5391,3.164063
Ex6TenZ * Razer,CounterTerrorist,2484.709,1064.11,160.0313,P250,78,96,2.941987,10.07942,0,False,True,False,163.8281,3.164063
Ex6TenZ * Razer,CounterTerrorist,2486.803,1066.359,160.0313,P250,78,96,60.36462,38.77046,0,False,True,False,150.8203,2.8125
Ex6TenZ * Razer,CounterTerrorist,2491.707,1068.702,160.0313,P250,78,96,109.8743,45.57465,0,False,True,False,149.0625,2.460938
Ex6TenZ * Razer,CounterTerrorist,2500.131,1071.797,160.0313,P250,78,96,152.1627,52.70728,0,False,True,False,150.8203,2.109375
Ex6TenZ * Razer,CounterTerrorist,2510.373,1075.829,160.0313,P250,78,96,162.957,83.81763,0,False,True,False,153.2813,1.40625
Ex6TenZ * Razer,CounterTerrorist,2521.3,1083.661,160.0313,P250,78,96,146.0616,123.5142,0,False,True,False,155.3906,0.703125
Ex6TenZ * Razer,CounterTerrorist,2527.712,1088.4,160.0313,P250,78,96,92.58585,49.75171,0,False,True,False,157.1484,0.3515625
Ex6TenZ * Razer,CounterTerrorist,2531.802,1088.213,160.0313,P250,78,96,32.83572,-39.46962,0,False,True,False,159.9609,0.3515625
Ex6TenZ * Razer,CounterTerrorist,2532.743,1084.902,160.0313,P250,78,96,15.76038,-50.8884,0,False,True,False,161.0156,0
Ex6TenZ * Razer,CounterTerrorist,2534.433,1085.244,160.0313,P250,78,96,29.09772,40.92831,0,False,True,False,161.0156,0.3515625
Ex6TenZ * Razer,CounterTerrorist,2536.105,1088.122,160.0313,P250,78,96,22.44073,33.95345,0,False,True,False,160.6641,0.703125
Ex6TenZ * Razer,CounterTerrorist,2536.156,1087.358,160.0313,P250,78,96,-11.55481,-39.78891,0,False,True,False,161.3672,1.40625
Ex6TenZ * Razer,CounterTerrorist,2534.891,1083.297,160.0313,P250,78,96,-21.35858,-67.88511,0,True,True,False,161.7188,1.40625
Ex6TenZ * Razer,CounterTerrorist,2533.943,1080.239,160.0313,P250,78,96,-5.587864,-19.02712,0,True,True,False,161.3672,1.40625
Ex6TenZ * Razer,CounterTerrorist,2533.952,1080.238,160.0313,P250,78,96,2.047113,6.103337,0,True,True,False,161.3672,1.40625
Ex6TenZ * Razer,CounterTerrorist,2533.961,1080.265,160.0313,P250,78,96,0,0,0,False,True,False,161.3672,1.40625
Ex6TenZ * Razer,CounterTerrorist,2533.961,1080.265,160.0313,P250,78,96,0,0,0,False,True,False,162.4219,1.054688
Ex6TenZ * Razer,CounterTerrorist,2533.961,1080.265,160.0313,P250,78,96,0,0,0,False,True,False,164.1797,1.40625
Ex6TenZ * Razer,CounterTerrorist,2534.003,1080.418,160.0313,P250,78,96,1.651738,6.221909,0,True,True,False,165.2344,2.109375
Ex6TenZ * Razer,CounterTerrorist,2534.172,1081.17,160.0313,P250,78,96,2.956963,14.28768,0,True,True,False,168.75,4.570313
Ex6TenZ * Razer,CounterTerrorist,2534.132,1082.098,160.0313,P250,49,86,-5.681486,18.13048,0,True,True,False,168.75,5.976563
Ex6TenZ * Razer,CounterTerrorist,2533.306,1083.624,160.0313,P250,49,86,-25.17027,38.64029,0,False,True,False,171.9141,5.976563
Ex6TenZ * Razer,CounterTerrorist,2530.325,1087.648,160.0313,P250,49,86,-65.19637,82.87223,0,False,True,False,177.5391,5.625
Ex6TenZ * Razer,CounterTerrorist,2524.993,1093.968,160.0313,P250,49,86,-99.7993,113.5696,0,False,True,False,180.3516,4.921875
Ex6TenZ * Razer,CounterTerrorist,2517.779,1101.856,160.0313,P250,49,86,-126.4951,134.9673,0,False,True,False,181.0547,4.570313
Ex6TenZ * Razer,CounterTerrorist,2509.848,1112.88,160.0313,P250,49,86,-98.00154,174.735,0,False,True,False,182.8125,4.21875
Ex6TenZ * Razer,CounterTerrorist,2505.098,1122.99,160.0313,P250,49,86,-78.4369,178.7039,0,False,True,False,186.6797,3.515625
Ex6TenZ * Razer,CounterTerrorist,2501.163,1131.278,160.0313,P250,49,86,-48.81608,83.75302,0,False,True,False,191.6016,1.40625
Ex6TenZ * Razer,CounterTerrorist,2499.165,1133.439,160.0313,P250,49,86,-21.61464,15.39204,0,False,True,False,193.3594,359.6484
Ex6TenZ * Razer,CounterTerrorist,2497.792,1136.055,160.0313,P250,49,86,-25.94055,68.96737,0,False,True,False,193.3594,0.3515625
Ex6TenZ * Razer,CounterTerrorist,2495.795,1142.331,160.0313,P250,49,86,-36.30845,122.4899,0,False,True,False,193.711,2.109375
Ex6TenZ * Razer,CounterTerrorist,2493.439,1150.585,160.0313,P250,49,86,-32.37201,113.1069,0,False,True,False,193.711,3.164063
Ex6TenZ * Razer,CounterTerrorist,2492.399,1153.856,160.0313,P250,49,86,-4.512346,7.123619,0,False,True,False,194.0625,2.460938
Ex6TenZ * Razer,CounterTerrorist,2492.501,1153.298,160.0313,P250,49,86,-2.557126,10.18386,0,False,True,False,194.0625,2.109375
Ex6TenZ * Razer,CounterTerrorist,2491.813,1156.031,160.0313,P250,49,86,-17.59955,69.81581,0,False,True,False,194.4141,2.109375
Ex6TenZ * Razer,CounterTerrorist,2490.211,1162.337,160.0313,P250,49,86,-31.3763,122.7633,0,False,True,False,194.7656,2.109375
Ex6TenZ * Razer,CounterTerrorist,2489.012,1171.448,160.0313,P250,49,86,0,162.0879,0,False,True,False,191.25,3.515625
Ex6TenZ * Razer,CounterTerrorist,2489.221,1182.677,160.0313,P250,49,86,12.85458,190.5726,0,False,True,False,149.4141,8.4375
Ex6TenZ * Razer,CounterTerrorist,2491.787,1194.643,160.0313,P250,49,86,58.73878,193.9971,0,False,True,False,94.92187,6.679688
Ex6TenZ * Razer,CounterTerrorist,2496.755,1206.855,160.0313,P250,49,86,94.41782,196.0267,0,False,True,False,90.70313,5.625
Ex6TenZ * Razer,CounterTerrorist,2503.638,1219.145,160.0313,P250,49,86,121.1514,197.0898,0,False,True,False,90.70313,5.625
Ex6TenZ * Razer,CounterTerrorist,2511.912,1231.462,160.0313,P250,49,86,139.1826,195.5203,0,False,True,False,90.70313,5.625
Ex6TenZ * Razer,CounterTerrorist,2520.943,1243.438,160.0313,P250,49,86,148.0279,188.912,0,False,True,False,91.05469,5.625
Ex6TenZ * Razer,CounterTerrorist,2530.683,1254.711,160.0313,P250,49,86,168.3834,166.2294,0,False,True,False,102.3047,5.976563
Ex6TenZ * Razer,CounterTerrorist,2541.728,1264.795,160.0313,P250,49,86,173.9401,165.3628,0,False,True,False,156.0938,10.54688
Ex6TenZ * Razer,CounterTerrorist,2550.5,1276.051,160.0313,P250,49,86,103.2022,186.3627,0,False,True,False,223.9453,7.03125
Ex6TenZ * Razer,CounterTerrorist,2554.751,1288.105,160.0313,P250,49,86,54.71086,202.8274,0,False,True,False,228.1641,5.976563
Ex6TenZ * Razer,CounterTerrorist,2557.483,1301.524,160.0313,P250,49,86,35.99932,223.0327,0,False,True,False,228.1641,5.976563
Ex6TenZ * Razer,CounterTerrorist,2559.227,1316.01,160.0313,P250,49,86,22.19991,237.914,0,False,True,False,228.5156,5.976563
Ex6TenZ * Razer,CounterTerrorist,2560.119,1330.981,160.0313,P250,49,86,6.905343,239.9006,0,False,True,False,236.25,5.273438
Ex6TenZ * Razer,CounterTerrorist,2560.356,1347.237,160.0313,P250,49,86,24.11653,201.0446,0,False,True,False,244.6875,3.515625
Ex6TenZ * Razer,CounterTerrorist,2563.422,1355.794,160.0313,P250,49,86,77.97875,125.9707,0,False,True,False,245.0391,3.515625
Ex6TenZ * Razer,CounterTerrorist,2569.999,1361.311,160.0313,P250,49,86,124.3805,61.80772,0,False,True,False,245.0391,3.515625
Ex6TenZ * Razer,CounterTerrorist,2578.583,1363.028,160.0313,P250,49,86,136.228,-6.035676,0,False,True,False,245.0391,3.515625
Ex6TenZ * Razer,CounterTerrorist,2586.711,1360.166,160.0313,P250,49,86,125.5442,-73.76884,0,False,True,False,244.3359,3.515625
Ex6TenZ * Razer,CounterTerrorist,2590.998,1353.665,160.0313,P250,49,86,1.645554,-125.8279,0,False,True,False,234.1406,2.8125
Ex6TenZ * Razer,CounterTerrorist,2591.172,1344.34,160.0313,P250,49,86,7.236018,-165.619,0,False,True,False,233.4375,2.460938
Ex6TenZ * Razer,CounterTerrorist,2591.957,1332.913,160.0313,P250,49,86,16.28822,-194.9334,0,False,True,False,233.4375,2.460938
Ex6TenZ * Razer,CounterTerrorist,2593.92,1318.535,160.0313,P250,49,86,49.42992,-203.4602,0,False,True,False,232.0313,2.460938
Ex6TenZ * Razer,CounterTerrorist,2597.822,1307.523,160.0313,P250,49,86,85.2306,-201.1286,0,False,True,False,222.5391,2.460938
Ex6TenZ * Razer,CounterTerrorist,2604.121,1294.872,160.0313,P250,49,86,111.6214,-203.4173,0,False,True,False,221.4844,2.109375
Ex6TenZ * Razer,CounterTerrorist,2608.948,1285.342,160.0313,P250,49,86,44.3138,-106.7466,0,False,True,False,221.4844,2.109375
Ex6TenZ * Razer,CounterTerrorist,2609.659,1281.618,160.0313,P250,49,86,-2.4344,-34.86538,0,False,True,False,221.1328,2.109375
Ex6TenZ * Razer,CounterTerrorist,2610.884,1278.455,160.0313,P250,49,86,39.59275,-69.71926,0,False,True,False,219.7266,2.460938
Ex6TenZ * Razer,CounterTerrorist,2614.223,1272.514,160.0313,P250,49,86,50.07689,-116.899,0,False,True,False,219.375,2.460938
Ex6TenZ * Razer,CounterTerrorist,2616.567,1263.647,160.0313,P250,49,86,28.10251,-159.3353,0,False,True,False,216.9141,2.460938
Ex6TenZ * Razer,CounterTerrorist,2617.588,1252.562,160.0313,P250,49,86,7.186596,-189.8573,0,False,True,False,212.6953,2.460938
Ex6TenZ * Razer,CounterTerrorist,2617.3,1239.908,160.0313,P250,49,86,-13.81699,-211.0668,0,False,True,False,208.125,2.109375
Ex6TenZ * Razer,CounterTerrorist,2615.704,1226.192,160.0313,P250,49,86,-34.60113,-225.0477,0,False,True,False,203.5547,2.109375
Ex6TenZ * Razer,CounterTerrorist,2613.17,1211.8,160.0313,P250,49,86,-32.33372,-234.2229,0,False,True,False,199.3359,2.109375
Ex6TenZ * Razer,CounterTerrorist,2612.324,1196.897,160.0313,P250,49,86,-0.3531359,-239.9997,0,False,True,False,198.9844,1.757813
Ex6TenZ * Razer,CounterTerrorist,2613.224,1181.931,160.0313,P250,49,86,25.16789,-238.6767,0,False,True,False,201.4453,1.757813
Ex6TenZ * Razer,CounterTerrorist,2615.476,1167.104,160.0313,P250,49,86,42.79659,-236.1534,0,False,True,False,198.2813,1.757813
Ex6TenZ * Razer,CounterTerrorist,2618.364,1152.385,160.0313,P250,49,86,46.97861,-235.3572,0,False,True,False,190.8984,1.757813
Ex6TenZ * Razer,CounterTerrorist,2620.932,1137.654,160.0313,P250,49,86,24.81757,-235.465,0,False,True,False,187.0313,2.109375
Ex6TenZ * Razer,CounterTerrorist,2620.535,1123.113,160.0313,P250,49,86,-28.69542,-230.2962,0,False,True,False,184.2188,2.109375
Ex6TenZ * Razer,CounterTerrorist,2617.174,1108.965,160.0313,P250,49,86,-72.05751,-222.9682,0,False,True,False,179.6484,1.757813
Ex6TenZ * Razer,CounterTerrorist,2611.379,1095.348,160.0313,P250,49,86,-107.9009,-213.5448,0,False,True,False,175.0781,1.757813
Ex6TenZ * Razer,CounterTerrorist,2603.117,1083.966,160.0313,P250,49,86,-150.8377,-153.7087,0,False,True,False,171.2109,1.757813
Ex6TenZ * Razer,CounterTerrorist,2592.68,1076.615,160.0313,P250,49,86,-171.1389,-80.90269,0,False,True,False,169.4531,1.757813
Ex6TenZ * Razer,CounterTerrorist,2582.101,1074.571,160.0313,P250,49,86,-167.9336,1.133044,0,False,True,False,169.4531,1.757813
Ex6TenZ * Razer,CounterTerrorist,2571.677,1076.849,160.0313,P250,49,86,-166.4772,60.91287,0,False,True,False,171.9141,1.757813
Ex6TenZ * Razer,CounterTerrorist,2561.111,1082.114,160.0313,P250,49,86,-171.6978,99.89653,0,False,True,False,178.2422,1.757813
Ex6TenZ * Razer,CounterTerrorist,2550.187,1089.366,160.0313,P250,49,86,-176.9626,127.3489,0,False,True,False,178.2422,1.757813
Ex6TenZ * Razer,CounterTerrorist,2538.313,1096.58,160.0313,P250,49,86,-201.5404,101.7183,0,False,True,False,178.2422,1.757813
Ex6TenZ * Razer,CounterTerrorist,2523.206,1102.622,160.0313,P250,49,86,-224.337,74.6678,0,False,True,False,178.2422,1.757813
Ex6TenZ * Razer,CounterTerrorist,2508.78,1106.616,160.0313,P250,49,86,-233.4175,55.82334,0,False,True,False,178.2422,1.757813
Ex6TenZ * Razer,CounterTerrorist,2496.128,1110.063,160.0313,P250,49,86,-227.4998,76.44495,0,False,True,False,182.1094,2.460938
Ex6TenZ * Razer,CounterTerrorist,2482.165,1115.537,160.0313,P250,49,86,-222.1816,90.74882,0,False,True,False,204.6094,3.164063
Ex6TenZ * Razer,CounterTerrorist,2468.031,1120.531,160.0313,P250,49,86,-230.7526,65.97896,0,False,True,False,236.9531,3.515625
Ex6TenZ * Razer,CounterTerrorist,2453.688,1124.923,160.0313,P250,49,86,-229.7635,69.34509,0,False,True,False,258.75,2.8125
Ex6TenZ * Razer,CounterTerrorist,2439.213,1127.979,160.0313,P250,49,86,-234.0874,1.303324,0,False,True,False,262.9688,2.109375
Ex6TenZ * Razer,CounterTerrorist,2424.277,1127.999,160.0313,P250,49,86,-239.9967,0,0,False,True,False,262.9688,2.109375
Ex6TenZ * Razer,CounterTerrorist,2409.277,1128.054,158.591,P250,49,86,-239.9756,3.422026,0,False,True,False,263.6719,2.109375
Ex6TenZ * Razer,CounterTerrorist,2394.283,1128.493,157.5091,P250,49,86,-239.8143,9.44059,0,False,True,False,264.0234,2.109375
