Name,Team,Position.X,Position.Y,Position.Z,ActiveWeapon,HP,Armour,Velocity.X,Velocity.Y,Velocity.Z,IsDucking,HasHelmet,HasDefuseKit,ViewDirectionX,ViewDirectionY,Map = de_inferno
PB,Terrorist,-1668,471,-63.96875,Glock,100,0,0,0,0,False,False,False,317.8125,359.6484
PB,Terrorist,-1668,471,-63.96875,Glock,100,0,0,0,0,False,False,False,317.8125,359.6484
PB,Terrorist,-1668,471,-63.96875,Glock,100,0,0,0,0,False,False,False,3.164063,0
PB,Terrorist,-1668,471,-63.96875,Glock,100,0,0,0,0,False,False,False,3.164063,0
PB,Terrorist,-1668,471,-63.96875,Glock,100,0,0,0,0,False,False,False,3.164063,0
PB,Terrorist,-1668,471,-63.96875,Glock,100,0,0,0,0,False,False,False,3.164063,0
PB,Terrorist,-1668,471,-63.96875,Glock,100,0,0,0,0,False,False,False,3.164063,0
PB,Terrorist,-1668,471,-63.96875,Glock,100,0,0,0,0,False,False,False,3.164063,0
PB,Terrorist,-1668,471,-63.96875,Glock,100,0,0,0,0,False,False,False,3.164063,0
PB,Terrorist,-1668,471,-63.96875,Glock,100,0,0,0,0,False,False,False,3.164063,0
PB,Terrorist,-1668,471,-63.96875,Glock,100,0,0,0,0,False,False,False,3.164063,0
PB,Terrorist,-1668,471,-63.96875,Glock,100,0,0,0,0,False,False,False,3.164063,0
PB,Terrorist,-1668,471,-63.96875,Glock,100,0,0,0,0,False,False,False,3.164063,0
PB,Terrorist,-1668,471,-63.96875,Glock,100,0,0,0,0,False,False,False,3.164063,0
PB,Terrorist,-1668,471,-63.96875,Glock,100,0,0,0,0,False,False,False,3.164063,0
PB,Terrorist,-1668,471,-63.96875,Glock,100,0,0,0,0,False,False,False,3.164063,0
PB,Terrorist,-1668,471,-63.96875,Glock,100,0,0,0,0,False,False,False,3.164063,0
PB,Terrorist,-1668,471,-63.96875,Glock,100,0,0,0,0,False,False,False,3.164063,0
PB,Terrorist,-1668,471,-63.96875,Glock,100,0,0,0,0,False,False,False,3.164063,0
PB,Terrorist,-1668,471,-63.96875,Glock,100,0,0,0,0,False,False,False,3.164063,0
PB,Terrorist,-1668,471,-63.96875,Glock,100,0,0,0,0,False,False,False,3.164063,0
PB,Terrorist,-1668,471,-63.96875,Glock,100,0,0,0,0,False,False,False,3.164063,0
PB,Terrorist,-1668,471,-63.96875,Glock,100,0,0,0,0,False,False,False,3.164063,0
PB,Terrorist,-1668,471,-63.96875,Glock,100,0,0,0,0,False,False,False,3.164063,0
PB,Terrorist,-1668,471,-63.96875,Glock,100,0,0,0,0,False,False,False,3.164063,0
PB,Terrorist,-1668,471,-63.96875,Glock,100,0,0,0,0,False,False,False,3.164063,0
PB,Terrorist,-1668,471,-63.96875,Glock,100,0,0,0,0,False,False,False,3.164063,0
PB,Terrorist,-1668,471,-63.96875,Glock,100,0,0,0,0,False,False,False,3.164063,0
PB,Terrorist,-1668,471,-63.96875,Glock,100,0,0,0,0,False,False,False,3.164063,0
PB,Terrorist,-1668,471,-63.96875,Glock,100,0,0,0,0,False,False,False,3.164063,0
PB,Terrorist,-1668,471,-63.96875,Glock,100,0,0,0,0,False,False,False,3.164063,0
PB,Terrorist,-1668,471,-63.96875,Glock,100,0,0,0,0,False,False,False,3.164063,0
PB,Terrorist,-1668,471,-63.96875,Glock,100,0,0,0,0,False,False,False,3.164063,0
PB,Terrorist,-1668,471,-63.96875,Glock,100,0,0,0,0,False,False,False,3.164063,0
PB,Terrorist,-1668,471,-63.96875,Glock,100,0,0,0,0,False,False,False,3.164063,0
PB,Terrorist,-1668,471,-63.96875,Glock,100,0,0,0,0,False,False,False,3.164063,0
PB,Terrorist,-1668,471,-63.96875,Glock,100,0,0,0,0,False,False,False,3.164063,0
PB,Terrorist,-1668,471,-63.96875,Glock,100,0,0,0,0,False,False,False,3.164063,0
PB,Terrorist,-1668,471,-63.96875,Glock,100,0,0,0,0,False,False,False,3.164063,0
PB,Terrorist,-1668,471,-63.96875,Glock,100,0,0,0,0,False,False,False,3.164063,0
PB,Terrorist,-1668,471,-63.96875,Glock,100,0,0,0,0,False,False,False,3.164063,0
PB,Terrorist,-1668,471,-63.96875,Glock,100,0,0,0,0,False,False,False,3.164063,0
PB,Terrorist,-1668,471,-63.96875,Glock,100,0,0,0,0,False,False,False,3.164063,0
PB,Terrorist,-1668,471,-63.96875,Glock,100,0,0,0,0,False,False,False,3.164063,0
PB,Terrorist,-1668,471,-63.96875,Glock,100,0,0,0,0,False,False,False,3.164063,0
PB,Terrorist,-1668,471,-63.96875,Glock,100,0,0,0,0,False,False,False,3.164063,0
PB,Terrorist,-1668,471,-63.96875,Glock,100,0,0,0,0,False,False,False,3.164063,0
PB,Terrorist,-1668,471,-63.96875,Glock,100,0,0,0,0,False,False,False,3.164063,0
PB,Terrorist,-1668,471,-63.96875,Glock,100,0,0,0,0,False,False,False,3.164063,0
PB,Terrorist,-1668,471,-63.96875,Glock,100,0,0,0,0,False,False,False,3.164063,0
PB,Terrorist,-1668,471,-63.96875,Glock,100,0,0,0,0,False,False,False,3.164063,0
PB,Terrorist,-1668,471,-63.96875,Glock,100,0,0,0,0,False,False,False,3.164063,0
PB,Terrorist,-1668,471,-63.96875,Glock,100,0,0,0,0,False,False,False,3.164063,0
PB,Terrorist,-1668,471,-63.96875,Glock,100,0,0,0,0,False,False,False,3.164063,0
PB,Terrorist,-1668,471,-63.96875,Glock,100,0,0,0,0,False,False,False,3.164063,0
PB,Terrorist,-1668,471,-63.96875,Glock,100,0,0,0,0,False,False,False,3.164063,0
PB,Terrorist,-1668,471,-63.96875,Glock,100,0,0,0,0,False,False,False,3.164063,0
PB,Terrorist,-1668,471,-63.96875,Glock,100,0,0,0,0,False,False,False,3.164063,0
PB,Terrorist,-1668,471,-63.96875,Glock,100,0,0,0,0,False,False,False,3.164063,0
PB,Terrorist,-1668,471,-63.96875,Glock,100,0,0,0,0,False,False,False,3.164063,0
PB,Terrorist,-1668,471,-63.96875,Glock,100,0,0,0,0,False,False,False,3.164063,0
PB,Terrorist,-1668,471,-63.96875,Glock,100,0,0,0,0,False,False,False,3.164063,0
PB,Terrorist,-1668,471,-63.96875,Glock,100,0,0,0,0,False,False,False,3.164063,0
PB,Terrorist,-1668,471,-63.96875,Glock,100,0,0,0,0,False,False,False,3.164063,0
PB,Terrorist,-1668,471,-63.96875,Glock,100,0,0,0,0,False,False,False,3.164063,0
PB,Terrorist,-1668,471,-63.96875,Glock,100,0,0,0,0,False,False,False,3.164063,0
PB,Terrorist,-1668,471,-63.96875,Glock,100,0,0,0,0,False,False,False,3.164063,0
PB,Terrorist,-1668,471,-63.96875,Glock,100,0,0,0,0,False,False,False,3.164063,0
PB,Terrorist,-1668,471,-63.96875,Glock,100,0,0,0,0,False,False,False,3.164063,0
PB,Terrorist,-1668,471,-63.96875,Glock,100,0,0,0,0,False,False,False,3.164063,0
PB,Terrorist,-1668,471,-63.96875,Glock,100,0,0,0,0,False,False,False,3.164063,0
PB,Terrorist,-1668,471,-63.96875,Glock,100,0,0,0,0,False,False,False,3.164063,0
PB,Terrorist,-1668,471,-63.96875,Glock,100,0,0,0,0,False,False,False,3.164063,0
PB,Terrorist,-1668,471,-63.96875,Glock,100,0,0,0,0,False,False,False,3.164063,0
PB,Terrorist,-1668,471,-63.96875,Glock,100,0,0,0,0,False,False,False,3.164063,0
PB,Terrorist,-1668,471,-63.96875,Glock,100,0,0,0,0,False,False,False,3.164063,0
PB,Terrorist,-1668,471,-63.96875,Glock,100,0,0,0,0,False,False,False,3.164063,0
PB,Terrorist,-1668,471,-63.96875,Glock,100,0,0,0,0,False,False,False,3.164063,0
PB,Terrorist,-1668,471,-63.96875,Glock,100,0,0,0,0,False,False,False,3.164063,0
PB,Terrorist,-1668,471,-63.96875,Glock,100,0,0,0,0,False,False,False,3.164063,0
PB,Terrorist,-1668,471,-63.96875,Glock,100,0,0,0,0,False,False,False,3.164063,0
PB,Terrorist,-1668,471,-63.96875,Glock,100,0,0,0,0,False,False,False,3.164063,0
PB,Terrorist,-1668,471,-63.96875,Glock,100,0,0,0,0,False,False,False,3.164063,0
PB,Terrorist,-1668,471,-63.96875,Glock,100,0,0,0,0,False,False,False,3.164063,0
PB,Terrorist,-1668,471,-63.96875,Glock,100,0,0,0,0,False,False,False,3.164063,0
PB,Terrorist,-1668,471,-63.96875,Glock,100,0,0,0,0,False,False,False,3.164063,0
PB,Terrorist,-1668,471,-63.96875,Glock,100,0,0,0,0,False,False,False,3.164063,0
PB,Terrorist,-1668,471,-63.96875,Glock,100,0,0,0,0,False,False,False,3.164063,0
PB,Terrorist,-1668,471,-63.96875,Glock,100,0,0,0,0,False,False,False,3.164063,0
PB,Terrorist,-1668,471,-63.96875,Glock,100,0,0,0,0,False,False,False,3.164063,0
PB,Terrorist,-1668,471,-63.96875,Glock,100,0,0,0,0,False,False,False,3.164063,0
PB,Terrorist,-1668,471,-63.96875,Glock,100,0,0,0,0,False,False,False,3.164063,0
PB,Terrorist,-1668,471,-63.96875,Glock,100,0,0,0,0,False,False,False,3.164063,0
PB,Terrorist,-1668,471,-63.96875,Glock,100,0,0,0,0,False,False,False,3.164063,0
PB,Terrorist,-1668,471,-63.96875,Glock,100,0,0,0,0,False,False,False,3.164063,0
PB,Terrorist,-1668,471,-63.96875,Glock,100,0,0,0,0,False,False,False,3.164063,0
PB,Terrorist,-1668,471,-63.96875,Glock,100,0,0,0,0,False,False,False,3.164063,0
PB,Terrorist,-1668,471,-63.96875,Glock,100,0,0,0,0,False,False,False,3.164063,0
PB,Terrorist,-1668,471,-63.96875,Glock,100,0,0,0,0,False,False,False,3.164063,0
PB,Terrorist,-1668,471,-63.96875,Glock,100,0,0,0,0,False,False,False,3.164063,0
PB,Terrorist,-1668,471,-63.96875,Glock,100,0,0,0,0,False,False,False,3.164063,0
PB,Terrorist,-1668,471,-63.96875,Glock,100,0,0,0,0,False,False,False,3.164063,0
PB,Terrorist,-1668,471,-63.96875,Glock,100,0,0,0,0,False,False,False,3.164063,0
PB,Terrorist,-1668,471,-63.96875,Glock,100,0,0,0,0,False,False,False,3.164063,0
PB,Terrorist,-1668,471,-63.96875,Glock,100,0,0,0,0,False,False,False,3.164063,0
PB,Terrorist,-1668,471,-63.96875,Glock,100,0,0,0,0,False,False,False,3.164063,0
PB,Terrorist,-1668,471,-63.96875,Glock,100,0,0,0,0,False,False,False,3.164063,0
PB,Terrorist,-1668,471,-63.96875,Glock,100,0,0,0,0,False,False,False,3.164063,0
PB,Terrorist,-1668,471,-63.96875,Glock,100,0,0,0,0,False,False,False,3.164063,0
PB,Terrorist,-1668,471,-63.96875,Glock,100,0,0,0,0,False,False,False,359.6484,0
PB,Terrorist,-1668,471,-63.96875,Glock,100,0,0,0,0,False,False,False,346.6406,0
PB,Terrorist,-1668,471,-63.96875,Glock,100,0,0,0,0,False,False,False,333.2813,0
PB,Terrorist,-1668,471,-63.96875,Glock,100,0,0,0,0,False,False,False,320.2734,0
PB,Terrorist,-1668,471,-63.96875,Glock,100,0,0,0,0,False,False,False,309.0234,0
PB,Terrorist,-1668,471,-63.96875,Glock,100,0,0,0,0,False,False,False,309.0234,0
PB,Terrorist,-1668,471,-63.96875,Glock,100,0,0,0,0,False,False,False,309.0234,0
PB,Terrorist,-1668,471,-63.96875,Glock,100,0,0,0,0,False,False,False,309.0234,0
PB,Terrorist,-1668,471,-63.96875,Glock,100,0,0,0,0,False,False,False,309.0234,0
PB,Terrorist,-1668,471,-63.96875,Glock,100,0,0,0,0,False,False,False,309.0234,0
PB,Terrorist,-1668,471,-63.96875,Glock,100,0,0,0,0,False,False,False,309.0234,0
PB,Terrorist,-1668,471,-63.96875,Glock,100,0,0,0,0,False,False,False,309.0234,0
PB,Terrorist,-1668,471,-63.96875,Glock,100,0,0,0,0,False,False,False,309.0234,0
PB,Terrorist,-1668,471,-63.96875,Glock,100,0,0,0,0,False,False,False,309.0234,0
PB,Terrorist,-1668,471,-63.96875,Glock,100,0,0,0,0,False,False,False,309.0234,0
PB,Terrorist,-1668,471,-63.96875,Glock,100,0,0,0,0,False,False,False,309.0234,0
PB,Terrorist,-1668,471,-63.96875,Glock,100,0,0,0,0,False,False,False,309.0234,0
PB,Terrorist,-1668,471,-63.96875,Glock,100,0,0,0,0,False,False,False,309.0234,0
PB,Terrorist,-1668,471,-63.96875,Glock,100,0,0,0,0,False,False,False,309.0234,0
PB,Terrorist,-1668,471,-63.96875,Glock,100,0,0,0,0,False,False,False,309.0234,0
PB,Terrorist,-1668,471,-63.96875,Glock,100,0,0,0,0,False,False,False,309.0234,0
PB,Terrorist,-1668,471,-63.96875,Glock,100,0,0,0,0,False,False,False,309.0234,0
PB,Terrorist,-1668,471,-63.96875,Glock,100,0,0,0,0,False,False,False,309.0234,0
PB,Terrorist,-1668,471,-63.96875,Glock,100,0,0,0,0,False,False,False,309.0234,0
PB,Terrorist,-1668,471,-63.96875,Knife,100,0,0,0,0,False,False,False,309.0234,0
PB,Terrorist,-1668,471,-63.96875,Knife,100,0,0,0,0,False,False,False,309.0234,0
PB,Terrorist,-1668,471,-63.96875,Knife,100,0,0,0,0,False,False,False,309.0234,0
PB,Terrorist,-1668,471,-63.96875,Knife,100,0,0,0,0,False,False,False,309.0234,0
PB,Terrorist,-1668,471,-63.96875,Knife,100,0,0,0,0,False,False,False,309.0234,0
PB,Terrorist,-1668,471,-63.96875,Knife,100,0,0,0,0,False,False,False,309.0234,0
PB,Terrorist,-1668,471,-63.96875,Knife,100,0,0,0,0,False,False,False,309.0234,0
PB,Terrorist,-1668,471,-63.96875,Knife,100,0,0,0,0,False,False,False,309.0234,0
PB,Terrorist,-1668,471,-63.96875,Knife,100,0,0,0,0,False,False,False,309.0234,0
PB,Terrorist,-1668,471,-63.96875,Knife,100,0,0,0,0,False,False,False,309.0234,0
PB,Terrorist,-1668,471,-63.96875,Knife,100,0,0,0,0,False,False,False,309.0234,0
PB,Terrorist,-1668,471,-63.96875,Knife,100,0,0,0,0,False,False,False,309.0234,0
PB,Terrorist,-1668,471,-63.96875,Knife,100,0,0,0,0,False,False,False,309.0234,0
PB,Terrorist,-1668,471,-63.96875,Knife,100,0,0,0,0,False,False,False,309.0234,0
PB,Terrorist,-1668,471,-63.96875,Knife,100,0,0,0,0,False,False,False,309.0234,0
PB,Terrorist,-1668,471,-63.96875,Knife,100,0,0,0,0,False,False,False,309.0234,0
PB,Terrorist,-1668,471,-63.96875,Knife,100,0,0,0,0,False,False,False,309.0234,0
PB,Terrorist,-1668,471,-63.96875,Knife,100,0,0,0,0,False,False,False,309.0234,0
PB,Terrorist,-1668,471,-63.96875,Knife,100,0,0,0,0,False,False,False,309.0234,0
PB,Terrorist,-1668,471,-63.96875,Knife,100,0,0,0,0,False,False,False,309.0234,0
PB,Terrorist,-1668,471,-63.96875,Knife,100,0,0,0,0,False,False,False,309.0234,0
PB,Terrorist,-1668,471,-63.96875,Knife,100,0,0,0,0,False,False,False,309.0234,0
PB,Terrorist,-1668,471,-63.96875,Knife,100,0,0,0,0,False,False,False,309.0234,0
PB,Terrorist,-1668,471,-63.96875,Knife,100,0,0,0,0,False,False,False,309.0234,0
PB,Terrorist,-1668,471,-63.96875,Knife,100,0,0,0,0,False,False,False,309.0234,0
PB,Terrorist,-1668,471,-63.96875,Knife,100,0,0,0,0,False,False,False,309.0234,0
PB,Terrorist,-1668,471,-63.96875,Knife,100,0,0,0,0,False,False,False,309.0234,0
PB,Terrorist,-1668,471,-63.96875,Knife,100,0,0,0,0,False,False,False,309.0234,0
PB,Terrorist,-1668,471,-63.96875,Knife,100,0,0,0,0,False,False,False,309.0234,0
PB,Terrorist,-1668,471,-63.96875,Knife,100,0,0,0,0,False,False,False,309.0234,0
PB,Terrorist,-1668,471,-63.96875,Knife,100,0,0,0,0,False,False,False,309.0234,0
PB,Terrorist,-1668,471,-63.96875,Knife,100,0,0,0,0,False,False,False,309.0234,0
PB,Terrorist,-1668,471,-63.96875,Knife,100,0,0,0,0,False,False,False,309.0234,0
PB,Terrorist,-1668,471,-63.96875,Knife,100,0,0,0,0,False,False,False,309.0234,0
PB,Terrorist,-1668,471,-63.96875,Knife,100,0,0,0,0,False,False,False,309.0234,0
PB,Terrorist,-1668,471,-63.96875,Knife,100,0,0,0,0,False,False,False,309.0234,0
PB,Terrorist,-1668,471,-63.96875,Knife,100,0,0,0,0,False,False,False,309.0234,0
PB,Terrorist,-1668,471,-63.96875,Knife,100,0,0,0,0,False,False,False,309.0234,0
PB,Terrorist,-1668,471,-63.96875,Knife,100,0,0,0,0,False,False,False,309.0234,0
PB,Terrorist,-1668,471,-63.96875,Knife,100,0,0,0,0,False,False,False,309.0234,0
PB,Terrorist,-1668,471,-63.96875,Knife,100,0,0,0,0,False,False,False,307.9688,0
PB,Terrorist,-1668,471,-63.96875,Glock,100,0,0,0,0,False,False,False,294.9609,0
PB,Terrorist,-1668,471,-63.96875,Glock,100,0,0,0,0,False,False,False,281.9531,0
PB,Terrorist,-1668,471,-63.96875,Glock,100,0,0,0,0,False,False,False,268.5938,0
PB,Terrorist,-1668,471,-63.96875,Knife,100,0,0,0,0,False,False,False,263.6719,0
PB,Terrorist,-1668,471,-63.96875,Glock,100,0,0,0,0,False,False,False,263.6719,0
PB,Terrorist,-1668,471,-63.96875,Glock,100,0,0,0,0,False,False,False,263.6719,0
PB,Terrorist,-1668,471,-63.96875,Knife,100,0,0,0,0,False,False,False,263.6719,0
PB,Terrorist,-1668,471,-63.96875,Glock,100,0,0,0,0,False,False,False,263.6719,0
PB,Terrorist,-1668,471,-63.96875,Glock,100,0,0,0,0,False,False,False,263.6719,0
PB,Terrorist,-1668,471,-63.96875,Knife,100,0,0,0,0,False,False,False,263.6719,0
PB,Terrorist,-1668,471,-63.96875,Knife,100,0,0,0,0,False,False,False,263.6719,0
PB,Terrorist,-1668,471,-63.96875,Knife,100,0,0,0,0,False,False,False,263.6719,0
PB,Terrorist,-1668,471,-63.96875,Knife,100,0,0,0,0,False,False,False,263.6719,0
PB,Terrorist,-1668,471,-63.96875,Knife,100,0,0,0,0,False,False,False,263.6719,0
PB,Terrorist,-1668,471,-63.96875,Knife,100,0,0,0,0,False,False,False,263.6719,0
PB,Terrorist,-1668,471,-63.96875,Knife,100,0,0,0,0,False,False,False,263.6719,0
PB,Terrorist,-1668,471,-63.96875,Knife,100,0,0,0,0,False,False,False,263.6719,0
PB,Terrorist,-1668,471,-63.96875,Knife,100,0,0,0,0,False,False,False,263.6719,0
PB,Terrorist,-1668,471,-63.96875,Knife,100,0,0,0,0,False,False,False,263.6719,0
PB,Terrorist,-1668,471,-63.96875,Knife,100,0,0,0,0,False,False,False,263.6719,0
PB,Terrorist,-1668,471,-63.96875,Knife,100,0,0,0,0,False,False,False,263.6719,0
PB,Terrorist,-1668,471,-63.96875,Knife,100,0,0,0,0,False,False,False,263.6719,0
PB,Terrorist,-1668,471,-63.96875,Knife,100,0,0,0,0,False,False,False,263.6719,0
PB,Terrorist,-1668,471,-63.96875,Knife,100,0,0,0,0,False,False,False,263.6719,0
PB,Terrorist,-1668,471,-63.96875,Knife,100,0,0,0,0,False,False,False,263.6719,0
PB,Terrorist,-1668,471,-63.96875,Knife,100,0,0,0,0,False,False,False,263.6719,0
PB,Terrorist,-1668,471,-63.96875,Knife,100,0,0,0,0,False,False,False,263.6719,0
PB,Terrorist,-1668,471,-63.96875,Knife,100,0,0,0,0,False,False,False,263.6719,0
PB,Terrorist,-1668,471,-63.96875,Knife,100,0,0,0,0,False,False,False,263.6719,0
PB,Terrorist,-1668,471,-63.96875,Knife,100,0,0,0,0,False,False,False,263.6719,0
PB,Terrorist,-1668,471,-63.96875,Knife,100,0,0,0,0,False,False,False,263.6719,0
PB,Terrorist,-1668,471,-63.96875,Knife,100,0,0,0,0,False,False,False,263.6719,0
PB,Terrorist,-1668,471,-63.96875,Knife,100,0,0,0,0,False,False,False,263.6719,0
PB,Terrorist,-1668,471,-63.96875,Knife,100,0,0,0,0,False,False,False,263.6719,0
PB,Terrorist,-1668,471,-63.96875,Knife,100,0,0,0,0,False,False,False,263.6719,0
PB,Terrorist,-1668,471,-63.96875,Knife,100,0,0,0,0,False,False,False,263.6719,0
PB,Terrorist,-1668,471,-63.96875,Knife,100,0,0,0,0,False,False,False,263.6719,0
PB,Terrorist,-1668,471,-63.96875,Knife,100,0,0,0,0,False,False,False,263.6719,0
PB,Terrorist,-1668,471,-63.96875,Knife,100,0,0,0,0,False,False,False,263.6719,0
PB,Terrorist,-1668,471,-63.96875,Knife,100,0,0,0,0,False,False,False,263.6719,0
PB,Terrorist,-1668,471,-63.96875,Knife,100,0,0,0,0,False,False,False,263.6719,0
PB,Terrorist,-1668,471,-63.96875,Knife,100,0,0,0,0,False,False,False,263.6719,0
PB,Terrorist,-1668,471,-63.96875,Knife,100,0,0,0,0,False,False,False,263.6719,0
PB,Terrorist,-1668,471,-63.96875,Knife,100,0,0,0,0,False,False,False,263.6719,0
PB,Terrorist,-1668,471,-63.96875,Knife,100,0,0,0,0,False,False,False,263.6719,0
PB,Terrorist,-1668,471,-63.96875,Knife,100,0,0,0,0,False,False,False,263.6719,0
PB,Terrorist,-1668,471,-63.96875,Knife,100,0,0,0,0,False,False,False,263.6719,0
PB,Terrorist,-1668,471,-63.96875,Knife,100,0,0,0,0,False,False,False,263.6719,0
PB,Terrorist,-1668,471,-63.96875,Knife,100,0,0,0,0,False,False,False,263.6719,0
PB,Terrorist,-1668,471,-63.96875,Knife,100,0,0,0,0,False,False,False,263.6719,0
PB,Terrorist,-1668,471,-63.96875,Knife,100,0,0,0,0,False,False,False,263.6719,0
PB,Terrorist,-1668,471,-63.96875,Knife,100,0,0,0,0,False,False,False,263.6719,0
PB,Terrorist,-1668,471,-63.96875,Knife,100,0,0,0,0,False,False,False,263.6719,0
PB,Terrorist,-1668,471,-63.96875,Knife,100,0,0,0,0,False,False,False,263.6719,0
PB,Terrorist,-1668,471,-63.96875,Knife,100,0,0,0,0,False,False,False,263.6719,0
PB,Terrorist,-1668,471,-63.96875,Knife,100,0,0,0,0,False,False,False,263.6719,0
PB,Terrorist,-1668,471,-63.96875,Knife,100,0,0,0,0,False,False,False,263.6719,0
PB,Terrorist,-1668,471,-63.96875,Knife,100,0,0,0,0,False,False,False,263.6719,0
PB,Terrorist,-1668,471,-63.96875,Knife,100,0,0,0,0,False,False,False,263.6719,0
PB,Terrorist,-1668,471,-63.96875,Knife,100,0,0,0,0,False,False,False,263.6719,0
PB,Terrorist,-1668,471,-63.96875,Knife,100,0,0,0,0,False,False,False,263.6719,0
PB,Terrorist,-1668,471,-63.96875,Knife,100,0,0,0,0,False,False,False,263.6719,0
PB,Terrorist,-1668,471,-63.96875,Knife,100,0,0,0,0,False,False,False,263.6719,0
PB,Terrorist,-1668,471,-63.96875,Knife,100,0,0,0,0,False,False,False,263.6719,0
PB,Terrorist,-1668,471,-63.96875,Knife,100,0,0,0,0,False,False,False,263.6719,0
PB,Terrorist,-1668,471,-63.96875,Knife,100,0,0,0,0,False,False,False,263.6719,0
PB,Terrorist,-1668,471,-63.96875,Knife,100,0,0,0,0,False,False,False,263.6719,0
PB,Terrorist,-1668,471,-63.96875,Knife,100,0,0,0,0,False,False,False,263.6719,0
PB,Terrorist,-1668,471,-63.96875,Knife,100,0,0,0,0,False,False,False,263.6719,0
PB,Terrorist,-1668,471,-63.96875,Knife,100,0,0,0,0,False,False,False,263.6719,0
PB,Terrorist,-1668,471,-63.96875,Knife,100,0,0,0,0,False,False,False,263.6719,0
PB,Terrorist,-1668,471,-63.96875,Knife,100,0,0,0,0,False,False,False,263.6719,0
PB,Terrorist,-1668,471,-63.96875,Knife,100,0,0,0,0,False,False,False,263.6719,0
PB,Terrorist,-1668,471,-63.96875,Knife,100,0,0,0,0,False,False,False,263.6719,0
PB,Terrorist,-1668,471,-63.96875,Knife,100,0,0,0,0,False,False,False,263.6719,0
PB,Terrorist,-1668,471,-63.96875,Knife,100,0,0,0,0,False,False,False,263.6719,0
PB,Terrorist,-1668,471,-63.96875,Knife,100,0,0,0,0,False,False,False,263.6719,0
PB,Terrorist,-1668,471,-63.96875,Knife,100,0,0,0,0,False,False,False,263.6719,0
PB,Terrorist,-1668,471,-63.96875,Knife,100,0,0,0,0,False,False,False,263.6719,0
PB,Terrorist,-1668,471,-63.96875,Knife,100,0,0,0,0,False,False,False,263.6719,0
PB,Terrorist,-1668,471,-63.96875,Knife,100,0,0,0,0,False,False,False,263.6719,0
PB,Terrorist,-1668,471,-63.96875,Knife,100,0,0,0,0,False,False,False,263.6719,0
PB,Terrorist,-1668,471,-63.96875,Knife,100,0,0,0,0,False,False,False,263.6719,0
PB,Terrorist,-1668,471,-63.96875,Knife,100,0,0,0,0,False,False,False,263.6719,0
PB,Terrorist,-1668,471,-63.96875,Knife,100,0,0,0,0,False,False,False,263.6719,0
PB,Terrorist,-1668,471,-63.96875,Knife,100,0,0,0,0,False,False,False,263.6719,0
PB,Terrorist,-1668,471,-63.96875,Knife,100,0,0,0,0,False,False,False,263.6719,0
PB,Terrorist,-1668,471,-63.96875,Knife,100,0,0,0,0,False,False,False,263.6719,0
PB,Terrorist,-1668,471,-63.96875,Knife,100,0,0,0,0,False,False,False,263.6719,0
PB,Terrorist,-1668,471,-63.96875,Knife,100,0,0,0,0,False,False,False,263.6719,0
PB,Terrorist,-1668,471,-63.96875,Knife,100,0,0,0,0,False,False,False,263.6719,0
PB,Terrorist,-1668,471,-63.96875,Knife,100,0,0,0,0,False,False,False,263.6719,0
PB,Terrorist,-1668,471,-63.96875,Knife,100,0,0,0,0,False,False,False,263.6719,0
PB,Terrorist,-1668,471,-63.96875,Knife,100,0,0,0,0,False,False,False,263.6719,0
PB,Terrorist,-1668,471,-63.96875,Knife,100,0,0,0,0,False,False,False,263.6719,0
PB,Terrorist,-1668,471,-63.96875,Knife,100,0,0,0,0,False,False,False,263.6719,0
PB,Terrorist,-1668,471,-63.96875,Knife,100,0,0,0,0,False,False,False,263.6719,0
PB,Terrorist,-1668,471,-63.96875,Knife,100,0,0,0,0,False,False,False,263.6719,0
PB,Terrorist,-1668,471,-63.96875,Knife,100,0,0,0,0,False,False,False,263.6719,0
PB,Terrorist,-1668,471,-63.96875,Knife,100,0,0,0,0,False,False,False,263.6719,0
PB,Terrorist,-1668,471,-63.96875,Knife,100,0,0,0,0,False,False,False,263.6719,0
PB,Terrorist,-1668,471,-63.96875,Knife,100,0,0,0,0,False,False,False,263.6719,0
PB,Terrorist,-1668,471,-63.96875,Knife,100,0,0,0,0,False,False,False,263.6719,0
PB,Terrorist,-1668,471,-63.96875,Knife,100,0,0,0,0,False,False,False,263.6719,0
PB,Terrorist,-1668,471,-63.96875,Knife,100,0,0,0,0,False,False,False,263.6719,0
PB,Terrorist,-1668,471,-63.96875,Knife,100,0,0,0,0,False,False,False,263.6719,0
PB,Terrorist,-1668,471,-63.96875,Knife,100,0,0,0,0,False,False,False,263.6719,0
PB,Terrorist,-1668,471,-63.96875,Knife,100,0,0,0,0,False,False,False,263.6719,0
PB,Terrorist,-1668,471,-63.96875,Knife,100,0,0,0,0,False,False,False,263.6719,0
PB,Terrorist,-1668,471,-63.96875,Knife,100,0,0,0,0,False,False,False,263.6719,0
PB,Terrorist,-1668,471,-63.96875,Knife,100,0,0,0,0,False,False,False,263.6719,0
PB,Terrorist,-1668,471,-63.96875,Knife,100,0,0,0,0,False,False,False,263.6719,0
PB,Terrorist,-1668,471,-63.96875,Knife,100,0,0,0,0,False,False,False,263.6719,0
PB,Terrorist,-1668,471,-63.96875,Knife,100,0,0,0,0,False,False,False,263.6719,0
PB,Terrorist,-1668,471,-63.96875,Knife,100,0,0,0,0,False,False,False,263.6719,0
PB,Terrorist,-1668,471,-63.96875,Knife,100,0,0,0,0,False,False,False,263.6719,0
PB,Terrorist,-1668,471,-63.96875,Knife,100,0,0,0,0,False,False,False,263.6719,0
PB,Terrorist,-1668,471,-63.96875,Knife,100,0,0,0,0,False,False,False,263.6719,0
PB,Terrorist,-1668,471,-63.96875,Knife,100,0,0,0,0,False,False,False,263.6719,0
PB,Terrorist,-1668,471,-63.96875,Knife,100,0,0,0,0,False,False,False,263.6719,0
PB,Terrorist,-1668,471,-63.96875,Knife,100,0,0,0,0,False,False,False,263.6719,0
PB,Terrorist,-1668,471,-63.96875,Knife,100,0,0,0,0,False,False,False,263.6719,0
PB,Terrorist,-1668,471,-63.96875,Knife,100,0,0,0,0,False,False,False,263.6719,0
PB,Terrorist,-1668,471,-63.96875,Knife,100,0,0,0,0,False,False,False,263.6719,0
PB,Terrorist,-1668,471,-63.96875,Knife,100,0,0,0,0,False,False,False,263.6719,0
PB,Terrorist,-1668,471,-63.96875,Knife,100,0,0,0,0,False,False,False,263.6719,0
PB,Terrorist,-1668,471,-63.96875,Knife,100,0,0,0,0,False,False,False,263.6719,0
PB,Terrorist,-1668,471,-63.96875,Knife,100,0,0,0,0,False,False,False,263.6719,0
PB,Terrorist,-1668,471,-63.96875,Knife,100,0,0,0,0,False,False,False,263.6719,0
PB,Terrorist,-1668,471,-63.96875,Knife,100,0,0,0,0,False,False,False,263.6719,0
PB,Terrorist,-1668,471,-63.96875,Knife,100,0,0,0,0,False,False,False,263.6719,0
PB,Terrorist,-1668,471,-63.96875,Knife,100,0,0,0,0,False,False,False,263.6719,0
PB,Terrorist,-1668,471,-63.96875,Knife,100,0,0,0,0,False,False,False,263.6719,0
PB,Terrorist,-1668,471,-63.96875,Knife,100,0,0,0,0,False,False,False,263.6719,0
PB,Terrorist,-1668,471,-63.96875,Knife,100,0,0,0,0,False,False,False,263.6719,0
PB,Terrorist,-1668,471,-63.96875,Knife,100,0,0,0,0,False,False,False,263.6719,0
PB,Terrorist,-1668,471,-63.96875,Knife,100,0,0,0,0,False,False,False,263.6719,0
PB,Terrorist,-1668,471,-63.96875,Knife,100,0,0,0,0,False,False,False,263.6719,0
PB,Terrorist,-1668,471,-63.96875,Knife,100,0,0,0,0,False,False,False,263.6719,0
PB,Terrorist,-1668,471,-63.96875,Knife,100,0,0,0,0,False,False,False,263.6719,0
PB,Terrorist,-1668,471,-63.96875,Knife,100,0,0,0,0,False,False,False,263.6719,0
PB,Terrorist,-1668,471,-63.96875,Knife,100,0,0,0,0,False,False,False,263.6719,0
PB,Terrorist,-1668,471,-63.96875,Knife,100,0,0,0,0,False,False,False,263.6719,0
PB,Terrorist,-1668,471,-63.96875,Knife,100,0,0,0,0,False,False,False,263.6719,0
PB,Terrorist,-1668,471,-63.96875,Knife,100,0,0,0,0,False,False,False,263.6719,0
PB,Terrorist,-1668,471,-63.96875,Knife,100,0,0,0,0,False,False,False,263.6719,0
PB,Terrorist,-1668,471,-63.96875,Knife,100,0,0,0,0,False,False,False,263.6719,0
PB,Terrorist,-1668,471,-63.96875,Knife,100,0,0,0,0,False,False,False,263.6719,0
PB,Terrorist,-1668,471,-63.96875,Knife,100,0,0,0,0,False,False,False,263.6719,0
PB,Terrorist,-1668,471,-63.96875,Knife,100,0,0,0,0,False,False,False,263.6719,0
PB,Terrorist,-1668,471,-63.96875,Knife,100,0,0,0,0,False,False,False,263.6719,0
PB,Terrorist,-1668,471,-63.96875,Knife,100,0,0,0,0,False,False,False,263.6719,0
PB,Terrorist,-1668,471,-63.96875,Knife,100,0,0,0,0,False,False,False,263.6719,0
PB,Terrorist,-1668,471,-63.96875,Knife,100,0,0,0,0,False,False,False,263.6719,0
PB,Terrorist,-1668,471,-63.96875,Knife,100,0,0,0,0,False,False,False,263.6719,0
PB,Terrorist,-1668,471,-63.96875,Knife,100,0,0,0,0,False,False,False,263.6719,0
PB,Terrorist,-1668,471,-63.96875,Knife,100,0,0,0,0,False,False,False,263.6719,0
PB,Terrorist,-1668,471,-63.96875,Knife,100,0,0,0,0,False,False,False,263.6719,0
PB,Terrorist,-1668,471,-63.96875,Knife,100,0,0,0,0,False,False,False,263.6719,0
PB,Terrorist,-1668,471,-63.96875,Knife,100,0,0,0,0,False,False,False,263.6719,0
PB,Terrorist,-1668,471,-63.96875,Knife,100,0,0,0,0,False,False,False,263.6719,0
PB,Terrorist,-1668,471,-63.96875,Knife,100,0,0,0,0,False,False,False,263.6719,0
PB,Terrorist,-1668,471,-63.96875,Knife,100,0,0,0,0,False,False,False,263.6719,0
PB,Terrorist,-1668,471,-63.96875,Knife,100,0,0,0,0,False,False,False,263.6719,0
PB,Terrorist,-1668,471,-63.96875,Knife,100,0,0,0,0,False,False,False,263.6719,0
PB,Terrorist,-1668,471,-63.96875,Knife,100,0,0,0,0,False,False,False,263.6719,0
PB,Terrorist,-1668,471,-63.96875,Knife,100,0,0,0,0,False,False,False,263.6719,0
PB,Terrorist,-1668,471,-63.96875,Knife,100,0,0,0,0,False,False,False,263.6719,0
PB,Terrorist,-1668,471,-63.96875,Knife,100,0,0,0,0,False,False,False,263.6719,0
PB,Terrorist,-1668,471,-63.96875,Knife,100,0,0,0,0,False,False,False,263.6719,0
PB,Terrorist,-1668,471,-63.96875,Knife,100,0,0,0,0,False,False,False,263.6719,0
PB,Terrorist,-1668,471,-63.96875,Knife,100,0,0,0,0,False,False,False,263.6719,0
PB,Terrorist,-1668,471,-63.96875,Knife,100,0,0,0,0,False,False,False,263.6719,0
PB,Terrorist,-1668,471,-63.96875,Knife,100,0,0,0,0,False,False,False,263.6719,0
PB,Terrorist,-1668,471,-63.96875,Knife,100,0,0,0,0,False,False,False,263.6719,0
PB,Terrorist,-1668,471,-63.96875,Knife,100,0,0,0,0,False,False,False,263.6719,0
PB,Terrorist,-1668,471,-63.96875,Knife,100,0,0,0,0,False,False,False,263.6719,0
PB,Terrorist,-1668,471,-63.96875,Knife,100,0,0,0,0,False,False,False,263.6719,0
PB,Terrorist,-1668,471,-63.96875,Knife,100,0,0,0,0,False,False,False,263.6719,0
PB,Terrorist,-1668,471,-63.96875,Knife,100,0,0,0,0,False,False,False,263.6719,0
PB,Terrorist,-1668,471,-63.96875,Knife,100,0,0,0,0,False,False,False,263.6719,0
PB,Terrorist,-1668,471,-63.96875,Knife,100,0,0,0,0,False,False,False,263.6719,0
PB,Terrorist,-1668,471,-63.96875,Knife,100,0,0,0,0,False,False,False,263.6719,0
PB,Terrorist,-1668,471,-63.96875,Knife,100,0,0,0,0,False,False,False,263.6719,0
PB,Terrorist,-1668,471,-63.96875,Knife,100,0,0,0,0,False,False,False,263.6719,0
PB,Terrorist,-1668,471,-63.96875,Knife,100,0,0,0,0,False,False,False,263.6719,0
PB,Terrorist,-1668,471,-63.96875,Knife,100,0,0,0,0,False,False,False,263.6719,0
PB,Terrorist,-1668,471,-63.96875,Knife,100,0,0,0,0,False,False,False,263.6719,0
PB,Terrorist,-1668,471,-63.96875,Knife,100,0,0,0,0,False,False,False,263.6719,0
PB,Terrorist,-1668,471,-63.96875,Knife,100,0,0,0,0,False,False,False,263.6719,0
PB,Terrorist,-1668,471,-63.96875,Knife,100,0,0,0,0,False,False,False,263.6719,0
PB,Terrorist,-1668,471,-63.96875,Knife,100,0,0,0,0,False,False,False,263.6719,0
PB,Terrorist,-1668,471,-63.96875,Knife,100,0,0,0,0,False,False,False,263.6719,0
PB,Terrorist,-1668,471,-63.96875,Knife,100,0,0,0,0,False,False,False,263.6719,0
PB,Terrorist,-1668,471,-63.96875,Knife,100,0,0,0,0,False,False,False,263.6719,0
PB,Terrorist,-1668,471,-63.96875,Knife,100,0,0,0,0,False,False,False,263.6719,0
PB,Terrorist,-1668,471,-63.96875,Knife,100,0,0,0,0,False,False,False,263.6719,0
PB,Terrorist,-1668,471,-63.96875,Knife,100,0,0,0,0,False,False,False,263.6719,0
PB,Terrorist,-1668,471,-63.96875,Knife,100,0,0,0,0,False,False,False,263.6719,0
PB,Terrorist,-1668,471,-63.96875,Knife,100,0,0,0,0,False,False,False,263.6719,0
PB,Terrorist,-1668,471,-63.96875,Knife,100,0,0,0,0,False,False,False,263.6719,0
PB,Terrorist,-1668,471,-63.96875,Knife,100,0,0,0,0,False,False,False,263.6719,0
PB,Terrorist,-1668,471,-63.96875,Knife,100,0,0,0,0,False,False,False,263.6719,0
PB,Terrorist,-1668,471,-63.96875,Knife,100,0,0,0,0,False,False,False,263.6719,0
PB,Terrorist,-1668,471,-63.96875,Knife,100,0,0,0,0,False,False,False,263.6719,0
PB,Terrorist,-1668,471,-63.96875,Knife,100,0,0,0,0,False,False,False,263.6719,0
PB,Terrorist,-1668,471,-63.96875,Knife,100,0,0,0,0,False,False,False,263.6719,0
PB,Terrorist,-1668,471,-63.96875,Knife,100,0,0,0,0,False,False,False,263.6719,0
PB,Terrorist,-1668,471,-63.96875,Knife,100,0,0,0,0,False,False,False,263.6719,0
PB,Terrorist,-1668,471,-63.96875,Knife,100,0,0,0,0,False,False,False,263.6719,0
PB,Terrorist,-1668,471,-63.96875,Knife,100,0,0,0,0,False,False,False,263.6719,0
PB,Terrorist,-1668,471,-63.96875,Knife,100,0,0,0,0,False,False,False,263.6719,0
PB,Terrorist,-1668,471,-63.96875,Knife,100,0,0,0,0,False,False,False,263.6719,0
PB,Terrorist,-1668,471,-63.96875,Knife,100,0,0,0,0,False,False,False,263.6719,0
PB,Terrorist,-1668,471,-63.96875,Knife,100,0,0,0,0,False,False,False,263.6719,0
PB,Terrorist,-1668,471,-63.96875,Knife,100,0,0,0,0,False,False,False,263.6719,0
PB,Terrorist,-1668,471,-63.96875,Knife,100,0,0,0,0,False,False,False,263.6719,0
PB,Terrorist,-1668,471,-63.96875,Knife,100,0,0,0,0,False,False,False,263.6719,0
PB,Terrorist,-1668,471,-63.96875,Knife,100,0,0,0,0,False,False,False,263.6719,0
PB,Terrorist,-1668,471,-63.96875,Knife,100,0,0,0,0,False,False,False,263.6719,0
PB,Terrorist,-1668,471,-63.96875,Knife,100,0,0,0,0,False,False,False,263.6719,0
PB,Terrorist,-1668,471,-63.96875,Knife,100,0,0,0,0,False,False,False,263.6719,0
PB,Terrorist,-1668,471,-63.96875,Knife,100,0,0,0,0,False,False,False,263.6719,0
PB,Terrorist,-1668,471,-63.96875,Knife,100,0,0,0,0,False,False,False,263.6719,0
PB,Terrorist,-1668,471,-63.96875,Knife,100,0,0,0,0,False,False,False,263.6719,0
PB,Terrorist,-1668,471,-63.96875,Knife,100,0,0,0,0,False,False,False,263.6719,0
PB,Terrorist,-1668,471,-63.96875,Knife,100,0,0,0,0,False,False,False,263.6719,0
PB,Terrorist,-1668,471,-63.96875,Knife,100,0,0,0,0,False,False,False,263.6719,0
PB,Terrorist,-1668,471,-63.96875,Knife,100,0,0,0,0,False,False,False,263.6719,0
PB,Terrorist,-1668,471,-63.96875,Knife,100,0,0,0,0,False,False,False,263.6719,0
PB,Terrorist,-1668,471,-63.96875,Knife,100,0,0,0,0,False,False,False,263.6719,0
PB,Terrorist,-1668,471,-63.96875,Knife,100,0,0,0,0,False,False,False,263.6719,0
PB,Terrorist,-1668,471,-63.96875,Knife,100,0,0,0,0,False,False,False,263.6719,0
PB,Terrorist,-1668,471,-63.96875,Knife,100,0,0,0,0,False,False,False,263.6719,0
PB,Terrorist,-1668,471,-63.96875,Knife,100,0,0,0,0,False,False,False,263.6719,0
PB,Terrorist,-1668,471,-63.96875,Knife,100,0,0,0,0,False,False,False,263.6719,0
PB,Terrorist,-1668,471,-63.96875,Knife,100,0,0,0,0,False,False,False,263.6719,0
PB,Terrorist,-1668,471,-63.96875,Knife,100,0,0,0,0,False,False,False,263.6719,0
PB,Terrorist,-1668,471,-63.96875,Knife,100,0,0,0,0,False,False,False,263.6719,0
PB,Terrorist,-1668,471,-63.96875,Knife,100,0,0,0,0,False,False,False,263.6719,0
PB,Terrorist,-1668,471,-63.96875,Knife,100,0,0,0,0,False,False,False,263.6719,0
PB,Terrorist,-1668,471,-63.96875,Knife,100,0,0,0,0,False,False,False,263.6719,0
PB,Terrorist,-1668,471,-63.96875,Knife,100,0,0,0,0,False,False,False,263.6719,0
PB,Terrorist,-1668,471,-63.96875,Knife,100,0,0,0,0,False,False,False,263.6719,0
PB,Terrorist,-1668,471,-63.96875,Knife,100,0,0,0,0,False,False,False,263.6719,0
PB,Terrorist,-1668,471,-63.96875,Knife,100,0,0,0,0,False,False,False,263.6719,0
PB,Terrorist,-1668,471,-63.96875,Knife,100,0,0,0,0,False,False,False,263.6719,0
PB,Terrorist,-1668,471,-63.96875,Knife,100,0,0,0,0,False,False,False,263.6719,0
PB,Terrorist,-1668,471,-63.96875,Knife,100,0,0,0,0,False,False,False,263.6719,0
PB,Terrorist,-1668,471,-63.96875,Knife,100,0,0,0,0,False,False,False,263.6719,0
PB,Terrorist,-1668,471,-63.96875,Knife,100,0,0,0,0,False,False,False,263.6719,0
PB,Terrorist,-1668,471,-63.96875,Knife,100,0,0,0,0,False,False,False,263.6719,0
PB,Terrorist,-1668,471,-63.96875,Knife,100,0,0,0,0,False,False,False,263.6719,0
PB,Terrorist,-1668,471,-63.96875,Knife,100,0,0,0,0,False,False,False,263.6719,0
PB,Terrorist,-1668,471,-63.96875,Knife,100,0,0,0,0,False,False,False,263.6719,0
PB,Terrorist,-1668,471,-63.96875,Knife,100,0,0,0,0,False,False,False,263.6719,0
PB,Terrorist,-1668,471,-63.96875,Knife,100,0,0,0,0,False,False,False,263.6719,0
PB,Terrorist,-1668,471,-63.96875,Knife,100,0,0,0,0,False,False,False,263.6719,0
PB,Terrorist,-1668,471,-63.96875,Knife,100,0,0,0,0,False,False,False,263.6719,0
PB,Terrorist,-1668,471,-63.96875,Knife,100,0,0,0,0,False,False,False,263.6719,0
PB,Terrorist,-1668,471,-63.96875,Knife,100,0,0,0,0,False,False,False,263.6719,0
PB,Terrorist,-1668,471,-63.96875,Knife,100,0,0,0,0,False,False,False,263.6719,0
PB,Terrorist,-1668,471,-63.96875,Knife,100,0,0,0,0,False,False,False,275.9766,0
PB,Terrorist,-1668,471,-63.96875,Knife,100,0,0,0,0,False,False,False,288.9844,0
PB,Terrorist,-1668,471,-63.96875,Knife,100,0,0,0,0,False,False,False,300.2344,0
PB,Terrorist,-1668,471,-63.96875,Knife,100,0,0,0,0,False,False,False,300.2344,0
PB,Terrorist,-1668,471,-63.96875,Knife,100,0,0,0,0,False,False,False,300.2344,0
PB,Terrorist,-1668,471,-63.96875,Knife,100,0,0,0,0,False,False,False,300.2344,0
PB,Terrorist,-1668,471,-63.96875,Knife,100,0,0,0,0,False,False,False,300.2344,0
PB,Terrorist,-1668,471,-63.96875,Knife,100,0,0,0,0,False,False,False,300.2344,0
PB,Terrorist,-1668,471,-63.96875,Knife,100,0,0,0,0,False,False,False,300.2344,0
PB,Terrorist,-1668,471,-63.96875,Knife,100,0,0,0,0,False,False,False,300.2344,0
PB,Terrorist,-1668,471,-63.96875,Knife,100,0,0,0,0,False,False,False,300.2344,0
PB,Terrorist,-1668,471,-63.96875,Knife,100,0,0,0,0,False,False,False,300.2344,0
PB,Terrorist,-1668,471,-63.96875,Knife,100,0,0,0,0,False,False,False,302.3438,0
PB,Terrorist,-1668,471,-63.96875,Knife,100,0,0,0,0,False,False,False,315.3516,0
PB,Terrorist,-1668,471,-63.96875,Knife,100,0,0,0,0,False,False,False,323.0859,0
PB,Terrorist,-1668,471,-63.96875,Knife,100,0,0,0,0,False,False,False,323.0859,0
PB,Terrorist,-1668,471,-63.96875,Knife,100,0,0,0,0,False,False,False,323.0859,0
PB,Terrorist,-1668,471,-63.96875,Knife,100,0,0,0,0,False,False,False,323.0859,0
PB,Terrorist,-1668,471,-63.96875,Knife,100,0,0,0,0,False,False,False,323.0859,0
PB,Terrorist,-1668,471,-63.96875,Knife,100,0,0,0,0,False,False,False,323.0859,0
PB,Terrorist,-1668,471,-63.96875,Knife,100,0,0,0,0,False,False,False,323.0859,0
PB,Terrorist,-1668,471,-63.96875,Knife,100,0,0,0,0,False,False,False,323.0859,0
PB,Terrorist,-1668,471,-63.96875,Knife,100,0,0,0,0,False,False,False,323.0859,0
PB,Terrorist,-1668,471,-63.96875,Knife,100,0,0,0,0,False,False,False,323.0859,0
PB,Terrorist,-1668,471,-63.96875,Knife,100,0,0,0,0,False,False,False,323.0859,0
PB,Terrorist,-1668,471,-63.96875,Knife,100,0,0,0,0,False,False,False,323.0859,0
PB,Terrorist,-1668,471,-63.96875,Knife,100,0,0,0,0,False,False,False,323.0859,0
PB,Terrorist,-1668,471,-63.96875,Knife,100,0,0,0,0,False,False,False,323.0859,0
PB,Terrorist,-1668,471,-63.96875,Knife,100,0,0,0,0,False,False,False,323.0859,0
PB,Terrorist,-1668,471,-63.96875,Knife,100,0,0,0,0,False,False,False,323.0859,0
PB,Terrorist,-1668,471,-63.96875,Knife,100,0,0,0,0,False,False,False,323.0859,0
PB,Terrorist,-1668,471,-63.96875,Knife,100,0,0,0,0,False,False,False,323.0859,0
PB,Terrorist,-1668,471,-63.96875,Knife,100,0,0,0,0,False,False,False,323.0859,0
PB,Terrorist,-1668,471,-63.96875,Knife,100,0,0,0,0,False,False,False,323.0859,0
PB,Terrorist,-1668,471,-63.96875,Knife,100,0,0,0,0,False,False,False,323.0859,0
PB,Terrorist,-1668,471,-63.96875,Knife,100,0,0,0,0,False,False,False,323.0859,0
PB,Terrorist,-1668,471,-63.96875,Knife,100,0,0,0,0,False,False,False,323.0859,0
PB,Terrorist,-1668,471,-63.96875,Knife,100,0,0,0,0,False,False,False,323.0859,0
PB,Terrorist,-1668,471,-63.96875,Knife,100,0,0,0,0,False,False,False,323.0859,0
PB,Terrorist,-1668,471,-63.96875,Knife,100,0,0,0,0,False,False,False,323.0859,0
PB,Terrorist,-1668,471,-63.96875,Knife,100,0,0,0,0,False,False,False,323.0859,0
PB,Terrorist,-1668,471,-63.96875,Knife,100,0,0,0,0,False,False,False,323.0859,0
PB,Terrorist,-1668,471,-63.96875,Knife,100,0,0,0,0,False,False,False,323.0859,0
PB,Terrorist,-1668,471,-63.96875,Knife,100,0,0,0,0,False,False,False,323.0859,0
PB,Terrorist,-1668,471,-63.96875,Knife,100,0,0,0,0,False,False,False,323.0859,0
PB,Terrorist,-1668,471,-63.96875,Knife,100,0,0,0,0,False,False,False,323.0859,0
PB,Terrorist,-1668,471,-63.96875,Knife,100,0,0,0,0,False,False,False,323.0859,0
PB,Terrorist,-1668,471,-63.96875,Knife,100,0,0,0,0,False,False,False,323.0859,0
PB,Terrorist,-1668,471,-63.96875,Knife,100,0,0,0,0,False,False,False,323.0859,0
PB,Terrorist,-1668,471,-63.96875,Knife,100,0,0,0,0,False,False,False,323.0859,0
PB,Terrorist,-1668,471,-63.96875,Knife,100,0,0,0,0,False,False,False,323.0859,0
PB,Terrorist,-1668,471,-63.96875,Knife,100,0,0,0,0,False,False,False,323.0859,0
PB,Terrorist,-1668,471,-63.96875,Knife,100,0,0,0,0,False,False,False,323.0859,0
PB,Terrorist,-1668,471,-63.96875,Knife,100,0,0,0,0,False,False,False,323.0859,0
PB,Terrorist,-1668,471,-63.96875,Knife,100,0,0,0,0,False,False,False,323.0859,0
PB,Terrorist,-1668,471,-63.96875,Knife,100,0,0,0,0,False,False,False,323.0859,0
PB,Terrorist,-1668,471,-63.96875,Knife,100,0,0,0,0,False,False,False,323.0859,0
PB,Terrorist,-1668,471,-63.96875,Knife,100,0,0,0,0,False,False,False,323.0859,0
PB,Terrorist,-1668,471,-63.96875,Knife,100,0,0,0,0,False,False,False,323.0859,0
PB,Terrorist,-1668,471,-63.96875,Knife,100,0,0,0,0,False,False,False,323.0859,0
PB,Terrorist,-1668,471,-63.96875,Knife,100,0,0,0,0,False,False,False,323.0859,0
PB,Terrorist,-1668,471,-63.96875,Knife,100,0,0,0,0,False,False,False,323.0859,0
PB,Terrorist,-1668,471,-63.96875,Knife,100,0,0,0,0,False,False,False,323.0859,0
PB,Terrorist,-1668,471,-63.96875,Knife,100,0,0,0,0,False,False,False,323.0859,0
PB,Terrorist,-1668,471,-63.96875,Knife,100,0,0,0,0,False,False,False,323.0859,0
PB,Terrorist,-1668,471,-63.96875,Knife,100,0,0,0,0,False,False,False,323.0859,0
PB,Terrorist,-1668,471,-63.96875,Knife,100,0,0,0,0,False,False,False,323.0859,0
PB,Terrorist,-1668,471,-63.96875,Knife,100,0,0,0,0,False,False,False,323.0859,0
PB,Terrorist,-1668,471,-63.96875,Knife,100,0,0,0,0,False,False,False,323.0859,0
PB,Terrorist,-1668,471,-63.96875,Knife,100,0,0,0,0,False,False,False,323.0859,0
PB,Terrorist,-1668,471,-63.96875,Knife,100,0,0,0,0,False,False,False,323.0859,0
PB,Terrorist,-1668,471,-63.96875,Knife,100,0,0,0,0,False,False,False,323.0859,0
PB,Terrorist,-1668,471,-63.96875,Knife,100,0,0,0,0,False,False,False,323.0859,0
PB,Terrorist,-1668,471,-63.96875,Knife,100,0,0,0,0,False,False,False,323.0859,0
PB,Terrorist,-1668,471,-63.96875,Knife,100,0,0,0,0,False,False,False,323.0859,0
PB,Terrorist,-1668,471,-63.96875,Knife,100,0,0,0,0,False,False,False,323.0859,0
PB,Terrorist,-1668,471,-63.96875,Knife,100,0,0,0,0,False,False,False,323.0859,0
PB,Terrorist,-1668,471,-63.96875,Knife,100,0,0,0,0,False,False,False,323.0859,0
PB,Terrorist,-1668,471,-63.96875,Knife,100,0,0,0,0,False,False,False,323.0859,0
PB,Terrorist,-1668,471,-63.96875,Knife,100,0,0,0,0,False,False,False,323.0859,0
PB,Terrorist,-1668,471,-63.96875,Knife,100,0,0,0,0,False,False,False,323.0859,0
PB,Terrorist,-1668,471,-63.96875,Knife,100,0,0,0,0,False,False,False,323.0859,0
PB,Terrorist,-1668,471,-63.96875,Knife,100,0,0,0,0,False,False,False,323.0859,0
PB,Terrorist,-1668,471,-63.96875,Knife,100,0,0,0,0,False,False,False,323.0859,0
PB,Terrorist,-1668,471,-63.96875,Knife,100,0,0,0,0,False,False,False,323.0859,0
PB,Terrorist,-1668,471,-63.96875,Knife,100,0,0,0,0,False,False,False,323.0859,0
PB,Terrorist,-1668,471,-63.96875,Knife,100,0,0,0,0,False,False,False,323.0859,0
PB,Terrorist,-1668,471,-63.96875,Knife,100,0,0,0,0,False,False,False,323.0859,0
PB,Terrorist,-1668,471,-63.96875,Knife,100,0,0,0,0,False,False,False,323.0859,0
PB,Terrorist,-1668,471,-63.96875,Knife,100,0,0,0,0,False,False,False,323.0859,0
PB,Terrorist,-1668,471,-63.96875,Knife,100,0,0,0,0,False,False,False,323.0859,0
PB,Terrorist,-1668,471,-63.96875,Knife,100,0,0,0,0,False,False,False,323.0859,0
PB,Terrorist,-1668,471,-63.96875,Knife,100,0,0,0,0,False,False,False,323.0859,0
PB,Terrorist,-1668,471,-63.96875,Knife,100,0,0,0,0,False,False,False,323.0859,0
PB,Terrorist,-1668,471,-63.96875,Knife,100,0,0,0,0,False,False,False,323.0859,0
PB,Terrorist,-1668,471,-63.96875,Knife,100,0,0,0,0,False,False,False,323.0859,0
PB,Terrorist,-1668,471,-63.96875,Knife,100,0,0,0,0,False,False,False,323.0859,0
PB,Terrorist,-1668,471,-63.96875,Knife,100,0,0,0,0,False,False,False,323.0859,0
PB,Terrorist,-1668,471,-63.96875,Knife,100,0,0,0,0,False,False,False,323.0859,0
PB,Terrorist,-1668,471,-63.96875,Knife,100,0,0,0,0,False,False,False,323.0859,0
PB,Terrorist,-1668,471,-63.96875,Knife,100,0,0,0,0,False,False,False,323.0859,0
PB,Terrorist,-1668,471,-63.96875,Knife,100,0,0,0,0,False,False,False,323.0859,0
PB,Terrorist,-1668,471,-63.96875,Knife,100,0,0,0,0,False,False,False,323.0859,0
PB,Terrorist,-1668,471,-63.96875,Knife,100,0,0,0,0,False,False,False,323.0859,0
PB,Terrorist,-1668,471,-63.96875,Knife,100,0,0,0,0,False,False,False,323.0859,0
PB,Terrorist,-1668,471,-63.96875,Knife,100,0,0,0,0,False,False,False,323.0859,0
PB,Terrorist,-1668,471,-63.96875,Knife,100,0,0,0,0,False,False,False,323.0859,0
PB,Terrorist,-1668,471,-63.96875,Knife,100,0,0,0,0,False,False,False,323.0859,0
PB,Terrorist,-1668,471,-63.96875,Knife,100,0,0,0,0,False,False,False,323.0859,0
PB,Terrorist,-1668,471,-63.96875,Knife,100,0,0,0,0,False,False,False,323.0859,0
PB,Terrorist,-1668,471,-63.96875,Knife,100,0,0,0,0,False,False,False,323.0859,0
PB,Terrorist,-1668,471,-63.96875,Knife,100,0,0,0,0,False,False,False,323.0859,0
PB,Terrorist,-1668,471,-63.96875,Knife,100,0,0,0,0,False,False,False,323.0859,0
PB,Terrorist,-1668,471,-63.96875,Knife,100,0,0,0,0,False,False,False,323.0859,0
PB,Terrorist,-1668,471,-63.96875,Knife,100,0,0,0,0,False,False,False,323.0859,0
PB,Terrorist,-1668,471,-63.96875,Knife,100,0,0,0,0,False,False,False,323.0859,0
PB,Terrorist,-1668,471,-63.96875,Knife,100,0,0,0,0,False,False,False,323.0859,0
PB,Terrorist,-1668,471,-63.96875,Knife,100,0,0,0,0,False,False,False,323.0859,0
PB,Terrorist,-1668,471,-63.96875,Knife,100,0,0,0,0,False,False,False,323.0859,0
PB,Terrorist,-1668,471,-63.96875,Knife,100,0,0,0,0,False,False,False,323.0859,0
PB,Terrorist,-1668,471,-63.96875,Knife,100,0,0,0,0,False,False,False,323.0859,0
PB,Terrorist,-1668,471,-63.96875,Knife,100,0,0,0,0,False,False,False,323.0859,0
PB,Terrorist,-1668,471,-63.96875,Knife,100,0,0,0,0,False,False,False,323.0859,0
PB,Terrorist,-1668,471,-63.96875,Knife,100,0,0,0,0,False,False,False,323.0859,0
PB,Terrorist,-1668,471,-63.96875,Knife,100,0,0,0,0,False,False,False,323.0859,0
PB,Terrorist,-1668,471,-63.96875,Knife,100,0,0,0,0,False,False,False,323.0859,0
PB,Terrorist,-1668,471,-63.96875,Knife,100,0,0,0,0,False,False,False,323.0859,0
PB,Terrorist,-1668,471,-63.96875,Knife,100,0,0,0,0,False,False,False,323.0859,0
PB,Terrorist,-1668,471,-63.96875,Knife,100,0,0,0,0,False,False,False,323.0859,0
PB,Terrorist,-1668,471,-63.96875,Knife,100,0,0,0,0,False,False,False,323.0859,0
PB,Terrorist,-1668,471,-63.96875,Knife,100,0,0,0,0,False,False,False,323.0859,0
PB,Terrorist,-1668,471,-63.96875,Knife,100,0,0,0,0,False,False,False,323.0859,0
PB,Terrorist,-1668,471,-63.96875,Knife,100,0,0,0,0,False,False,False,323.0859,0
PB,Terrorist,-1668,471,-63.96875,Knife,100,0,0,0,0,False,False,False,323.0859,0
PB,Terrorist,-1668,471,-63.96875,Knife,100,0,0,0,0,False,False,False,323.0859,0
PB,Terrorist,-1668,471,-63.96875,Knife,100,0,0,0,0,False,False,False,323.0859,0
PB,Terrorist,-1668,471,-63.96875,Knife,100,0,0,0,0,False,False,False,323.0859,0
PB,Terrorist,-1668,471,-63.96875,Knife,100,0,0,0,0,False,False,False,323.0859,0
PB,Terrorist,-1668,471,-63.96875,Knife,100,0,0,0,0,False,False,False,323.0859,0
PB,Terrorist,-1668,471,-63.96875,Knife,100,0,0,0,0,False,False,False,323.0859,0
PB,Terrorist,-1668,471,-63.96875,Knife,100,0,0,0,0,False,False,False,323.0859,0
PB,Terrorist,-1668,471,-63.96875,Knife,100,0,0,0,0,False,False,False,323.0859,0
PB,Terrorist,-1668,471,-63.96875,Knife,100,0,0,0,0,False,False,False,323.0859,0
PB,Terrorist,-1668,471,-63.96875,Knife,100,0,0,0,0,False,False,False,323.0859,0
PB,Terrorist,-1668,471,-63.96875,Knife,100,0,0,0,0,False,False,False,323.0859,0
PB,Terrorist,-1668,471,-63.96875,Knife,100,0,0,0,0,False,False,False,323.0859,0
PB,Terrorist,-1668,471,-63.96875,Knife,100,0,0,0,0,False,False,False,323.0859,0
PB,Terrorist,-1668,471,-63.96875,Knife,100,0,0,0,0,False,False,False,323.0859,0
PB,Terrorist,-1668,471,-63.96875,Knife,100,0,0,0,0,False,False,False,323.0859,0
PB,Terrorist,-1668,471,-63.96875,Knife,100,0,0,0,0,False,False,False,323.0859,0
PB,Terrorist,-1668,471,-63.96875,Knife,100,0,0,0,0,False,False,False,323.0859,0
PB,Terrorist,-1668,471,-63.96875,Knife,100,0,0,0,0,False,False,False,323.0859,0
PB,Terrorist,-1668,471,-63.96875,Knife,100,0,0,0,0,False,False,False,323.0859,0
PB,Terrorist,-1668,471,-63.96875,Knife,100,0,0,0,0,False,False,False,323.0859,0
PB,Terrorist,-1668,471,-63.96875,Knife,100,0,0,0,0,False,False,False,323.0859,0
PB,Terrorist,-1668,471,-63.96875,Knife,100,0,0,0,0,False,False,False,323.0859,0
PB,Terrorist,-1668,471,-63.96875,Knife,100,0,0,0,0,False,False,False,323.0859,0
PB,Terrorist,-1668,471,-63.96875,Knife,100,0,0,0,0,False,False,False,323.0859,0
PB,Terrorist,-1668,471,-63.96875,Knife,100,0,0,0,0,False,False,False,323.0859,0
PB,Terrorist,-1668,471,-63.96875,Knife,100,0,0,0,0,False,False,False,323.0859,0
PB,Terrorist,-1668,471,-63.96875,Knife,100,0,0,0,0,False,False,False,323.0859,0
PB,Terrorist,-1668,471,-63.96875,Knife,100,0,0,0,0,False,False,False,323.0859,0
PB,Terrorist,-1668,471,-63.96875,Knife,100,0,0,0,0,False,False,False,323.0859,0
PB,Terrorist,-1668,471,-63.96875,Knife,100,0,0,0,0,False,False,False,323.0859,0
PB,Terrorist,-1668,471,-63.96875,Knife,100,0,0,0,0,False,False,False,323.0859,0
PB,Terrorist,-1668,471,-63.96875,Knife,100,0,0,0,0,False,False,False,323.0859,0
PB,Terrorist,-1668,471,-63.96875,Knife,100,0,0,0,0,False,False,False,323.0859,0
PB,Terrorist,-1668,471,-63.96875,Knife,100,0,0,0,0,False,False,False,323.0859,0
PB,Terrorist,-1668,471,-63.96875,Knife,100,0,0,0,0,False,False,False,323.0859,0
PB,Terrorist,-1668,471,-63.96875,Knife,100,0,0,0,0,False,False,False,323.0859,0
PB,Terrorist,-1668,471,-63.96875,Knife,100,0,0,0,0,False,False,False,323.0859,0
PB,Terrorist,-1668,471,-63.96875,Knife,100,0,0,0,0,False,False,False,323.0859,0
PB,Terrorist,-1668,471,-63.96875,Knife,100,0,0,0,0,False,False,False,323.0859,0
PB,Terrorist,-1668,471,-63.96875,Knife,100,0,0,0,0,False,False,False,323.0859,0
PB,Terrorist,-1668,471,-63.96875,Knife,100,0,0,0,0,False,False,False,323.0859,0
PB,Terrorist,-1668,471,-63.96875,Knife,100,0,0,0,0,False,False,False,323.0859,0
PB,Terrorist,-1668,471,-63.96875,Knife,100,0,0,0,0,False,False,False,323.0859,0
PB,Terrorist,-1668,471,-63.96875,Knife,100,0,0,0,0,False,False,False,323.0859,0
PB,Terrorist,-1668,471,-63.96875,Knife,100,0,0,0,0,False,False,False,323.0859,0
PB,Terrorist,-1668,471,-63.96875,Knife,100,0,0,0,0,False,False,False,323.0859,0
PB,Terrorist,-1668,471,-63.96875,Knife,100,0,0,0,0,False,False,False,323.0859,0
PB,Terrorist,-1668,471,-63.96875,Knife,100,0,0,0,0,False,False,False,323.0859,0
PB,Terrorist,-1668,471,-63.96875,Knife,100,0,0,0,0,False,False,False,323.0859,0
PB,Terrorist,-1668,471,-63.96875,Knife,100,0,0,0,0,False,False,False,323.0859,0
PB,Terrorist,-1668,471,-63.96875,Knife,100,0,0,0,0,False,False,False,323.0859,0
PB,Terrorist,-1668,471,-63.96875,Knife,100,0,0,0,0,False,False,False,323.0859,0
PB,Terrorist,-1668,471,-63.96875,Knife,100,0,0,0,0,False,False,False,323.0859,0
PB,Terrorist,-1668,471,-63.96875,Knife,100,0,0,0,0,False,False,False,323.0859,0
PB,Terrorist,-1668,471,-63.96875,Knife,100,0,0,0,0,False,False,False,323.0859,0
PB,Terrorist,-1668,471,-63.96875,Knife,100,0,0,0,0,False,False,False,323.0859,0
PB,Terrorist,-1668,471,-63.96875,Knife,100,0,0,0,0,False,False,False,323.0859,0
PB,Terrorist,-1668,471,-63.96875,Knife,100,0,0,0,0,False,False,False,323.0859,0
PB,Terrorist,-1668,471,-63.96875,Knife,100,0,0,0,0,False,False,False,323.0859,0
PB,Terrorist,-1668,471,-63.96875,Knife,100,0,0,0,0,False,False,False,323.0859,0
PB,Terrorist,-1668,471,-63.96875,Knife,100,0,0,0,0,False,False,False,323.0859,0
PB,Terrorist,-1668,471,-63.96875,Knife,100,0,0,0,0,False,False,False,323.0859,0
PB,Terrorist,-1668,471,-63.96875,Knife,100,0,0,0,0,False,False,False,323.0859,0
PB,Terrorist,-1668,471,-63.96875,Knife,100,0,0,0,0,False,False,False,323.0859,0
PB,Terrorist,-1668,471,-63.96875,Knife,100,0,0,0,0,False,False,False,323.0859,0
PB,Terrorist,-1668,471,-63.96875,Knife,100,0,0,0,0,False,False,False,323.0859,0
PB,Terrorist,-1668,471,-63.96875,Knife,100,0,0,0,0,False,False,False,323.0859,0
PB,Terrorist,-1668,471,-63.96875,Knife,100,0,0,0,0,False,False,False,323.0859,0
PB,Terrorist,-1668,471,-63.96875,Knife,100,0,0,0,0,False,False,False,323.0859,0
PB,Terrorist,-1668,471,-63.96875,Knife,100,0,0,0,0,False,False,False,323.0859,0
PB,Terrorist,-1668,471,-63.96875,Knife,100,0,0,0,0,False,False,False,323.0859,0
PB,Terrorist,-1668,471,-63.96875,Knife,100,0,0,0,0,False,False,False,323.0859,0
PB,Terrorist,-1668,471,-63.96875,Knife,100,0,0,0,0,False,False,False,323.0859,0
PB,Terrorist,-1668,471,-63.96875,Knife,100,0,0,0,0,False,False,False,323.0859,0
PB,Terrorist,-1668,471,-63.96875,Knife,100,0,0,0,0,False,False,False,323.0859,0
PB,Terrorist,-1668,471,-63.96875,Knife,100,0,0,0,0,False,False,False,323.0859,0
PB,Terrorist,-1668,471,-63.96875,Knife,100,0,0,0,0,False,False,False,323.0859,0
PB,Terrorist,-1668,471,-63.96875,Knife,100,0,0,0,0,False,False,False,323.0859,0
PB,Terrorist,-1668,471,-63.96875,Knife,100,0,0,0,0,False,False,False,323.0859,0
PB,Terrorist,-1668,471,-63.96875,Knife,100,0,0,0,0,False,False,False,323.0859,0
PB,Terrorist,-1668,471,-63.96875,Knife,100,0,0,0,0,False,False,False,323.0859,0
PB,Terrorist,-1668,471,-63.96875,Knife,100,0,0,0,0,False,False,False,323.0859,0
PB,Terrorist,-1668,471,-63.96875,Knife,100,0,0,0,0,False,False,False,323.0859,0
PB,Terrorist,-1668,471,-63.96875,Knife,100,0,0,0,0,False,False,False,323.0859,0
PB,Terrorist,-1668,471,-63.96875,Knife,100,0,0,0,0,False,False,False,323.0859,0
PB,Terrorist,-1668,471,-63.96875,Knife,100,0,0,0,0,False,False,False,323.0859,0
PB,Terrorist,-1668,471,-63.96875,Knife,100,0,0,0,0,False,False,False,323.0859,0
PB,Terrorist,-1668,471,-63.96875,Knife,100,0,0,0,0,False,False,False,323.0859,0
PB,Terrorist,-1668,471,-63.96875,Knife,100,0,0,0,0,False,False,False,323.0859,0
PB,Terrorist,-1668,471,-63.96875,Knife,100,0,0,0,0,False,False,False,323.0859,0
PB,Terrorist,-1668,471,-63.96875,Knife,100,0,0,0,0,False,False,False,323.0859,0
PB,Terrorist,-1668,471,-63.96875,Knife,100,0,0,0,0,False,False,False,323.0859,0
PB,Terrorist,-1668,471,-63.96875,Knife,100,0,0,0,0,False,False,False,323.0859,0
PB,Terrorist,-1668,471,-63.96875,Knife,100,0,0,0,0,False,False,False,323.0859,0
PB,Terrorist,-1668,471,-63.96875,Knife,100,0,0,0,0,False,False,False,323.0859,0
PB,Terrorist,-1668,471,-63.96875,Knife,100,0,0,0,0,False,False,False,323.0859,0
PB,Terrorist,-1668,471,-63.96875,Knife,100,0,0,0,0,False,False,False,323.0859,0
PB,Terrorist,-1668,471,-63.96875,Knife,100,0,0,0,0,False,False,False,323.0859,0
PB,Terrorist,-1668,471,-63.96875,Knife,100,0,0,0,0,False,False,False,323.0859,0
PB,Terrorist,-1668,471,-63.96875,Knife,100,0,0,0,0,False,False,False,323.0859,0
PB,Terrorist,-1668,471,-63.96875,Knife,100,0,0,0,0,False,False,False,323.0859,0
PB,Terrorist,-1668,471,-63.96875,Knife,100,0,0,0,0,False,False,False,323.0859,0
PB,Terrorist,-1668,471,-63.96875,Knife,100,0,0,0,0,False,False,False,323.0859,0
PB,Terrorist,-1668,471,-63.96875,Knife,100,0,0,0,0,False,False,False,323.0859,0
PB,Terrorist,-1668,471,-63.96875,Knife,100,0,0,0,0,False,False,False,323.0859,0
PB,Terrorist,-1668,471,-63.96875,Knife,100,0,0,0,0,False,False,False,323.0859,0
PB,Terrorist,-1668,471,-63.96875,Knife,100,0,0,0,0,False,False,False,323.0859,0
PB,Terrorist,-1668,471,-63.96875,Knife,100,0,0,0,0,False,False,False,323.0859,0
PB,Terrorist,-1668,471,-63.96875,Knife,100,0,0,0,0,False,False,False,323.0859,0
PB,Terrorist,-1668,471,-63.96875,Knife,100,0,0,0,0,False,False,False,323.0859,0
PB,Terrorist,-1668,471,-63.96875,Knife,100,0,0,0,0,False,False,False,323.0859,0
PB,Terrorist,-1668,471,-63.96875,Knife,100,0,0,0,0,False,False,False,323.0859,0
PB,Terrorist,-1668,471,-63.96875,Knife,100,0,0,0,0,False,False,False,323.0859,0
PB,Terrorist,-1668,471,-63.96875,Knife,100,0,0,0,0,False,False,False,323.0859,0
PB,Terrorist,-1668,471,-63.96875,Knife,100,0,0,0,0,False,False,False,323.0859,0
PB,Terrorist,-1668,471,-63.96875,Knife,100,0,0,0,0,False,False,False,323.0859,0
PB,Terrorist,-1668,471,-63.96875,Knife,100,0,0,0,0,False,False,False,323.0859,0
PB,Terrorist,-1668,471,-63.96875,Knife,100,0,0,0,0,False,False,False,323.0859,0
PB,Terrorist,-1668,471,-63.96875,Knife,100,0,0,0,0,False,False,False,323.0859,0
PB,Terrorist,-1668,471,-63.96875,Knife,100,0,0,0,0,False,False,False,323.0859,0
PB,Terrorist,-1668,471,-63.96875,Knife,100,0,0,0,0,False,False,False,323.0859,0
PB,Terrorist,-1668,471,-63.96875,Knife,100,0,0,0,0,False,False,False,323.0859,0
PB,Terrorist,-1668,471,-63.96875,Knife,100,0,0,0,0,False,False,False,323.0859,0
PB,Terrorist,-1668,471,-63.96875,Knife,100,0,0,0,0,False,False,False,323.0859,0
PB,Terrorist,-1668,471,-63.96875,Knife,100,0,0,0,0,False,False,False,323.0859,0
PB,Terrorist,-1668,471,-63.96875,Knife,100,0,0,0,0,False,False,False,323.0859,0
PB,Terrorist,-1668,471,-63.96875,Knife,100,0,0,0,0,False,False,False,323.0859,0
PB,Terrorist,-1668,471,-63.96875,Knife,100,0,0,0,0,False,False,False,323.0859,0
PB,Terrorist,-1668,471,-63.96875,Knife,100,0,0,0,0,False,False,False,323.0859,0
PB,Terrorist,-1668,471,-63.96875,Knife,100,0,0,0,0,False,False,False,323.0859,0
PB,Terrorist,-1668,471,-63.96875,Knife,100,0,0,0,0,False,False,False,323.0859,0
PB,Terrorist,-1668,471,-63.96875,Knife,100,0,0,0,0,False,False,False,323.0859,0
PB,Terrorist,-1668,471,-63.96875,Knife,100,0,0,0,0,False,False,False,323.0859,0
PB,Terrorist,-1668,471,-63.96875,Knife,100,0,0,0,0,False,False,False,323.0859,0
PB,Terrorist,-1668,471,-63.96875,Knife,100,0,0,0,0,False,False,False,323.0859,0
PB,Terrorist,-1668,471,-63.96875,Knife,100,0,0,0,0,False,False,False,323.0859,0
PB,Terrorist,-1668,471,-63.96875,Knife,100,0,0,0,0,False,False,False,323.0859,0
PB,Terrorist,-1668,471,-63.96875,Knife,100,0,0,0,0,False,False,False,323.0859,0
PB,Terrorist,-1668,471,-63.96875,Knife,100,0,0,0,0,False,False,False,323.0859,0
PB,Terrorist,-1668,471,-63.96875,Knife,100,0,0,0,0,False,False,False,323.0859,0
PB,Terrorist,-1668,471,-63.96875,Knife,100,0,0,0,0,False,False,False,323.0859,0
PB,Terrorist,-1668,471,-63.96875,Knife,100,0,0,0,0,False,False,False,323.0859,0
PB,Terrorist,-1668,471,-63.96875,Knife,100,0,0,0,0,False,False,False,323.0859,0
PB,Terrorist,-1668,471,-63.96875,Knife,100,0,0,0,0,False,False,False,323.0859,0
PB,Terrorist,-1668,471,-63.96875,Knife,100,0,0,0,0,False,False,False,323.0859,0
PB,Terrorist,-1668,471,-63.96875,Knife,100,0,0,0,0,False,False,False,323.0859,0
PB,Terrorist,-1668,471,-63.96875,Knife,100,0,0,0,0,False,False,False,323.0859,0
PB,Terrorist,-1668,471,-63.96875,Knife,100,0,0,0,0,False,False,False,323.0859,0
PB,Terrorist,-1668,471,-63.96875,Knife,100,0,0,0,0,False,False,False,323.0859,0
PB,Terrorist,-1668,471,-63.96875,Knife,100,0,0,0,0,False,False,False,323.0859,0
PB,Terrorist,-1668,471,-63.96875,Knife,100,0,0,0,0,False,False,False,323.0859,0
PB,Terrorist,-1668,471,-63.96875,Knife,100,0,0,0,0,False,False,False,323.0859,0
PB,Terrorist,-1668,471,-63.96875,Knife,100,0,0,0,0,False,False,False,323.0859,0
PB,Terrorist,-1668,471,-63.96875,Knife,100,0,0,0,0,False,False,False,323.0859,0
PB,Terrorist,-1668,471,-63.96875,Knife,100,0,0,0,0,False,False,False,323.0859,0
PB,Terrorist,-1668,471,-63.96875,Knife,100,0,0,0,0,False,False,False,323.0859,0
PB,Terrorist,-1668,471,-63.96875,Knife,100,0,0,0,0,False,False,False,323.0859,0
PB,Terrorist,-1668,471,-63.96875,Knife,100,0,0,0,0,False,False,False,323.0859,0
PB,Terrorist,-1668,471,-63.96875,Knife,100,0,0,0,0,False,False,False,323.0859,0
PB,Terrorist,-1668,471,-63.96875,Knife,100,0,0,0,0,False,False,False,323.0859,0
PB,Terrorist,-1668,471,-63.96875,Knife,100,0,0,0,0,False,False,False,323.0859,0
PB,Terrorist,-1668,471,-63.96875,Knife,100,0,0,0,0,False,False,False,323.0859,0
PB,Terrorist,-1668,471,-63.96875,Knife,100,0,0,0,0,False,False,False,323.0859,0
PB,Terrorist,-1668,471,-63.96875,Knife,100,0,0,0,0,False,False,False,323.0859,0
PB,Terrorist,-1668,471,-63.96875,Knife,100,0,0,0,0,False,False,False,323.0859,0
PB,Terrorist,-1668,471,-63.96875,Knife,100,0,0,0,0,False,False,False,323.0859,0
PB,Terrorist,-1668,471,-63.96875,Knife,100,0,0,0,0,False,False,False,323.0859,0
PB,Terrorist,-1668,471,-63.96875,Knife,100,0,0,0,0,False,False,False,323.0859,0
PB,Terrorist,-1668,471,-63.96875,Knife,100,0,0,0,0,False,False,False,323.0859,0
PB,Terrorist,-1668,471,-63.96875,Knife,100,0,0,0,0,False,False,False,323.0859,0
PB,Terrorist,-1668,471,-63.96875,Knife,100,0,0,0,0,False,False,False,323.0859,0
PB,Terrorist,-1668,471,-63.96875,Knife,100,0,0,0,0,False,False,False,323.0859,0
PB,Terrorist,-1668,471,-63.96875,Knife,100,0,0,0,0,False,False,False,323.0859,0
PB,Terrorist,-1668,471,-63.96875,Knife,100,0,0,0,0,False,False,False,323.0859,0
PB,Terrorist,-1668,471,-63.96875,Knife,100,0,0,0,0,False,False,False,323.0859,0
PB,Terrorist,-1668,471,-63.96875,Knife,100,0,0,0,0,False,False,False,323.0859,0
PB,Terrorist,-1668,471,-63.96875,Knife,100,0,0,0,0,False,False,False,323.0859,0
PB,Terrorist,-1668,471,-63.96875,Knife,100,0,0,0,0,False,False,False,323.0859,0
PB,Terrorist,-1668,471,-63.96875,Knife,100,0,0,0,0,False,False,False,323.0859,0
PB,Terrorist,-1668,471,-63.96875,Knife,100,0,0,0,0,False,False,False,323.0859,0
PB,Terrorist,-1668,471,-63.96875,Knife,100,0,0,0,0,False,False,False,323.0859,0
PB,Terrorist,-1668,471,-63.96875,Knife,100,0,0,0,0,False,False,False,323.0859,0
PB,Terrorist,-1668,471,-63.96875,Knife,100,0,0,0,0,False,False,False,323.0859,0
PB,Terrorist,-1668,471,-63.96875,Knife,100,0,0,0,0,False,False,False,323.0859,0
PB,Terrorist,-1668,471,-63.96875,Knife,100,0,0,0,0,False,False,False,323.0859,0
PB,Terrorist,-1668,471,-63.96875,Knife,100,0,0,0,0,False,False,False,323.0859,0
PB,Terrorist,-1668,471,-63.96875,Knife,100,0,0,0,0,False,False,False,323.0859,0
PB,Terrorist,-1668,471,-63.96875,Knife,100,0,0,0,0,False,False,False,323.0859,0
PB,Terrorist,-1668,471,-63.96875,Knife,100,0,0,0,0,False,False,False,323.0859,0
PB,Terrorist,-1668,471,-63.96875,Knife,100,0,0,0,0,False,False,False,323.0859,0
PB,Terrorist,-1668,471,-63.96875,Knife,100,0,0,0,0,False,False,False,323.0859,0
PB,Terrorist,-1668,471,-63.96875,Knife,100,0,0,0,0,False,False,False,323.0859,0
PB,Terrorist,-1668,471,-63.96875,Knife,100,0,0,0,0,False,False,False,323.0859,0
PB,Terrorist,-1668,471,-63.96875,Knife,100,0,0,0,0,False,False,False,323.0859,0
PB,Terrorist,-1668,471,-63.96875,Knife,100,0,0,0,0,False,False,False,323.0859,0
PB,Terrorist,-1668,471,-63.96875,Knife,100,0,0,0,0,False,False,False,323.0859,0
PB,Terrorist,-1668,471,-63.96875,Knife,100,0,0,0,0,False,False,False,323.0859,0
PB,Terrorist,-1668,471,-63.96875,Knife,100,0,0,0,0,False,False,False,323.0859,0
PB,Terrorist,-1668,471,-63.96875,Knife,100,0,0,0,0,False,False,False,323.0859,0
PB,Terrorist,-1668,471,-63.96875,Knife,100,0,0,0,0,False,False,False,323.0859,0
PB,Terrorist,-1668,471,-63.96875,Knife,100,0,0,0,0,False,False,False,323.0859,0
PB,Terrorist,-1668,471,-63.96875,Knife,100,0,0,0,0,False,False,False,323.0859,0
PB,Terrorist,-1668,471,-63.96875,Knife,100,0,0,0,0,False,False,False,323.0859,0
PB,Terrorist,-1668,471,-63.96875,Knife,100,0,0,0,0,False,False,False,323.0859,0
PB,Terrorist,-1668,471,-63.96875,Knife,100,0,0,0,0,False,False,False,323.0859,0
PB,Terrorist,-1668,471,-63.96875,Knife,100,0,0,0,0,False,False,False,323.0859,0
PB,Terrorist,-1668,471,-63.96875,Knife,100,0,0,0,0,False,False,False,323.0859,0
PB,Terrorist,-1668,471,-63.96875,Knife,100,0,0,0,0,False,False,False,323.0859,0
PB,Terrorist,-1668,471,-63.96875,Knife,100,0,0,0,0,False,False,False,323.0859,0
PB,Terrorist,-1668,471,-63.96875,Knife,100,0,0,0,0,False,False,False,323.0859,0
PB,Terrorist,-1668,471,-63.96875,Knife,100,0,0,0,0,False,False,False,323.0859,0
PB,Terrorist,-1668,471,-63.96875,Knife,100,0,0,0,0,False,False,False,323.0859,0
PB,Terrorist,-1668,471,-63.96875,Knife,100,0,0,0,0,False,False,False,323.0859,0
PB,Terrorist,-1668,471,-63.96875,Knife,100,0,0,0,0,False,False,False,323.0859,0
PB,Terrorist,-1668,471,-63.96875,Knife,100,0,0,0,0,False,False,False,323.0859,0
PB,Terrorist,-1668,471,-63.96875,Knife,100,0,0,0,0,False,False,False,323.0859,0
PB,Terrorist,-1668,471,-63.96875,Knife,100,0,0,0,0,False,False,False,323.0859,0
PB,Terrorist,-1668,471,-63.96875,Knife,100,0,0,0,0,False,False,False,323.0859,0
PB,Terrorist,-1668,471,-63.96875,Knife,100,0,0,0,0,False,False,False,323.0859,0
PB,Terrorist,-1668,471,-63.96875,Knife,100,0,0,0,0,False,False,False,323.0859,0
PB,Terrorist,-1668,471,-63.96875,Knife,100,0,0,0,0,False,False,False,323.0859,0
PB,Terrorist,-1668,471,-63.96875,Knife,100,0,0,0,0,False,False,False,323.0859,0
PB,Terrorist,-1668,471,-63.96875,Knife,100,0,0,0,0,False,False,False,323.0859,0
PB,Terrorist,-1668,471,-63.96875,Knife,100,0,0,0,0,False,False,False,323.0859,0
PB,Terrorist,-1668,471,-63.96875,Knife,100,0,0,0,0,False,False,False,323.0859,0
PB,Terrorist,-1668,471,-63.96875,Knife,100,0,0,0,0,False,False,False,323.0859,0
PB,Terrorist,-1668,471,-63.96875,Knife,100,0,0,0,0,False,False,False,323.0859,0
PB,Terrorist,-1668,471,-63.96875,Knife,100,0,0,0,0,False,False,False,323.0859,0
PB,Terrorist,-1668,471,-63.96875,Knife,100,0,0,0,0,False,False,False,323.0859,0
PB,Terrorist,-1668,471,-63.96875,Knife,100,0,0,0,0,False,False,False,323.0859,0
PB,Terrorist,-1668,471,-63.96875,Knife,100,0,0,0,0,False,False,False,323.0859,0
PB,Terrorist,-1668,471,-63.96875,Knife,100,0,0,0,0,False,False,False,323.0859,0
PB,Terrorist,-1668,471,-63.96875,Knife,100,0,0,0,0,False,False,False,323.0859,0
PB,Terrorist,-1668,471,-63.96875,Knife,100,0,0,0,0,False,False,False,323.0859,0
PB,Terrorist,-1668,471,-63.96875,Knife,100,0,0,0,0,False,False,False,323.0859,0
PB,Terrorist,-1668,471,-63.96875,Knife,100,0,0,0,0,False,False,False,323.0859,0
PB,Terrorist,-1668,471,-63.96875,Knife,100,0,0,0,0,False,False,False,323.0859,0
PB,Terrorist,-1668,471,-63.96875,Knife,100,0,0,0,0,False,False,False,323.0859,0
PB,Terrorist,-1668,471,-63.96875,Knife,100,0,0,0,0,False,False,False,323.0859,0
PB,Terrorist,-1668,471,-63.96875,Knife,100,0,0,0,0,False,False,False,323.0859,0
PB,Terrorist,-1668,471,-63.96875,Knife,100,0,0,0,0,False,False,False,323.0859,0
PB,Terrorist,-1668,471,-63.96875,Knife,100,0,0,0,0,False,False,False,323.0859,0
PB,Terrorist,-1668,471,-63.96875,Knife,100,0,0,0,0,False,False,False,323.0859,0
PB,Terrorist,-1668,471,-63.96875,Knife,100,0,0,0,0,False,False,False,323.0859,0
PB,Terrorist,-1668,471,-63.96875,Knife,100,0,0,0,0,False,False,False,323.0859,0
PB,Terrorist,-1668,471,-63.96875,Knife,100,0,0,0,0,False,False,False,323.0859,0
PB,Terrorist,-1668,471,-63.96875,Knife,100,0,0,0,0,False,False,False,323.0859,0
PB,Terrorist,-1668,471,-63.96875,Knife,100,0,0,0,0,False,False,False,323.0859,0
PB,Terrorist,-1668,471,-63.96875,Knife,100,0,0,0,0,False,False,False,323.0859,0
PB,Terrorist,-1668,471,-63.96875,Knife,100,0,0,0,0,False,False,False,323.0859,0
PB,Terrorist,-1668,471,-63.96875,Knife,100,0,0,0,0,False,False,False,323.0859,0
PB,Terrorist,-1668,471,-63.96875,Knife,100,0,0,0,0,False,False,False,323.0859,0
PB,Terrorist,-1668,471,-63.96875,Knife,100,0,0,0,0,False,False,False,323.0859,0
PB,Terrorist,-1668,471,-63.96875,Knife,100,0,0,0,0,False,False,False,323.0859,0
PB,Terrorist,-1668,471,-63.96875,Knife,100,0,0,0,0,False,False,False,323.0859,0
PB,Terrorist,-1668,471,-63.96875,Knife,100,0,0,0,0,False,False,False,323.0859,0
PB,Terrorist,-1668,471,-63.96875,Knife,100,0,0,0,0,False,False,False,323.0859,0
PB,Terrorist,-1668,471,-63.96875,Knife,100,0,0,0,0,False,False,False,323.0859,0
PB,Terrorist,-1668,471,-63.96875,Knife,100,0,0,0,0,False,False,False,323.0859,0
PB,Terrorist,-1668,471,-63.96875,Knife,100,0,0,0,0,False,False,False,323.0859,0
PB,Terrorist,-1668,471,-63.96875,Knife,100,0,0,0,0,False,False,False,323.0859,0
PB,Terrorist,-1668,471,-63.96875,Knife,100,0,0,0,0,False,False,False,323.0859,0
PB,Terrorist,-1668,471,-63.96875,Knife,100,0,0,0,0,False,False,False,323.0859,0
PB,Terrorist,-1668,471,-63.96875,Knife,100,0,0,0,0,False,False,False,323.0859,0
PB,Terrorist,-1668,471,-63.96875,Knife,100,0,0,0,0,False,False,False,323.0859,0
PB,Terrorist,-1668,471,-63.96875,Knife,100,0,0,0,0,False,False,False,323.0859,0
PB,Terrorist,-1668,471,-63.96875,Knife,100,0,0,0,0,False,False,False,323.0859,0
PB,Terrorist,-1668,471,-63.96875,Knife,100,0,0,0,0,False,False,False,323.0859,0
PB,Terrorist,-1668,471,-63.96875,Knife,100,0,0,0,0,False,False,False,323.0859,0
PB,Terrorist,-1668,471,-63.96875,Knife,100,0,0,0,0,False,False,False,323.0859,0
PB,Terrorist,-1668,471,-63.96875,Knife,100,0,0,0,0,False,False,False,323.0859,0
PB,Terrorist,-1668,471,-63.96875,Knife,100,0,0,0,0,False,False,False,323.0859,0
PB,Terrorist,-1668,471,-63.96875,Knife,100,0,0,0,0,False,False,False,323.0859,0
PB,Terrorist,-1668,471,-63.96875,Knife,100,0,0,0,0,False,False,False,323.0859,0
PB,Terrorist,-1668,471,-63.96875,Knife,100,0,0,0,0,False,False,False,323.0859,0
PB,Terrorist,-1668,471,-63.96875,Knife,100,0,0,0,0,False,False,False,323.0859,0
PB,Terrorist,-1668,471,-63.96875,Knife,100,0,0,0,0,False,False,False,323.0859,0
PB,Terrorist,-1668,471,-63.96875,Knife,100,0,0,0,0,False,False,False,323.0859,0
PB,Terrorist,-1668,471,-63.96875,Knife,100,0,0,0,0,False,False,False,323.0859,0
PB,Terrorist,-1668,471,-63.96875,Knife,100,0,0,0,0,False,False,False,323.0859,0
PB,Terrorist,-1668,471,-63.96875,Knife,100,0,0,0,0,False,False,False,323.0859,0
PB,Terrorist,-1668,471,-63.96875,Knife,100,0,0,0,0,False,False,False,323.0859,0
PB,Terrorist,-1668,471,-63.96875,Knife,100,0,0,0,0,False,False,False,323.0859,0
PB,Terrorist,-1668,471,-63.96875,Knife,100,0,0,0,0,False,False,False,323.0859,0
PB,Terrorist,-1668,471,-63.96875,Knife,100,0,0,0,0,False,False,False,323.0859,0
PB,Terrorist,-1668,471,-63.96875,Knife,100,0,0,0,0,False,False,False,323.0859,0
PB,Terrorist,-1668,471,-63.96875,Knife,100,0,0,0,0,False,False,False,323.0859,0
PB,Terrorist,-1668,471,-63.96875,Knife,100,0,0,0,0,False,False,False,323.0859,0
PB,Terrorist,-1668,471,-63.96875,Knife,100,0,0,0,0,False,False,False,323.0859,0
PB,Terrorist,-1668,471,-63.96875,Knife,100,0,0,0,0,False,False,False,323.0859,0
PB,Terrorist,-1668,471,-63.96875,Knife,100,0,0,0,0,False,False,False,323.0859,0
PB,Terrorist,-1668,471,-63.96875,Knife,100,0,0,0,0,False,False,False,323.0859,0
PB,Terrorist,-1668,471,-63.96875,Knife,100,0,0,0,0,False,False,False,323.0859,0
PB,Terrorist,-1668,471,-63.96875,Knife,100,0,0,0,0,False,False,False,323.0859,0
PB,Terrorist,-1668,471,-63.96875,Knife,100,0,0,0,0,False,False,False,323.0859,0
PB,Terrorist,-1668,471,-63.96875,Knife,100,0,0,0,0,False,False,False,323.0859,0
PB,Terrorist,-1668,471,-63.96875,Knife,100,0,0,0,0,False,False,False,323.0859,0
PB,Terrorist,-1668,471,-63.96875,Knife,100,0,0,0,0,False,False,False,323.0859,0
PB,Terrorist,-1668,471,-63.96875,Knife,100,0,0,0,0,False,False,False,323.0859,0
PB,Terrorist,-1668,471,-63.96875,Knife,100,0,0,0,0,False,False,False,323.0859,0
PB,Terrorist,-1668,471,-63.96875,Knife,100,0,0,0,0,False,False,False,323.0859,0
PB,Terrorist,-1668,471,-63.96875,Knife,100,0,0,0,0,False,False,False,323.0859,0
PB,Terrorist,-1668,471,-63.96875,Knife,100,0,0,0,0,False,False,False,323.0859,0
PB,Terrorist,-1668,471,-63.96875,Knife,100,0,0,0,0,False,False,False,323.0859,0
PB,Terrorist,-1668,471,-63.96875,Knife,100,0,0,0,0,False,False,False,323.0859,0
PB,Terrorist,-1668,471,-63.96875,Knife,100,0,0,0,0,False,False,False,323.0859,0
PB,Terrorist,-1668,471,-63.96875,Knife,100,0,0,0,0,False,False,False,323.0859,0
PB,Terrorist,-1668,471,-63.96875,Knife,100,0,0,0,0,False,False,False,323.0859,0
PB,Terrorist,-1668,471,-63.96875,Knife,100,0,0,0,0,False,False,False,323.0859,0
PB,Terrorist,-1668,471,-63.96875,Knife,100,0,0,0,0,False,False,False,323.0859,0
PB,Terrorist,-1668,471,-63.96875,Knife,100,0,0,0,0,False,False,False,323.0859,0
PB,Terrorist,-1668,471,-63.96875,Knife,100,0,0,0,0,False,False,False,323.0859,0
PB,Terrorist,-1668,471,-63.96875,Knife,100,0,0,0,0,False,False,False,323.0859,0
PB,Terrorist,-1668,471,-63.96875,Knife,100,0,0,0,0,False,False,False,323.0859,0
PB,Terrorist,-1668,471,-63.96875,Knife,100,0,0,0,0,False,False,False,323.0859,0
PB,Terrorist,-1668,471,-63.96875,Knife,100,0,0,0,0,False,False,False,323.0859,0
PB,Terrorist,-1668,471,-63.96875,Knife,100,0,0,0,0,False,False,False,323.0859,0
PB,Terrorist,-1668,471,-63.96875,Knife,100,0,0,0,0,False,False,False,323.0859,0
PB,Terrorist,-1668,471,-63.96875,Knife,100,0,0,0,0,False,False,False,323.0859,0
PB,Terrorist,-1668,471,-63.96875,Knife,100,0,0,0,0,False,False,False,323.0859,0
PB,Terrorist,-1668,471,-63.96875,Knife,100,0,0,0,0,False,False,False,323.0859,0
PB,Terrorist,-1668,471,-63.96875,Knife,100,0,0,0,0,False,False,False,323.0859,0
PB,Terrorist,-1668,471,-63.96875,Knife,100,0,0,0,0,False,False,False,323.0859,0
PB,Terrorist,-1668,471,-63.96875,Knife,100,0,0,0,0,False,False,False,323.0859,0
PB,Terrorist,-1668,471,-63.96875,Knife,100,0,0,0,0,False,False,False,323.0859,0
PB,Terrorist,-1668,471,-63.96875,Knife,100,0,0,0,0,False,False,False,323.0859,0
PB,Terrorist,-1668,471,-63.96875,Knife,100,0,0,0,0,False,False,False,323.0859,0
PB,Terrorist,-1668,471,-63.96875,Knife,100,0,0,0,0,False,False,False,323.0859,0
PB,Terrorist,-1668,471,-63.96875,Knife,100,0,0,0,0,False,False,False,323.0859,0
PB,Terrorist,-1668,471,-63.96875,Knife,100,0,0,0,0,False,False,False,323.0859,0
PB,Terrorist,-1668,471,-63.96875,Knife,100,0,0,0,0,False,False,False,323.0859,0
PB,Terrorist,-1668,471,-63.96875,Knife,100,0,0,0,0,False,False,False,323.0859,0
PB,Terrorist,-1668,471,-63.96875,Knife,100,0,0,0,0,False,False,False,323.0859,0
PB,Terrorist,-1668,471,-63.96875,Knife,100,0,0,0,0,False,False,False,323.0859,0
PB,Terrorist,-1668,471,-63.96875,Knife,100,0,0,0,0,False,False,False,323.0859,0
PB,Terrorist,-1668,471,-63.96875,Knife,100,0,0,0,0,False,False,False,323.0859,0
PB,Terrorist,-1668,471,-63.96875,Knife,100,0,0,0,0,False,False,False,323.0859,0
PB,Terrorist,-1668,471,-63.96875,Knife,100,0,0,0,0,False,False,False,323.0859,0
PB,Terrorist,-1668,471,-63.96875,Knife,100,0,0,0,0,False,False,False,323.0859,0
PB,Terrorist,-1668,471,-63.96875,Knife,100,0,0,0,0,False,False,False,323.0859,0
PB,Terrorist,-1668,471,-63.96875,Knife,100,0,0,0,0,False,False,False,323.0859,0
PB,Terrorist,-1668,471,-63.96875,Knife,100,0,0,0,0,False,False,False,323.0859,0
PB,Terrorist,-1668,471,-63.96875,Knife,100,0,0,0,0,False,False,False,323.0859,0
PB,Terrorist,-1668,471,-63.96875,Knife,100,0,0,0,0,False,False,False,323.0859,0
PB,Terrorist,-1668,471,-63.96875,Knife,100,0,0,0,0,False,False,False,323.0859,0
PB,Terrorist,-1668,471,-63.96875,Knife,100,0,0,0,0,False,False,False,323.0859,0
PB,Terrorist,-1668,471,-63.96875,Knife,100,0,0,0,0,False,False,False,323.0859,0
PB,Terrorist,-1668,471,-63.96875,Knife,100,0,0,0,0,False,False,False,323.0859,0
PB,Terrorist,-1668,471,-63.96875,Knife,100,0,0,0,0,False,False,False,323.0859,0
PB,Terrorist,-1668,471,-63.96875,Knife,100,0,0,0,0,False,False,False,323.0859,0
PB,Terrorist,-1668,471,-63.96875,Knife,100,0,0,0,0,False,False,False,323.0859,0
PB,Terrorist,-1668,471,-63.96875,Knife,100,0,0,0,0,False,False,False,323.0859,0
PB,Terrorist,-1668,471,-63.96875,Knife,100,0,0,0,0,False,False,False,323.0859,0
PB,Terrorist,-1668,471,-63.96875,Knife,100,0,0,0,0,False,False,False,323.0859,0
PB,Terrorist,-1668,471,-63.96875,Knife,100,0,0,0,0,False,False,False,323.0859,0
PB,Terrorist,-1668,471,-63.96875,Knife,100,0,0,0,0,False,False,False,323.0859,0
PB,Terrorist,-1668,471,-63.96875,Knife,100,0,0,0,0,False,False,False,323.0859,0
PB,Terrorist,-1668,471,-63.96875,Knife,100,0,0,0,0,False,False,False,323.0859,0
PB,Terrorist,-1668,471,-63.96875,Knife,100,0,0,0,0,False,False,False,323.0859,0
PB,Terrorist,-1668,471,-63.96875,Knife,100,0,0,0,0,False,False,False,323.0859,0
PB,Terrorist,-1668,471,-63.96875,Knife,100,0,0,0,0,False,False,False,323.0859,0
PB,Terrorist,-1668,471,-63.96875,Knife,100,0,0,0,0,False,False,False,323.0859,0
PB,Terrorist,-1668,471,-63.96875,Knife,100,0,0,0,0,False,False,False,323.0859,0
PB,Terrorist,-1668,471,-63.96875,Knife,100,0,0,0,0,False,False,False,323.0859,0
PB,Terrorist,-1668,471,-63.96875,Knife,100,0,0,0,0,False,False,False,323.0859,0
PB,Terrorist,-1668,471,-63.96875,Knife,100,0,0,0,0,False,False,False,323.0859,0
PB,Terrorist,-1668,471,-63.96875,Knife,100,0,0,0,0,False,False,False,323.0859,0
PB,Terrorist,-1668,471,-63.96875,Knife,100,0,0,0,0,False,False,False,323.0859,0
PB,Terrorist,-1668,471,-63.96875,Knife,100,0,0,0,0,False,False,False,323.0859,0
PB,Terrorist,-1668,471,-63.96875,Knife,100,0,0,0,0,False,False,False,323.0859,0
PB,Terrorist,-1668,471,-63.96875,Knife,100,0,0,0,0,False,False,False,323.0859,0
PB,Terrorist,-1668,471,-63.96875,Knife,100,0,0,0,0,False,False,False,323.0859,0
PB,Terrorist,-1668,471,-63.96875,Knife,100,0,0,0,0,False,False,False,323.0859,0
PB,Terrorist,-1668,471,-63.96875,Knife,100,0,0,0,0,False,False,False,323.0859,0
PB,Terrorist,-1668,471,-63.96875,Knife,100,0,0,0,0,False,False,False,323.0859,0
PB,Terrorist,-1668,471,-63.96875,Knife,100,0,0,0,0,False,False,False,323.0859,0
PB,Terrorist,-1668,471,-63.96875,Knife,100,0,0,0,0,False,False,False,323.0859,0
PB,Terrorist,-1668,471,-63.96875,Knife,100,0,0,0,0,False,False,False,323.0859,0
PB,Terrorist,-1668,471,-63.96875,Knife,100,0,0,0,0,False,False,False,323.0859,0
PB,Terrorist,-1668,471,-63.96875,Knife,100,0,0,0,0,False,False,False,323.0859,0
PB,Terrorist,-1668,471,-63.96875,Knife,100,0,0,0,0,False,False,False,323.0859,0
PB,Terrorist,-1668,471,-63.96875,Knife,100,0,0,0,0,False,False,False,323.0859,0
PB,Terrorist,-1668,471,-63.96875,Knife,100,0,0,0,0,False,False,False,323.0859,0
PB,Terrorist,-1668,471,-63.96875,Knife,100,0,0,0,0,False,False,False,323.0859,0
PB,Terrorist,-1668,471,-63.96875,Knife,100,0,0,0,0,False,False,False,323.0859,0
PB,Terrorist,-1668,471,-63.96875,Knife,100,0,0,0,0,False,False,False,323.0859,0
PB,Terrorist,-1668,471,-63.96875,Knife,100,0,0,0,0,False,False,False,323.0859,0
PB,Terrorist,-1668,471,-63.96875,Knife,100,0,0,0,0,False,False,False,323.0859,0
PB,Terrorist,-1668,471,-63.96875,Knife,100,0,0,0,0,False,False,False,323.0859,0
PB,Terrorist,-1668,471,-63.96875,Knife,100,0,0,0,0,False,False,False,323.0859,0
PB,Terrorist,-1668,471,-63.96875,Knife,100,0,0,0,0,False,False,False,323.0859,0
PB,Terrorist,-1668,471,-63.96875,Knife,100,0,0,0,0,False,False,False,323.0859,0
PB,Terrorist,-1668,471,-63.96875,Knife,100,0,0,0,0,False,False,False,323.0859,0
PB,Terrorist,-1668,471,-63.96875,Knife,100,0,0,0,0,False,False,False,323.0859,0
PB,Terrorist,-1668,471,-63.96875,Knife,100,0,0,0,0,False,False,False,323.0859,0
PB,Terrorist,-1668,471,-63.96875,Knife,100,0,0,0,0,False,False,False,323.0859,0
PB,Terrorist,-1668,471,-63.96875,Knife,100,0,0,0,0,False,False,False,323.0859,0
PB,Terrorist,-1668,471,-63.96875,Knife,100,0,0,0,0,False,False,False,323.0859,0
PB,Terrorist,-1668,471,-63.96875,Knife,100,0,0,0,0,False,False,False,323.0859,0
PB,Terrorist,-1668,471,-63.96875,Knife,100,0,0,0,0,False,False,False,323.0859,0
PB,Terrorist,-1668,471,-63.96875,Knife,100,0,0,0,0,False,False,False,323.0859,0
PB,Terrorist,-1668,471,-63.96875,Knife,100,0,0,0,0,False,False,False,323.0859,0
PB,Terrorist,-1668,471,-63.96875,Knife,100,0,0,0,0,False,False,False,323.0859,0
PB,Terrorist,-1668,471,-63.96875,Knife,100,0,0,0,0,False,False,False,323.0859,0
PB,Terrorist,-1668,471,-63.96875,Knife,100,0,0,0,0,False,False,False,323.0859,0
PB,Terrorist,-1668,471,-63.96875,Knife,100,0,0,0,0,False,False,False,323.0859,0
PB,Terrorist,-1668,471,-63.96875,Knife,100,0,0,0,0,False,False,False,323.0859,0
PB,Terrorist,-1668,471,-63.96875,Knife,100,0,0,0,0,False,False,False,323.0859,0
PB,Terrorist,-1668,471,-63.96875,Knife,100,0,0,0,0,False,False,False,323.0859,0
PB,Terrorist,-1668,471,-63.96875,Knife,100,0,0,0,0,False,False,False,323.0859,0
PB,Terrorist,-1668,471,-63.96875,Knife,100,0,0,0,0,False,False,False,323.0859,0
PB,Terrorist,-1668,471,-63.96875,Knife,100,0,0,0,0,False,False,False,323.0859,0
PB,Terrorist,-1668,471,-63.96875,Knife,100,0,0,0,0,False,False,False,323.0859,0
PB,Terrorist,-1668,471,-63.96875,Knife,100,0,0,0,0,False,False,False,323.0859,0
PB,Terrorist,-1668,471,-63.96875,Knife,100,0,0,0,0,False,False,False,323.0859,0
PB,Terrorist,-1668,471,-63.96875,Knife,100,0,0,0,0,False,False,False,323.0859,0
PB,Terrorist,-1668,471,-63.96875,Knife,100,0,0,0,0,False,False,False,323.0859,0
PB,Terrorist,-1668,471,-63.96875,Knife,100,0,0,0,0,False,False,False,323.0859,0
PB,Terrorist,-1668,471,-63.96875,Knife,100,0,0,0,0,False,False,False,323.0859,0
PB,Terrorist,-1668,471,-63.96875,Knife,100,0,0,0,0,False,False,False,323.0859,0
PB,Terrorist,-1668,471,-63.96875,Knife,100,0,0,0,0,False,False,False,323.0859,0
PB,Terrorist,-1668,471,-63.96875,Knife,100,0,0,0,0,False,False,False,323.0859,0
PB,Terrorist,-1668,471,-63.96875,Knife,100,0,0,0,0,False,False,False,323.0859,0
PB,Terrorist,-1668,471,-63.96875,Knife,100,0,0,0,0,False,False,False,323.0859,0
PB,Terrorist,-1668,471,-63.96875,Knife,100,0,0,0,0,False,False,False,323.0859,0
PB,Terrorist,-1668,471,-63.96875,Knife,100,0,0,0,0,False,False,False,323.0859,0
PB,Terrorist,-1668,471,-63.96875,Knife,100,0,0,0,0,False,False,False,323.0859,0
PB,Terrorist,-1668,471,-63.96875,Knife,100,0,0,0,0,False,False,False,323.0859,0
PB,Terrorist,-1668,471,-63.96875,Knife,100,0,0,0,0,False,False,False,323.0859,0
PB,Terrorist,-1668,471,-63.96875,Knife,100,0,0,0,0,False,False,False,323.0859,0
PB,Terrorist,-1668,471,-63.96875,Knife,100,0,0,0,0,False,False,False,323.0859,0
PB,Terrorist,-1668,471,-63.96875,Knife,100,0,0,0,0,False,False,False,323.0859,0
PB,Terrorist,-1668,471,-63.96875,Knife,100,0,0,0,0,False,False,False,323.0859,0
PB,Terrorist,-1668,471,-63.96875,Knife,100,0,0,0,0,False,False,False,323.0859,0
PB,Terrorist,-1668,471,-63.96875,Knife,100,0,0,0,0,False,False,False,323.0859,0
PB,Terrorist,-1668,471,-63.96875,Knife,100,0,0,0,0,False,False,False,323.0859,0
PB,Terrorist,-1668,471,-63.96875,Knife,100,0,0,0,0,False,False,False,323.0859,0
PB,Terrorist,-1668,471,-63.96875,Knife,100,0,0,0,0,False,False,False,323.0859,0
PB,Terrorist,-1668,471,-63.96875,Knife,100,0,0,0,0,False,False,False,323.0859,0
PB,Terrorist,-1668,471,-63.96875,Knife,100,0,0,0,0,False,False,False,323.0859,0
PB,Terrorist,-1668,471,-63.96875,Knife,100,0,0,0,0,False,False,False,323.0859,0
PB,Terrorist,-1668,471,-63.96875,Knife,100,0,0,0,0,False,False,False,323.0859,0
PB,Terrorist,-1668,471,-63.96875,Knife,100,0,0,0,0,False,False,False,323.0859,0
PB,Terrorist,-1668,471,-63.96875,Knife,100,0,0,0,0,False,False,False,323.0859,0
PB,Terrorist,-1668,471,-63.96875,Knife,100,0,0,0,0,False,False,False,323.0859,0
PB,Terrorist,-1668,471,-63.96875,Knife,100,0,0,0,0,False,False,False,323.0859,0
PB,Terrorist,-1668,471,-63.96875,Knife,100,0,0,0,0,False,False,False,323.0859,0
PB,Terrorist,-1668,471,-63.96875,Knife,100,0,0,0,0,False,False,False,323.0859,0
PB,Terrorist,-1668,471,-63.96875,Knife,100,0,0,0,0,False,False,False,323.0859,0
PB,Terrorist,-1668,471,-63.96875,Knife,100,0,0,0,0,False,False,False,323.0859,0
PB,Terrorist,-1668,471,-63.96875,Knife,100,0,0,0,0,False,False,False,323.0859,0
PB,Terrorist,-1668,471,-63.96875,Knife,100,0,0,0,0,False,False,False,323.0859,0
PB,Terrorist,-1668,471,-63.96875,Knife,100,0,0,0,0,False,False,False,323.0859,0
PB,Terrorist,-1668,471,-63.96875,Knife,100,0,0,0,0,False,False,False,323.0859,0
PB,Terrorist,-1668,471,-63.96875,Knife,100,0,0,0,0,False,False,False,323.0859,0
PB,Terrorist,-1668,471,-63.96875,Knife,100,0,0,0,0,False,False,False,323.0859,0
PB,Terrorist,-1668,471,-63.96875,Knife,100,0,0,0,0,False,False,False,323.0859,0
PB,Terrorist,-1668,471,-63.96875,Knife,100,0,0,0,0,False,False,False,323.0859,0
PB,Terrorist,-1668,471,-63.96875,Knife,100,0,0,0,0,False,False,False,323.0859,0
PB,Terrorist,-1668,471,-63.96875,Knife,100,0,0,0,0,False,False,False,323.0859,0
PB,Terrorist,-1668,471,-63.96875,Knife,100,0,0,0,0,False,False,False,323.0859,0
PB,Terrorist,-1668,471,-63.96875,Knife,100,0,0,0,0,False,False,False,323.0859,0
PB,Terrorist,-1668,471,-63.96875,Knife,100,0,0,0,0,False,False,False,323.0859,0
PB,Terrorist,-1668,471,-63.96875,Knife,100,0,0,0,0,False,False,False,323.0859,0
PB,Terrorist,-1668,471,-63.96875,Knife,100,0,0,0,0,False,False,False,323.0859,0
PB,Terrorist,-1668,471,-63.96875,Knife,100,0,0,0,0,False,False,False,323.0859,0
PB,Terrorist,-1668,471,-63.96875,Knife,100,0,0,0,0,False,False,False,323.0859,0
PB,Terrorist,-1668,471,-63.96875,Knife,100,0,0,0,0,False,False,False,323.0859,0
PB,Terrorist,-1668,471,-63.96875,Knife,100,0,0,0,0,False,False,False,323.0859,0
PB,Terrorist,-1668,471,-63.96875,Knife,100,0,0,0,0,False,False,False,323.0859,0
PB,Terrorist,-1668,471,-63.96875,Knife,100,0,0,0,0,False,False,False,323.0859,0
PB,Terrorist,-1668,471,-63.96875,Knife,100,0,0,0,0,False,False,False,323.0859,0
PB,Terrorist,-1668,471,-63.96875,Knife,100,0,0,0,0,False,False,False,323.0859,0
PB,Terrorist,-1668,471,-63.96875,Knife,100,0,0,0,0,False,False,False,323.0859,0
PB,Terrorist,-1668,471,-63.96875,Knife,100,0,0,0,0,False,False,False,323.0859,0
PB,Terrorist,-1668,471,-63.96875,Knife,100,0,0,0,0,False,False,False,323.0859,0
PB,Terrorist,-1668,471,-63.96875,Knife,100,0,0,0,0,False,False,False,323.0859,0
PB,Terrorist,-1668,471,-63.96875,Knife,100,0,0,0,0,False,False,False,323.0859,0
PB,Terrorist,-1668,471,-63.96875,Knife,100,0,0,0,0,False,False,False,323.0859,0
PB,Terrorist,-1668,471,-63.96875,Knife,100,0,0,0,0,False,False,False,323.0859,0
PB,Terrorist,-1668,471,-63.96875,Knife,100,0,0,0,0,False,False,False,323.0859,0
PB,Terrorist,-1668,471,-63.96875,Knife,100,0,0,0,0,False,False,False,323.0859,0
PB,Terrorist,-1668,471,-63.96875,Knife,100,0,0,0,0,False,False,False,323.0859,0
PB,Terrorist,-1668,471,-63.96875,Knife,100,0,0,0,0,False,False,False,323.0859,0
PB,Terrorist,-1668,471,-63.96875,Knife,100,0,0,0,0,False,False,False,323.0859,0
PB,Terrorist,-1668,471,-63.96875,Knife,100,0,0,0,0,False,False,False,323.0859,0
PB,Terrorist,-1668,471,-63.96875,Knife,100,0,0,0,0,False,False,False,323.0859,0
PB,Terrorist,-1668,471,-63.96875,Knife,100,0,0,0,0,False,False,False,323.0859,0
PB,Terrorist,-1668,471,-63.96875,Knife,100,0,0,0,0,False,False,False,323.0859,0
PB,Terrorist,-1668,471,-63.96875,Knife,100,0,0,0,0,False,False,False,323.0859,0
PB,Terrorist,-1668,471,-63.96875,Knife,100,0,0,0,0,False,False,False,323.0859,0
PB,Terrorist,-1668,471,-63.96875,Knife,100,0,0,0,0,False,False,False,323.0859,0
PB,Terrorist,-1668,471,-63.96875,Knife,100,0,0,0,0,False,False,False,323.0859,0
PB,Terrorist,-1668,471,-63.96875,Knife,100,0,0,0,0,False,False,False,323.0859,0
PB,Terrorist,-1668,471,-63.96875,Knife,100,0,0,0,0,False,False,False,323.0859,0
PB,Terrorist,-1668,471,-63.96875,Knife,100,0,0,0,0,False,False,False,323.0859,0
PB,Terrorist,-1668,471,-63.96875,Knife,100,0,0,0,0,False,False,False,323.0859,0
PB,Terrorist,-1668,471,-63.96875,Knife,100,0,0,0,0,False,False,False,323.0859,0
PB,Terrorist,-1668,471,-63.96875,Knife,100,0,0,0,0,False,False,False,323.0859,0
PB,Terrorist,-1668,471,-63.96875,Knife,100,0,0,0,0,False,False,False,323.0859,0
PB,Terrorist,-1668,471,-63.96875,Knife,100,0,0,0,0,False,False,False,323.0859,0
PB,Terrorist,-1668,471,-63.96875,Knife,100,0,0,0,0,False,False,False,323.0859,0
PB,Terrorist,-1668,471,-63.96875,Knife,100,0,0,0,0,False,False,False,323.0859,0
PB,Terrorist,-1668,471,-63.96875,Knife,100,0,0,0,0,False,False,False,323.0859,0
PB,Terrorist,-1668,471,-63.96875,Knife,100,0,0,0,0,False,False,False,323.0859,0
PB,Terrorist,-1668,471,-63.96875,Knife,100,0,0,0,0,False,False,False,323.0859,0
PB,Terrorist,-1668,471,-63.96875,Knife,100,0,0,0,0,False,False,False,323.0859,0
PB,Terrorist,-1668,471,-63.96875,Knife,100,0,0,0,0,False,False,False,323.0859,0
PB,Terrorist,-1668,471,-63.96875,Knife,100,0,0,0,0,False,False,False,323.0859,0
PB,Terrorist,-1668,471,-63.96875,Knife,100,0,0,0,0,False,False,False,323.0859,0
PB,Terrorist,-1668,471,-63.96875,Knife,100,0,0,0,0,False,False,False,323.0859,0
PB,Terrorist,-1668,471,-63.96875,Knife,100,0,0,0,0,False,False,False,323.0859,0
PB,Terrorist,-1668,471,-63.96875,Knife,100,0,0,0,0,False,False,False,323.0859,0
PB,Terrorist,-1668,471,-63.96875,Knife,100,0,0,0,0,False,False,False,323.0859,0
PB,Terrorist,-1668,471,-63.96875,Knife,100,0,0,0,0,False,False,False,323.0859,0
PB,Terrorist,-1668,471,-63.96875,Knife,100,0,0,0,0,False,False,False,323.0859,0
PB,Terrorist,-1668,471,-63.96875,Knife,100,0,0,0,0,False,False,False,323.0859,0
PB,Terrorist,-1668,471,-63.96875,Knife,100,0,0,0,0,False,False,False,323.0859,0
PB,Terrorist,-1668,471,-63.96875,Knife,100,0,0,0,0,False,False,False,323.0859,0
PB,Terrorist,-1668,471,-63.96875,Knife,100,0,0,0,0,False,False,False,323.0859,0
PB,Terrorist,-1668,471,-63.96875,Knife,100,0,0,0,0,False,False,False,323.0859,0
PB,Terrorist,-1668,471,-63.96875,Knife,100,0,0,0,0,False,False,False,323.0859,0
PB,Terrorist,-1668,471,-63.96875,Knife,100,0,0,0,0,False,False,False,323.0859,0
PB,Terrorist,-1668,471,-63.96875,Knife,100,0,0,0,0,False,False,False,323.0859,0
PB,Terrorist,-1668,471,-63.96875,Knife,100,0,0,0,0,False,False,False,323.0859,0
PB,Terrorist,-1668,471,-63.96875,Knife,100,0,0,0,0,False,False,False,323.0859,0
PB,Terrorist,-1668,471,-63.96875,Knife,100,0,0,0,0,False,False,False,323.0859,0
PB,Terrorist,-1668,471,-63.96875,Knife,100,0,0,0,0,False,False,False,323.0859,0
PB,Terrorist,-1668,471,-63.96875,Knife,100,0,0,0,0,False,False,False,323.0859,0
PB,Terrorist,-1668,471,-63.96875,Knife,100,0,0,0,0,False,False,False,323.0859,0
PB,Terrorist,-1668,471,-63.96875,Knife,100,0,0,0,0,False,False,False,323.0859,0
PB,Terrorist,-1668,471,-63.96875,Knife,100,0,0,0,0,False,False,False,323.0859,0
PB,Terrorist,-1668,471,-63.96875,Knife,100,0,0,0,0,False,False,False,323.0859,0
PB,Terrorist,-1668,471,-63.96875,Knife,100,0,0,0,0,False,False,False,323.0859,0
PB,Terrorist,-1668,471,-63.96875,Knife,100,0,0,0,0,False,False,False,323.0859,0
PB,Terrorist,-1668,471,-63.96875,Knife,100,0,0,0,0,False,False,False,323.0859,0
PB,Terrorist,-1668,471,-63.96875,Knife,100,0,0,0,0,False,False,False,323.0859,0
PB,Terrorist,-1668,471,-63.96875,Knife,100,0,0,0,0,False,False,False,323.0859,0
PB,Terrorist,-1668,471,-63.96875,Knife,100,0,0,0,0,False,False,False,323.0859,0
PB,Terrorist,-1668,471,-63.96875,Knife,100,0,0,0,0,False,False,False,323.0859,0
PB,Terrorist,-1668,471,-63.96875,Knife,100,0,0,0,0,False,False,False,323.0859,0
PB,Terrorist,-1668,471,-63.96875,Knife,100,0,0,0,0,False,False,False,323.0859,0
PB,Terrorist,-1668,471,-63.96875,Knife,100,0,0,0,0,False,False,False,323.0859,0
PB,Terrorist,-1668,471,-63.96875,Knife,100,0,0,0,0,False,False,False,323.0859,0
PB,Terrorist,-1668,471,-63.96875,Knife,100,0,0,0,0,False,False,False,323.0859,0
PB,Terrorist,-1668,471,-63.96875,Knife,100,0,0,0,0,False,False,False,323.0859,0
PB,Terrorist,-1668,471,-63.96875,Knife,100,0,0,0,0,False,False,False,323.0859,0
PB,Terrorist,-1668,471,-63.96875,Knife,100,0,0,0,0,False,False,False,323.0859,0
PB,Terrorist,-1668,471,-63.96875,Knife,100,0,0,0,0,False,False,False,323.0859,0
PB,Terrorist,-1668,471,-63.96875,Knife,100,0,0,0,0,False,False,False,323.0859,0
PB,Terrorist,-1668,471,-63.96875,Knife,100,0,0,0,0,False,False,False,323.0859,0
PB,Terrorist,-1668,471,-63.96875,Knife,100,0,0,0,0,False,False,False,323.0859,0
PB,Terrorist,-1668,471,-63.96875,Knife,100,0,0,0,0,False,False,False,323.0859,0
PB,Terrorist,-1668,471,-63.96875,Knife,100,0,0,0,0,False,False,False,323.0859,0
PB,Terrorist,-1668,471,-63.96875,Knife,100,0,0,0,0,False,False,False,323.0859,0
PB,Terrorist,-1668,471,-63.96875,Knife,100,0,0,0,0,False,False,False,323.0859,0
PB,Terrorist,-1668,471,-63.96875,Knife,100,0,0,0,0,False,False,False,323.0859,0
PB,Terrorist,-1668,471,-63.96875,Knife,100,0,0,0,0,False,False,False,323.0859,0
PB,Terrorist,-1668,471,-63.96875,Knife,100,0,0,0,0,False,False,False,323.0859,0
PB,Terrorist,-1668,471,-63.96875,Knife,100,0,0,0,0,False,False,False,323.0859,0
PB,Terrorist,-1668,471,-63.96875,Knife,100,0,0,0,0,False,False,False,323.0859,0
PB,Terrorist,-1668,471,-63.96875,Knife,100,0,0,0,0,False,False,False,323.0859,0
PB,Terrorist,-1668,471,-63.96875,Knife,100,0,0,0,0,False,False,False,323.0859,0
PB,Terrorist,-1668,471,-63.96875,Knife,100,0,0,0,0,False,False,False,323.0859,0
PB,Terrorist,-1668,471,-63.96875,Knife,100,0,0,0,0,False,False,False,323.0859,0
PB,Terrorist,-1668,471,-63.96875,Knife,100,0,0,0,0,False,False,False,323.0859,0
PB,Terrorist,-1668,471,-63.96875,Knife,100,0,0,0,0,False,False,False,323.0859,0
PB,Terrorist,-1668,471,-63.96875,Knife,100,0,0,0,0,False,False,False,323.0859,0
PB,Terrorist,-1668,471,-63.96875,Knife,100,0,0,0,0,False,False,False,323.0859,0
PB,Terrorist,-1668,471,-63.96875,Knife,100,0,0,0,0,False,False,False,323.0859,0
PB,Terrorist,-1668,471,-63.96875,Knife,100,0,0,0,0,False,False,False,323.0859,0
PB,Terrorist,-1668,471,-63.96875,Knife,100,0,0,0,0,False,False,False,323.0859,0
PB,Terrorist,-1668,471,-63.96875,Knife,100,0,0,0,0,False,False,False,323.0859,0
PB,Terrorist,-1668,471,-63.96875,Knife,100,0,0,0,0,False,False,False,323.0859,0
PB,Terrorist,-1668,471,-63.96875,Knife,100,0,0,0,0,False,False,False,323.0859,0
PB,Terrorist,-1668,471,-63.96875,Knife,100,0,0,0,0,False,False,False,323.0859,0
PB,Terrorist,-1668,471,-63.96875,Knife,100,0,0,0,0,False,False,False,323.0859,0
PB,Terrorist,-1668,471,-63.96875,Knife,100,0,0,0,0,False,False,False,323.0859,0
PB,Terrorist,-1668,471,-63.96875,Knife,100,0,0,0,0,False,False,False,323.0859,0
PB,Terrorist,-1668,471,-63.96875,Knife,100,0,0,0,0,False,False,False,323.0859,0
PB,Terrorist,-1668,471,-63.96875,Knife,100,0,0,0,0,False,False,False,323.0859,0
PB,Terrorist,-1668,471,-63.96875,Knife,100,0,0,0,0,False,False,False,323.0859,0
PB,Terrorist,-1668,471,-63.96875,Knife,100,0,0,0,0,False,False,False,323.0859,0
PB,Terrorist,-1668,471,-63.96875,Knife,100,0,0,0,0,False,False,False,323.0859,0
PB,Terrorist,-1668,471,-63.96875,Knife,100,0,0,0,0,False,False,False,323.0859,0
PB,Terrorist,-1668,471,-63.96875,Knife,100,0,0,0,0,False,False,False,323.0859,0
PB,Terrorist,-1668,471,-63.96875,Knife,100,0,0,0,0,False,False,False,323.0859,0
PB,Terrorist,-1668,471,-63.96875,Knife,100,0,0,0,0,False,False,False,323.0859,0
PB,Terrorist,-1668,471,-63.96875,Knife,100,0,0,0,0,False,False,False,323.0859,0
PB,Terrorist,-1668,471,-63.96875,Knife,100,0,0,0,0,False,False,False,323.0859,0
PB,Terrorist,-1668,471,-63.96875,Knife,100,0,0,0,0,False,False,False,323.0859,0
PB,Terrorist,-1668,471,-63.96875,Knife,100,0,0,0,0,False,False,False,323.0859,0
PB,Terrorist,-1668,471,-63.96875,Knife,100,0,0,0,0,False,False,False,323.0859,0
PB,Terrorist,-1668,471,-63.96875,Knife,100,0,0,0,0,False,False,False,323.0859,0
PB,Terrorist,-1668,471,-63.96875,Knife,100,0,0,0,0,False,False,False,323.0859,0
PB,Terrorist,-1668,471,-63.96875,Knife,100,0,0,0,0,False,False,False,323.0859,0
PB,Terrorist,-1668,471,-63.96875,Knife,100,0,0,0,0,False,False,False,323.0859,0
PB,Terrorist,-1668,471,-63.96875,Knife,100,0,0,0,0,False,False,False,323.0859,0
PB,Terrorist,-1668,471,-63.96875,Knife,100,0,0,0,0,False,False,False,323.0859,0
PB,Terrorist,-1668,471,-63.96875,Knife,100,0,0,0,0,False,False,False,323.0859,0
PB,Terrorist,-1668,471,-63.96875,Knife,100,0,0,0,0,False,False,False,323.0859,0
PB,Terrorist,-1668,471,-63.96875,Knife,100,0,0,0,0,False,False,False,323.0859,0
PB,Terrorist,-1668,471,-63.96875,Knife,100,0,0,0,0,False,False,False,323.0859,0
PB,Terrorist,-1668,471,-63.96875,Knife,100,0,0,0,0,False,False,False,323.0859,0
PB,Terrorist,-1668,471,-63.96875,Knife,100,0,0,0,0,False,False,False,323.0859,0
PB,Terrorist,-1668,471,-63.96875,Knife,100,0,0,0,0,False,False,False,323.0859,0
PB,Terrorist,-1668,471,-63.96875,Knife,100,0,0,0,0,False,False,False,323.0859,0
PB,Terrorist,-1668,471,-63.96875,Knife,100,0,0,0,0,False,False,False,323.0859,0
PB,Terrorist,-1668,471,-63.96875,Knife,100,0,0,0,0,False,False,False,323.0859,0
PB,Terrorist,-1668,471,-63.96875,Knife,100,0,0,0,0,False,False,False,323.0859,0
PB,Terrorist,-1668,471,-63.96875,Knife,100,0,0,0,0,False,False,False,323.0859,0
PB,Terrorist,-1668,471,-63.96875,Knife,100,0,0,0,0,False,False,False,323.0859,0
PB,Terrorist,-1668,471,-63.96875,Knife,100,0,0,0,0,False,False,False,323.0859,0
PB,Terrorist,-1668,471,-63.96875,Knife,100,0,0,0,0,False,False,False,323.0859,0
PB,Terrorist,-1668,471,-63.96875,Knife,100,0,0,0,0,False,False,False,323.0859,0
PB,Terrorist,-1668,471,-63.96875,Knife,100,0,0,0,0,False,False,False,323.0859,0
PB,Terrorist,-1668,471,-63.96875,Knife,100,0,0,0,0,False,False,False,323.0859,0
PB,Terrorist,-1668,471,-63.96875,Knife,100,0,0,0,0,False,False,False,323.0859,0
PB,Terrorist,-1668,471,-63.96875,Knife,100,0,0,0,0,False,False,False,323.0859,0
PB,Terrorist,-1668,471,-63.96875,Knife,100,0,0,0,0,False,False,False,323.0859,0
PB,Terrorist,-1668,471,-63.96875,Knife,100,0,0,0,0,False,False,False,323.0859,0
PB,Terrorist,-1668,471,-63.96875,Knife,100,0,0,0,0,False,False,False,323.0859,0
PB,Terrorist,-1668,471,-63.96875,Knife,100,0,0,0,0,False,False,False,323.0859,0
PB,Terrorist,-1668,471,-63.96875,Knife,100,0,0,0,0,False,False,False,323.0859,0
PB,Terrorist,-1668,471,-63.96875,Knife,100,0,0,0,0,False,False,False,323.0859,0
PB,Terrorist,-1668,471,-63.96875,Knife,100,0,0,0,0,False,False,False,323.0859,0
PB,Terrorist,-1668,471,-63.96875,Knife,100,0,0,0,0,False,False,False,323.0859,0
PB,Terrorist,-1668,471,-63.96875,Knife,100,0,0,0,0,False,False,False,323.0859,0
PB,Terrorist,-1668,471,-63.96875,Knife,100,0,0,0,0,False,False,False,323.0859,0
PB,Terrorist,-1668,471,-63.96875,Knife,100,0,0,0,0,False,False,False,323.0859,0
PB,Terrorist,-1668,471,-63.96875,Knife,100,0,0,0,0,False,False,False,323.0859,0
PB,Terrorist,-1668,471,-63.96875,Knife,100,0,0,0,0,False,False,False,323.0859,0
PB,Terrorist,-1668,471,-63.96875,Knife,100,0,0,0,0,False,False,False,323.0859,0
PB,Terrorist,-1668,471,-63.96875,Knife,100,0,0,0,0,False,False,False,323.0859,0
PB,Terrorist,-1668,471,-63.96875,Knife,100,0,0,0,0,False,False,False,323.0859,0
PB,Terrorist,-1668,471,-63.96875,Knife,100,0,0,0,0,False,False,False,323.0859,0
PB,Terrorist,-1668,471,-63.96875,Knife,100,0,0,0,0,False,False,False,323.0859,0
PB,Terrorist,-1668,471,-63.96875,Knife,100,0,0,0,0,False,False,False,323.0859,0
PB,Terrorist,-1668,471,-63.96875,Knife,100,0,0,0,0,False,False,False,323.0859,0
PB,Terrorist,-1668,471,-63.96875,Knife,100,0,0,0,0,False,False,False,323.0859,0
PB,Terrorist,-1668,471,-63.96875,Knife,100,0,0,0,0,False,False,False,323.0859,0
PB,Terrorist,-1668,471,-63.96875,Knife,100,0,0,0,0,False,False,False,323.0859,0
PB,Terrorist,-1668,471,-63.96875,Knife,100,0,0,0,0,False,False,False,323.0859,0
PB,Terrorist,-1668,471,-63.96875,Knife,100,0,0,0,0,False,False,False,323.0859,0
PB,Terrorist,-1668,471,-63.96875,Knife,100,0,0,0,0,False,False,False,323.0859,0
PB,Terrorist,-1668,471,-63.96875,Knife,100,0,0,0,0,False,False,False,323.0859,0
PB,Terrorist,-1668,471,-63.96875,Knife,100,0,0,0,0,False,False,False,323.0859,0
PB,Terrorist,-1668,471,-63.96875,Knife,100,0,0,0,0,False,False,False,323.0859,0
PB,Terrorist,-1668,471,-63.96875,Knife,100,0,0,0,0,False,False,False,323.0859,0
PB,Terrorist,-1668,471,-63.96875,Knife,100,0,0,0,0,False,False,False,323.0859,0
PB,Terrorist,-1668,471,-63.96875,Knife,100,0,0,0,0,False,False,False,323.0859,0
PB,Terrorist,-1668,471,-63.96875,Knife,100,0,0,0,0,False,False,False,323.0859,0
PB,Terrorist,-1668,471,-63.96875,Knife,100,0,0,0,0,False,False,False,323.0859,0
PB,Terrorist,-1668,471,-63.96875,Knife,100,0,0,0,0,False,False,False,323.0859,0
PB,Terrorist,-1668,471,-63.96875,Knife,100,0,0,0,0,False,False,False,323.0859,0
PB,Terrorist,-1668,471,-63.96875,Knife,100,0,0,0,0,False,False,False,323.0859,0
PB,Terrorist,-1668,471,-63.96875,Knife,100,0,0,0,0,False,False,False,323.0859,0
PB,Terrorist,-1668,471,-63.96875,Knife,100,0,0,0,0,False,False,False,323.0859,0
PB,Terrorist,-1668,471,-63.96875,Knife,100,0,0,0,0,False,False,False,323.0859,0
PB,Terrorist,-1668,471,-63.96875,Knife,100,0,0,0,0,False,False,False,323.0859,0
PB,Terrorist,-1668,471,-63.96875,Knife,100,0,0,0,0,False,False,False,323.0859,0
PB,Terrorist,-1668,471,-63.96875,Knife,100,0,0,0,0,False,False,False,323.0859,0
PB,Terrorist,-1668,471,-63.96875,Knife,100,0,0,0,0,False,False,False,323.0859,0
PB,Terrorist,-1668,471,-63.96875,Knife,100,0,0,0,0,False,False,False,323.0859,0
PB,Terrorist,-1668,471,-63.96875,Knife,100,0,0,0,0,False,False,False,323.0859,0
PB,Terrorist,-1668,471,-63.96875,Knife,100,0,0,0,0,False,False,False,323.0859,0
PB,Terrorist,-1668,471,-63.96875,Knife,100,0,0,0,0,False,False,False,323.0859,0
PB,Terrorist,-1668,471,-63.96875,Knife,100,0,0,0,0,False,False,False,323.0859,0
PB,Terrorist,-1668,471,-63.96875,Knife,100,0,0,0,0,False,False,False,323.0859,0
PB,Terrorist,-1668,471,-63.96875,Knife,100,0,0,0,0,False,False,False,323.0859,0
PB,Terrorist,-1668,471,-63.96875,Knife,100,0,0,0,0,False,False,False,323.0859,0
PB,Terrorist,-1668,471,-63.96875,Knife,100,0,0,0,0,False,False,False,323.0859,0
PB,Terrorist,-1668,471,-63.96875,Knife,100,0,0,0,0,False,False,False,323.0859,0
PB,Terrorist,-1668,471,-63.96875,Knife,100,0,0,0,0,False,False,False,323.0859,0
PB,Terrorist,-1668,471,-63.96875,Knife,100,0,0,0,0,False,False,False,323.0859,0
PB,Terrorist,-1668,471,-63.96875,Knife,100,0,0,0,0,False,False,False,323.0859,0
PB,Terrorist,-1668,471,-63.96875,Knife,100,0,0,0,0,False,False,False,323.0859,0
PB,Terrorist,-1668,471,-63.96875,Knife,100,0,0,0,0,False,False,False,323.0859,0
PB,Terrorist,-1668,471,-63.96875,Knife,100,0,0,0,0,False,False,False,323.0859,0
PB,Terrorist,-1668,471,-63.96875,Knife,100,0,0,0,0,False,False,False,323.0859,0
PB,Terrorist,-1668,471,-63.96875,Knife,100,0,0,0,0,False,False,False,323.0859,0
PB,Terrorist,-1668,471,-63.96875,Knife,100,0,0,0,0,False,False,False,323.0859,0
PB,Terrorist,-1668,471,-63.96875,Knife,100,0,0,0,0,False,False,False,323.0859,0
PB,Terrorist,-1668,471,-63.96875,Knife,100,0,0,0,0,False,False,False,323.0859,0
PB,Terrorist,-1668,471,-63.96875,Knife,100,0,0,0,0,False,False,False,323.0859,0
PB,Terrorist,-1668,471,-63.96875,Knife,100,0,0,0,0,False,False,False,323.0859,0
PB,Terrorist,-1668,471,-63.96875,Knife,100,0,0,0,0,False,False,False,323.0859,0
PB,Terrorist,-1668,471,-63.96875,Knife,100,0,0,0,0,False,False,False,323.0859,0
PB,Terrorist,-1668,471,-63.96875,Knife,100,0,0,0,0,False,False,False,323.0859,0
PB,Terrorist,-1668,471,-63.96875,Knife,100,0,0,0,0,False,False,False,323.0859,0
PB,Terrorist,-1668,471,-63.96875,Knife,100,0,0,0,0,False,False,False,323.0859,0
PB,Terrorist,-1668,471,-63.96875,Knife,100,0,0,0,0,False,False,False,323.0859,0
PB,Terrorist,-1668,471,-63.96875,Knife,100,0,0,0,0,False,False,False,323.0859,0
PB,Terrorist,-1668,471,-63.96875,Knife,100,0,0,0,0,False,False,False,323.0859,0
PB,Terrorist,-1668,471,-63.96875,Knife,100,0,0,0,0,False,False,False,323.0859,0
PB,Terrorist,-1668,471,-63.96875,Knife,100,0,0,0,0,False,False,False,323.0859,0
PB,Terrorist,-1668,471,-63.96875,Knife,100,0,0,0,0,False,False,False,323.0859,0
PB,Terrorist,-1668,471,-63.96875,Knife,100,0,0,0,0,False,False,False,323.0859,0
PB,Terrorist,-1668,471,-63.96875,Knife,100,0,0,0,0,False,False,False,323.0859,0
PB,Terrorist,-1668,471,-63.96875,Knife,100,0,0,0,0,False,False,False,323.0859,0
PB,Terrorist,-1668,471,-63.96875,Knife,100,0,0,0,0,False,False,False,323.0859,0
PB,Terrorist,-1668,471,-63.96875,Knife,100,0,0,0,0,False,False,False,323.0859,0
PB,Terrorist,-1668,471,-63.96875,Knife,100,0,0,0,0,False,False,False,323.0859,0
PB,Terrorist,-1668,471,-63.96875,Knife,100,0,0,0,0,False,False,False,323.0859,0
PB,Terrorist,-1668,471,-63.96875,Knife,100,0,0,0,0,False,False,False,323.0859,0
PB,Terrorist,-1668,471,-63.96875,Knife,100,0,0,0,0,False,False,False,323.0859,0
PB,Terrorist,-1668,471,-63.96875,Knife,100,0,0,0,0,False,False,False,323.0859,0
PB,Terrorist,-1668,471,-63.96875,Knife,100,0,0,0,0,False,False,False,323.0859,0
PB,Terrorist,-1668,471,-63.96875,Knife,100,0,0,0,0,False,False,False,323.0859,0
PB,Terrorist,-1668,471,-63.96875,Knife,100,0,0,0,0,False,False,False,323.0859,0
PB,Terrorist,-1668,471,-63.96875,Knife,100,0,0,0,0,False,False,False,323.0859,0
PB,Terrorist,-1668,471,-63.96875,Knife,100,0,0,0,0,False,False,False,323.0859,0
PB,Terrorist,-1668,471,-63.96875,Knife,100,0,0,0,0,False,False,False,323.0859,0
PB,Terrorist,-1668,471,-63.96875,Knife,100,0,0,0,0,False,False,False,323.0859,0
PB,Terrorist,-1668,471,-63.96875,Knife,100,0,0,0,0,False,False,False,323.0859,0
PB,Terrorist,-1668,471,-63.96875,Knife,100,0,0,0,0,False,False,False,323.0859,0
PB,Terrorist,-1668,471,-63.96875,Knife,100,0,0,0,0,False,False,False,323.0859,0
PB,Terrorist,-1668,471,-63.96875,Knife,100,0,0,0,0,False,False,False,323.0859,0
PB,Terrorist,-1668,471,-63.96875,Knife,100,0,0,0,0,False,False,False,323.0859,0
PB,Terrorist,-1668,471,-63.96875,Knife,100,0,0,0,0,False,False,False,323.0859,0
PB,Terrorist,-1668,471,-63.96875,Knife,100,0,0,0,0,False,False,False,323.0859,0
PB,Terrorist,-1668,471,-63.96875,Knife,100,0,0,0,0,False,False,False,323.0859,0
PB,Terrorist,-1668,471,-63.96875,Knife,100,0,0,0,0,False,False,False,323.0859,0
PB,Terrorist,-1668,471,-63.96875,Knife,100,0,0,0,0,False,False,False,323.0859,0
PB,Terrorist,-1668,471,-63.96875,Knife,100,0,0,0,0,False,False,False,323.0859,0
PB,Terrorist,-1668,471,-63.96875,Knife,100,0,0,0,0,False,False,False,323.0859,0
PB,Terrorist,-1668,471,-63.96875,Knife,100,0,0,0,0,False,False,False,323.0859,0
PB,Terrorist,-1668,471,-63.96875,Knife,100,0,0,0,0,False,False,False,323.0859,0
PB,Terrorist,-1668,471,-63.96875,Knife,100,0,0,0,0,False,False,False,323.0859,0
PB,Terrorist,-1668,471,-63.96875,Knife,100,0,0,0,0,False,False,False,323.0859,0
PB,Terrorist,-1668,471,-63.96875,Knife,100,0,0,0,0,False,False,False,323.0859,0
PB,Terrorist,-1668,471,-63.96875,Knife,100,0,0,0,0,False,False,False,323.0859,0
PB,Terrorist,-1668,471,-63.96875,Knife,100,0,0,0,0,False,False,False,323.0859,0
PB,Terrorist,-1668,471,-63.96875,Knife,100,0,0,0,0,False,False,False,323.0859,0
PB,Terrorist,-1668,471,-63.96875,Knife,100,0,0,0,0,False,False,False,323.0859,0
PB,Terrorist,-1668,471,-63.96875,Knife,100,0,0,0,0,False,False,False,323.0859,0
PB,Terrorist,-1668,471,-63.96875,Knife,100,0,0,0,0,False,False,False,323.0859,0
PB,Terrorist,-1668,471,-63.96875,Knife,100,0,0,0,0,False,False,False,323.0859,0
PB,Terrorist,-1668,471,-63.96875,Knife,100,0,0,0,0,False,False,False,323.0859,0
PB,Terrorist,-1668,471,-63.96875,Knife,100,0,0,0,0,False,False,False,323.0859,0
PB,Terrorist,-1668,471,-63.96875,Knife,100,0,0,0,0,False,False,False,323.0859,0
PB,Terrorist,-1668,471,-63.96875,Knife,100,0,0,0,0,False,False,False,323.0859,0
PB,Terrorist,-1668,471,-63.96875,Knife,100,0,0,0,0,False,False,False,323.0859,0
PB,Terrorist,-1668,471,-63.96875,Knife,100,0,0,0,0,False,False,False,323.0859,0
PB,Terrorist,-1668,471,-63.96875,Knife,100,0,0,0,0,False,False,False,323.0859,0
PB,Terrorist,-1668,471,-63.96875,Knife,100,0,0,0,0,False,False,False,323.0859,0
PB,Terrorist,-1668,471,-63.96875,Knife,100,0,0,0,0,False,False,False,323.0859,0
PB,Terrorist,-1668,471,-63.96875,Knife,100,0,0,0,0,False,False,False,323.0859,0
PB,Terrorist,-1668,471,-63.96875,Knife,100,0,0,0,0,False,False,False,323.0859,0
PB,Terrorist,-1668,471,-63.96875,Knife,100,0,0,0,0,False,False,False,323.0859,0
PB,Terrorist,-1668,471,-63.96875,Knife,100,0,0,0,0,False,False,False,323.0859,0
PB,Terrorist,-1668,471,-63.96875,Knife,100,0,0,0,0,False,False,False,323.0859,0
PB,Terrorist,-1668,471,-63.96875,Knife,100,0,0,0,0,False,False,False,323.0859,0
PB,Terrorist,-1668,471,-63.96875,Knife,100,0,0,0,0,False,False,False,323.0859,0
PB,Terrorist,-1668,471,-63.96875,Knife,100,0,0,0,0,False,False,False,323.0859,0
PB,Terrorist,-1668,471,-63.96875,Knife,100,0,0,0,0,False,False,False,323.0859,0
PB,Terrorist,-1668,471,-63.96875,Knife,100,0,0,0,0,False,False,False,323.0859,0
PB,Terrorist,-1668,471,-63.96875,Knife,100,0,0,0,0,False,False,False,323.0859,0
PB,Terrorist,-1668,471,-63.96875,Knife,100,0,0,0,0,False,False,False,323.0859,0
PB,Terrorist,-1668,471,-63.96875,Knife,100,0,0,0,0,False,False,False,323.0859,0
PB,Terrorist,-1668,471,-63.96875,Knife,100,0,0,0,0,False,False,False,323.0859,0
PB,Terrorist,-1668,471,-63.96875,Knife,100,0,0,0,0,False,False,False,323.0859,0
PB,Terrorist,-1668,471,-63.96875,Knife,100,0,0,0,0,False,False,False,323.0859,0
PB,Terrorist,-1668,471,-63.96875,Knife,100,0,0,0,0,False,False,False,323.0859,0
PB,Terrorist,-1668,471,-63.96875,Knife,100,0,0,0,0,False,False,False,323.0859,0
PB,Terrorist,-1668,471,-63.96875,Knife,100,0,0,0,0,False,False,False,323.0859,0
PB,Terrorist,-1668,471,-63.96875,Knife,100,0,0,0,0,False,False,False,323.0859,0
PB,Terrorist,-1668,471,-63.96875,Knife,100,0,0,0,0,False,False,False,323.0859,0
PB,Terrorist,-1668,471,-63.96875,Knife,100,0,0,0,0,False,False,False,323.0859,0
PB,Terrorist,-1668,471,-63.96875,Knife,100,0,0,0,0,False,False,False,323.0859,0
PB,Terrorist,-1668,471,-63.96875,Knife,100,0,0,0,0,False,False,False,323.0859,0
PB,Terrorist,-1668,471,-63.96875,Knife,100,0,0,0,0,False,False,False,323.0859,0
PB,Terrorist,-1668,471,-63.96875,Knife,100,0,0,0,0,False,False,False,323.0859,0
PB,Terrorist,-1668,471,-63.96875,Knife,100,0,0,0,0,False,False,False,323.0859,0
PB,Terrorist,-1668,471,-63.96875,Knife,100,0,0,0,0,False,False,False,323.0859,0
PB,Terrorist,-1668,471,-63.96875,Knife,100,0,0,0,0,False,False,False,323.0859,0
PB,Terrorist,-1668,471,-63.96875,Knife,100,0,0,0,0,False,False,False,323.0859,0
PB,Terrorist,-1668,471,-63.96875,Knife,100,0,0,0,0,False,False,False,323.0859,0
PB,Terrorist,-1668,471,-63.96875,Knife,100,0,0,0,0,False,False,False,323.0859,0
PB,Terrorist,-1668,471,-63.96875,Knife,100,0,0,0,0,False,False,False,323.0859,0
PB,Terrorist,-1668,471,-63.96875,Knife,100,0,0,0,0,False,False,False,323.0859,0
PB,Terrorist,-1668,471,-63.96875,Knife,100,0,0,0,0,False,False,False,323.0859,0
PB,Terrorist,-1668,471,-63.96875,Knife,100,0,0,0,0,False,False,False,323.0859,0
PB,Terrorist,-1668,471,-63.96875,Knife,100,0,0,0,0,False,False,False,323.0859,0
PB,Terrorist,-1668,471,-63.96875,Knife,100,0,0,0,0,False,False,False,323.0859,0
PB,Terrorist,-1668,471,-63.96875,Knife,100,0,0,0,0,False,False,False,323.0859,0
PB,Terrorist,-1668,471,-63.96875,Knife,100,0,0,0,0,False,False,False,323.0859,0
PB,Terrorist,-1668,471,-63.96875,Knife,100,0,0,0,0,False,False,False,323.0859,0
PB,Terrorist,-1668,471,-63.96875,Knife,100,0,0,0,0,False,False,False,323.0859,0
PB,Terrorist,-1668,471,-63.96875,Knife,100,0,0,0,0,False,False,False,323.0859,0
PB,Terrorist,-1668,471,-63.96875,Knife,100,0,0,0,0,False,False,False,323.0859,0
PB,Terrorist,-1668,471,-63.96875,Knife,100,0,0,0,0,False,False,False,323.0859,0
PB,Terrorist,-1668,471,-63.96875,Knife,100,0,0,0,0,False,False,False,323.0859,0
PB,Terrorist,-1668,471,-63.96875,Knife,100,0,0,0,0,False,False,False,323.0859,0
PB,Terrorist,-1668,471,-63.96875,Knife,100,0,0,0,0,False,False,False,323.0859,0
PB,Terrorist,-1668,471,-63.96875,Knife,100,0,0,0,0,False,False,False,323.0859,0
PB,Terrorist,-1668,471,-63.96875,Knife,100,0,0,0,0,False,False,False,323.0859,0
PB,Terrorist,-1668,471,-63.96875,Knife,100,0,0,0,0,False,False,False,323.0859,0
PB,Terrorist,-1668,471,-63.96875,Knife,100,0,0,0,0,False,False,False,323.0859,0
PB,Terrorist,-1668,471,-63.96875,Knife,100,0,0,0,0,False,False,False,323.0859,0
PB,Terrorist,-1668,471,-63.96875,Knife,100,0,0,0,0,False,False,False,323.0859,0
PB,Terrorist,-1668,471,-63.96875,Knife,100,0,0,0,0,False,False,False,323.0859,0
PB,Terrorist,-1668,471,-63.96875,Knife,100,0,0,0,0,False,False,False,323.0859,0
PB,Terrorist,-1668,471,-63.96875,Knife,100,0,0,0,0,False,False,False,323.0859,0
PB,Terrorist,-1668,471,-63.96875,Knife,100,0,0,0,0,False,False,False,323.0859,0
PB,Terrorist,-1668,471,-63.96875,Knife,100,0,0,0,0,False,False,False,323.0859,0
PB,Terrorist,-1668,471,-63.96875,Knife,100,0,0,0,0,False,False,False,323.0859,0
PB,Terrorist,-1668,471,-63.96875,Knife,100,0,0,0,0,False,False,False,323.0859,0
PB,Terrorist,-1668,471,-63.96875,Knife,100,0,0,0,0,False,False,False,323.0859,0
PB,Terrorist,-1668,471,-63.96875,Knife,100,0,0,0,0,False,False,False,323.0859,0
PB,Terrorist,-1668,471,-63.96875,Knife,100,0,0,0,0,False,False,False,323.0859,0
PB,Terrorist,-1668,471,-63.96875,Knife,100,0,0,0,0,False,False,False,323.0859,0
PB,Terrorist,-1668,471,-63.96875,Knife,100,0,0,0,0,False,False,False,323.0859,0
PB,Terrorist,-1668,471,-63.96875,Knife,100,0,0,0,0,False,False,False,323.0859,0
PB,Terrorist,-1668,471,-63.96875,Knife,100,0,0,0,0,False,False,False,323.0859,0
PB,Terrorist,-1668,471,-63.96875,Knife,100,0,0,0,0,False,False,False,323.0859,0
PB,Terrorist,-1668,471,-63.96875,Knife,100,0,0,0,0,False,False,False,323.0859,0
PB,Terrorist,-1668,471,-63.96875,Knife,100,0,0,0,0,False,False,False,323.0859,0
PB,Terrorist,-1668,471,-63.96875,Knife,100,0,0,0,0,False,False,False,323.0859,0
PB,Terrorist,-1668,471,-63.96875,Knife,100,0,0,0,0,False,False,False,323.0859,0
PB,Terrorist,-1668,471,-63.96875,Knife,100,0,0,0,0,False,False,False,323.0859,0
PB,Terrorist,-1668,471,-63.96875,Knife,100,0,0,0,0,False,False,False,323.0859,0
PB,Terrorist,-1668,471,-63.96875,Knife,100,0,0,0,0,False,False,False,323.0859,0
PB,Terrorist,-1668,471,-63.96875,Knife,100,0,0,0,0,False,False,False,323.0859,0
PB,Terrorist,-1668,471,-63.96875,Knife,100,0,0,0,0,False,False,False,323.0859,0
PB,Terrorist,-1668,471,-63.96875,Knife,100,0,0,0,0,False,False,False,323.0859,0
PB,Terrorist,-1668,471,-63.96875,Knife,100,0,0,0,0,False,False,False,323.0859,0
PB,Terrorist,-1668,471,-63.96875,Knife,100,0,0,0,0,False,False,False,323.0859,0
PB,Terrorist,-1668,471,-63.96875,Knife,100,0,0,0,0,False,False,False,323.0859,0
PB,Terrorist,-1668,471,-63.96875,Knife,100,0,0,0,0,False,False,False,323.0859,0
PB,Terrorist,-1668,471,-63.96875,Knife,100,0,0,0,0,False,False,False,323.0859,0
PB,Terrorist,-1668,471,-63.96875,Knife,100,0,0,0,0,False,False,False,323.0859,0
PB,Terrorist,-1668,471,-63.96875,Knife,100,0,0,0,0,False,False,False,323.0859,0
PB,Terrorist,-1668,471,-63.96875,Knife,100,0,0,0,0,False,False,False,323.0859,0
PB,Terrorist,-1668,471,-63.96875,Knife,100,0,0,0,0,False,False,False,323.0859,0
PB,Terrorist,-1668,471,-63.96875,Knife,100,0,0,0,0,False,False,False,323.0859,0
PB,Terrorist,-1668,471,-63.96875,Knife,100,0,0,0,0,False,False,False,323.0859,0
PB,Terrorist,-1668,471,-63.96875,Knife,100,0,0,0,0,False,False,False,323.0859,0
PB,Terrorist,-1668,471,-63.96875,Knife,100,0,0,0,0,False,False,False,323.0859,0
PB,Terrorist,-1668,471,-63.96875,Knife,100,0,0,0,0,False,False,False,323.0859,0
PB,Terrorist,-1668,471,-63.96875,Knife,100,0,0,0,0,False,False,False,323.0859,0
PB,Terrorist,-1668,471,-63.96875,Knife,100,0,0,0,0,False,False,False,323.0859,0
PB,Terrorist,-1668,471,-63.96875,Knife,100,0,0,0,0,False,False,False,323.0859,0
PB,Terrorist,-1668,471,-63.96875,Knife,100,0,0,0,0,False,False,False,323.0859,0
PB,Terrorist,-1668,471,-63.96875,Knife,100,0,0,0,0,False,False,False,323.0859,0
PB,Terrorist,-1668,471,-63.96875,Knife,100,0,0,0,0,False,False,False,323.0859,0
PB,Terrorist,-1668,471,-63.96875,Knife,100,0,0,0,0,False,False,False,323.0859,0
PB,Terrorist,-1668,471,-63.96875,Knife,100,0,0,0,0,False,False,False,323.0859,0
PB,Terrorist,-1668,471,-63.96875,Knife,100,0,0,0,0,False,False,False,323.0859,0
PB,Terrorist,-1668,471,-63.96875,Knife,100,0,0,0,0,False,False,False,323.0859,0
PB,Terrorist,-1668,471,-63.96875,Knife,100,0,0,0,0,False,False,False,323.0859,0
PB,Terrorist,-1668,471,-63.96875,Knife,100,0,0,0,0,False,False,False,323.0859,0
PB,Terrorist,-1668,471,-63.96875,Knife,100,0,0,0,0,False,False,False,323.0859,0
PB,Terrorist,-1668,471,-63.96875,Knife,100,0,0,0,0,False,False,False,323.0859,0
PB,Terrorist,-1668,471,-63.96875,Knife,100,0,0,0,0,False,False,False,323.0859,0
PB,Terrorist,-1668,471,-63.96875,Knife,100,0,0,0,0,False,False,False,323.0859,0
PB,Terrorist,-1668,471,-63.96875,Knife,100,0,0,0,0,False,False,False,323.0859,0
PB,Terrorist,-1668,471,-63.96875,Knife,100,0,0,0,0,False,False,False,323.0859,0
PB,Terrorist,-1668,471,-63.96875,Knife,100,0,0,0,0,False,False,False,323.0859,0
PB,Terrorist,-1668,471,-63.96875,Knife,100,0,0,0,0,False,False,False,323.0859,0
PB,Terrorist,-1668,471,-63.96875,Knife,100,0,0,0,0,False,False,False,323.0859,0
PB,Terrorist,-1668,471,-63.96875,Knife,100,0,0,0,0,False,False,False,323.0859,0
PB,Terrorist,-1668,471,-63.96875,Knife,100,0,0,0,0,False,False,False,323.0859,0
PB,Terrorist,-1668,471,-63.96875,Knife,100,0,0,0,0,False,False,False,323.0859,0
PB,Terrorist,-1668,471,-63.96875,Knife,100,0,0,0,0,False,False,False,323.0859,0
PB,Terrorist,-1668,471,-63.96875,Knife,100,0,0,0,0,False,False,False,323.0859,0
PB,Terrorist,-1668,471,-63.96875,Knife,100,0,0,0,0,False,False,False,323.0859,0
PB,Terrorist,-1668,471,-63.96875,Knife,100,0,0,0,0,False,False,False,323.0859,0
PB,Terrorist,-1668,471,-63.96875,Knife,100,0,0,0,0,False,False,False,323.0859,0
PB,Terrorist,-1668,471,-63.96875,Knife,100,0,0,0,0,False,False,False,323.0859,0
PB,Terrorist,-1668,471,-63.96875,Knife,100,0,0,0,0,False,False,False,323.0859,0
PB,Terrorist,-1668,471,-63.96875,Knife,100,0,0,0,0,False,False,False,323.0859,0
PB,Terrorist,-1668,471,-63.96875,Knife,100,0,0,0,0,False,False,False,323.0859,0
PB,Terrorist,-1668,471,-63.96875,Knife,100,0,0,0,0,False,False,False,323.0859,0
PB,Terrorist,-1668,471,-63.96875,Knife,100,0,0,0,0,False,False,False,323.0859,0
PB,Terrorist,-1668,471,-63.96875,Knife,100,0,0,0,0,False,False,False,323.0859,0
PB,Terrorist,-1668,471,-63.96875,Knife,100,0,0,0,0,False,False,False,323.0859,0
PB,Terrorist,-1668,471,-63.96875,Knife,100,0,0,0,0,False,False,False,323.0859,0
PB,Terrorist,-1668,471,-63.96875,Knife,100,0,0,0,0,False,False,False,323.0859,0
PB,Terrorist,-1668,471,-63.96875,Knife,100,0,0,0,0,False,False,False,323.0859,0
PB,Terrorist,-1668,471,-63.96875,Knife,100,0,0,0,0,False,False,False,323.0859,0
PB,Terrorist,-1668,471,-63.96875,Knife,100,0,0,0,0,False,False,False,323.0859,0
PB,Terrorist,-1668,471,-63.96875,Knife,100,0,0,0,0,False,False,False,323.0859,0
PB,Terrorist,-1668,471,-63.96875,Knife,100,0,0,0,0,False,False,False,323.0859,0
PB,Terrorist,-1668,471,-63.96875,Knife,100,0,0,0,0,False,False,False,323.0859,0
PB,Terrorist,-1668,471,-63.96875,Knife,100,0,0,0,0,False,False,False,323.0859,0
PB,Terrorist,-1668,471,-63.96875,Knife,100,0,0,0,0,False,False,False,323.0859,0
PB,Terrorist,-1668,471,-63.96875,Knife,100,0,0,0,0,False,False,False,323.0859,0
PB,Terrorist,-1668,471,-63.96875,Knife,100,0,0,0,0,False,False,False,323.0859,0
PB,Terrorist,-1668,471,-63.96875,Knife,100,0,0,0,0,False,False,False,323.0859,0
PB,Terrorist,-1668,471,-63.96875,Knife,100,0,0,0,0,False,False,False,323.0859,0
PB,Terrorist,-1668,471,-63.96875,Knife,100,0,0,0,0,False,False,False,323.0859,0
PB,Terrorist,-1668,471,-63.96875,Knife,100,0,0,0,0,False,False,False,323.0859,0
PB,Terrorist,-1668,471,-63.96875,Knife,100,0,0,0,0,False,False,False,323.0859,0
PB,Terrorist,-1668,471,-63.96875,Knife,100,0,0,0,0,False,False,False,323.0859,0
PB,Terrorist,-1668,471,-63.96875,Knife,100,0,0,0,0,False,False,False,323.0859,0
PB,Terrorist,-1668,471,-63.96875,Knife,100,0,0,0,0,False,False,False,323.0859,0
PB,Terrorist,-1668,471,-63.96875,Knife,100,0,0,0,0,False,False,False,323.0859,0
PB,Terrorist,-1668,471,-63.96875,Knife,100,0,0,0,0,False,False,False,323.0859,0
PB,Terrorist,-1668,471,-63.96875,Knife,100,0,0,0,0,False,False,False,323.0859,0
PB,Terrorist,-1668,471,-63.96875,Knife,100,0,0,0,0,False,False,False,323.0859,0
PB,Terrorist,-1668,471,-63.96875,Knife,100,0,0,0,0,False,False,False,323.0859,0
PB,Terrorist,-1668,471,-63.96875,Knife,100,0,0,0,0,False,False,False,323.0859,0
PB,Terrorist,-1668,471,-63.96875,Knife,100,0,0,0,0,False,False,False,323.0859,0
PB,Terrorist,-1668,471,-63.96875,Knife,100,0,0,0,0,False,False,False,323.0859,0
PB,Terrorist,-1668,471,-63.96875,Knife,100,0,0,0,0,False,False,False,323.0859,0
PB,Terrorist,-1668,471,-63.96875,Knife,100,0,0,0,0,False,False,False,323.0859,0
PB,Terrorist,-1668,471,-63.96875,Knife,100,0,0,0,0,False,False,False,323.0859,0
PB,Terrorist,-1668,471,-63.96875,Knife,100,0,0,0,0,False,False,False,320.9766,0
PB,Terrorist,-1668,471,-63.96875,Knife,100,0,0,0,0,False,False,False,307.6172,0
PB,Terrorist,-1668,471,-63.96875,Knife,100,0,0,0,0,False,False,False,294.6094,0
PB,Terrorist,-1668,471,-63.96875,Knife,100,0,0,0,0,False,False,False,281.6016,0
PB,Terrorist,-1668,471,-63.96875,Knife,100,0,0,0,0,False,False,False,268.2422,0
PB,Terrorist,-1668,471,-63.96875,Knife,100,0,0,0,0,False,False,False,268.2422,0
PB,Terrorist,-1668,471,-63.96875,Knife,100,0,0,0,0,False,False,False,268.2422,0
PB,Terrorist,-1668,471,-63.96875,Knife,100,0,0,0,0,False,False,False,268.2422,0
PB,Terrorist,-1668,471,-63.96875,Knife,100,0,0,0,0,False,False,False,268.2422,0
PB,Terrorist,-1668,471,-63.96875,Knife,100,0,0,0,0,False,False,False,268.2422,0
PB,Terrorist,-1668,471,-63.96875,Knife,100,0,0,0,0,False,False,False,268.2422,0
PB,Terrorist,-1668,471,-63.96875,Knife,100,0,0,0,0,False,False,False,268.2422,0
PB,Terrorist,-1668,471,-63.96875,Knife,100,0,0,0,0,False,False,False,268.2422,0
PB,Terrorist,-1668,471,-63.96875,Knife,100,0,0,0,0,False,False,False,268.2422,0
PB,Terrorist,-1668,471,-63.96875,Knife,100,0,0,0,0,False,False,False,268.2422,0
PB,Terrorist,-1668,471,-63.96875,Knife,100,0,0,0,0,False,False,False,268.2422,0
PB,Terrorist,-1668,471,-63.96875,Knife,100,0,0,0,0,False,False,False,268.2422,0
PB,Terrorist,-1668,471,-63.96875,Knife,100,0,0,0,0,False,False,False,268.2422,0
PB,Terrorist,-1668,471,-63.96875,Knife,100,0,0,0,0,False,False,False,268.2422,0
PB,Terrorist,-1668,471,-63.96875,Knife,100,0,0,0,0,False,False,False,268.2422,0
PB,Terrorist,-1668,471,-63.96875,Knife,100,0,0,0,0,False,False,False,268.2422,0
PB,Terrorist,-1668,471,-63.96875,Knife,100,0,0,0,0,False,False,False,268.2422,0
PB,Terrorist,-1668,471,-63.96875,Knife,100,0,0,0,0,False,False,False,268.2422,0
PB,Terrorist,-1668,471,-63.96875,Knife,100,0,0,0,0,False,False,False,268.2422,0
PB,Terrorist,-1668,471,-63.96875,Knife,100,0,0,0,0,False,False,False,268.2422,0
PB,Terrorist,-1668,471,-63.96875,Knife,100,0,0,0,0,False,False,False,268.2422,0
PB,Terrorist,-1668,471,-63.96875,Knife,100,0,0,0,0,False,False,False,268.2422,0
PB,Terrorist,-1668,471,-63.96875,Knife,100,0,0,0,0,False,False,False,268.2422,0
PB,Terrorist,-1668,471,-63.96875,Knife,100,0,0,0,0,False,False,False,268.2422,0
PB,Terrorist,-1668,471,-63.96875,Knife,100,0,0,0,0,False,False,False,268.2422,0
PB,Terrorist,-1668,471,-63.96875,Knife,100,0,0,0,0,False,False,False,268.2422,0
PB,Terrorist,-1668,471,-63.96875,Knife,100,0,0,0,0,False,False,False,268.2422,0
PB,Terrorist,-1668,471,-63.96875,Knife,100,0,0,0,0,False,False,False,268.2422,0
PB,Terrorist,-1668,471,-63.96875,Knife,100,0,0,0,0,False,False,False,268.2422,0
PB,Terrorist,-1668,471,-63.96875,Knife,100,0,0,0,0,False,False,False,268.2422,0
PB,Terrorist,-1668,471,-63.96875,Knife,100,0,0,0,0,False,False,False,268.2422,0
PB,Terrorist,-1668,471,-63.96875,Knife,100,0,0,0,0,False,False,False,268.2422,0
PB,Terrorist,-1668,471,-63.96875,Knife,100,0,0,0,0,False,False,False,268.2422,0
PB,Terrorist,-1668,471,-63.96875,Knife,100,0,0,0,0,False,False,False,268.2422,0
PB,Terrorist,-1668,471,-63.96875,Knife,100,0,0,0,0,False,False,False,268.2422,0
PB,Terrorist,-1668,471,-63.96875,Knife,100,0,0,0,0,False,False,False,268.2422,0
PB,Terrorist,-1668,471,-63.96875,Knife,100,0,0,0,0,False,False,False,268.2422,0
PB,Terrorist,-1668,471,-63.96875,Knife,100,0,0,0,0,False,False,False,268.2422,0
PB,Terrorist,-1668,471,-63.96875,Knife,100,0,0,0,0,False,False,False,268.2422,0
PB,Terrorist,-1668,471,-63.96875,Knife,100,0,0,0,0,False,False,False,268.2422,0
PB,Terrorist,-1668,471,-63.96875,Knife,100,0,0,0,0,False,False,False,268.2422,0
PB,Terrorist,-1668,471,-63.96875,Knife,100,0,0,0,0,False,False,False,268.2422,0
PB,Terrorist,-1668,471,-63.96875,Knife,100,0,0,0,0,False,False,False,268.2422,0
PB,Terrorist,-1668,471,-63.96875,Knife,100,0,0,0,0,False,False,False,268.2422,0
PB,Terrorist,-1668,471,-63.96875,Knife,100,0,0,0,0,False,False,False,268.2422,0
PB,Terrorist,-1668,471,-63.96875,Knife,100,0,0,0,0,False,False,False,268.2422,0
PB,Terrorist,-1668,471,-63.96875,Knife,100,0,0,0,0,False,False,False,268.2422,0
PB,Terrorist,-1668,471,-63.96875,Knife,100,0,0,0,0,False,False,False,268.2422,0
PB,Terrorist,-1668,471,-63.96875,Knife,100,0,0,0,0,False,False,False,268.2422,0
PB,Terrorist,-1668,471,-63.96875,Knife,100,0,0,0,0,False,False,False,268.2422,0
PB,Terrorist,-1668,471,-63.96875,Knife,100,0,0,0,0,False,False,False,268.2422,0
PB,Terrorist,-1668,471,-63.96875,Knife,100,0,0,0,0,False,False,False,268.2422,0
PB,Terrorist,-1668,471,-63.96875,Knife,100,0,0,0,0,False,False,False,268.2422,0
PB,Terrorist,-1668,471,-63.96875,Knife,100,0,0,0,0,False,False,False,268.2422,0
PB,Terrorist,-1668,471,-63.96875,Knife,100,0,0,0,0,False,False,False,268.2422,0
PB,Terrorist,-1668,471,-63.96875,Knife,100,0,0,0,0,False,False,False,268.2422,0
PB,Terrorist,-1668,471,-63.96875,Knife,100,0,0,0,0,False,False,False,268.2422,0
PB,Terrorist,-1668,471,-63.96875,Knife,100,0,0,0,0,False,False,False,268.2422,0
PB,Terrorist,-1668,471,-63.96875,Knife,100,0,0,0,0,False,False,False,268.2422,0
PB,Terrorist,-1668,471,-63.96875,Knife,100,0,0,0,0,False,False,False,268.2422,0
PB,Terrorist,-1668,471,-63.96875,Knife,100,0,0,0,0,False,False,False,268.2422,0
PB,Terrorist,-1668,471,-63.96875,Knife,100,0,0,0,0,False,False,False,268.2422,0
PB,Terrorist,-1668,471,-63.96875,Knife,100,0,0,0,0,False,False,False,268.2422,0
PB,Terrorist,-1668,471,-63.96875,Knife,100,0,0,0,0,False,False,False,268.2422,0
PB,Terrorist,-1668,471,-63.96875,Knife,100,0,0,0,0,False,False,False,268.2422,0
PB,Terrorist,-1668,471,-63.96875,Knife,100,0,0,0,0,False,False,False,268.2422,0
PB,Terrorist,-1668,471,-63.96875,Knife,100,0,0,0,0,False,False,False,268.2422,0
PB,Terrorist,-1668,471,-63.96875,Knife,100,0,0,0,0,False,False,False,268.2422,0
PB,Terrorist,-1668,471,-63.96875,Knife,100,0,0,0,0,False,False,False,271.4063,0
PB,Terrorist,-1668,471,-63.96875,Knife,100,0,0,0,0,False,False,False,281.6016,0
PB,Terrorist,-1668,471,-63.96875,Knife,100,0,0,0,0,False,False,False,281.6016,0
PB,Terrorist,-1668,471,-63.96875,Knife,100,0,0,0,0,False,False,False,281.6016,0
PB,Terrorist,-1668,471,-63.96875,Knife,100,0,0,0,0,False,False,False,281.6016,0
PB,Terrorist,-1668,471,-63.96875,Knife,100,0,0,0,0,False,False,False,281.6016,0
PB,Terrorist,-1668,471,-63.96875,Knife,100,0,0,0,0,False,False,False,281.6016,0
PB,Terrorist,-1668,471,-63.96875,Knife,100,0,0,0,0,False,False,False,281.6016,0
PB,Terrorist,-1668,471,-63.96875,Knife,100,0,0,0,0,False,False,False,281.6016,0
PB,Terrorist,-1668,471,-63.96875,Knife,100,0,0,0,0,False,False,False,281.6016,0
PB,Terrorist,-1668,471,-63.96875,Knife,100,0,0,0,0,False,False,False,281.6016,0
PB,Terrorist,-1668,471,-63.96875,Knife,100,0,0,0,0,False,False,False,281.6016,0
PB,Terrorist,-1668,471,-63.96875,Knife,100,0,0,0,0,False,False,False,281.6016,0
PB,Terrorist,-1668,471,-63.96875,Knife,100,0,0,0,0,False,False,False,281.6016,0
PB,Terrorist,-1668,471,-63.96875,Knife,100,0,0,0,0,False,False,False,281.6016,0
PB,Terrorist,-1668,471,-63.96875,Knife,100,0,0,0,0,False,False,False,281.6016,0
PB,Terrorist,-1668,471,-63.96875,Knife,100,0,0,0,0,False,False,False,281.6016,0
PB,Terrorist,-1668,471,-63.96875,Knife,100,0,0,0,0,False,False,False,281.6016,0
PB,Terrorist,-1668,471,-63.96875,Knife,100,0,0,0,0,False,False,False,281.6016,0
PB,Terrorist,-1668,471,-63.96875,Knife,100,0,0,0,0,False,False,False,281.6016,0
PB,Terrorist,-1668,471,-63.96875,Knife,100,0,0,0,0,False,False,False,281.6016,0
PB,Terrorist,-1668,471,-63.96875,Knife,100,0,0,0,0,False,False,False,281.6016,0
PB,Terrorist,-1668,471,-63.96875,Knife,100,0,0,0,0,False,False,False,285.8203,0
PB,Terrorist,-1668,471,-63.96875,Knife,100,0,0,0,0,False,False,False,298.8281,0
PB,Terrorist,-1668,471,-63.96875,Knife,100,0,0,0,0,False,False,False,303.0469,0
PB,Terrorist,-1668,471,-63.96875,Knife,100,0,0,0,0,False,False,False,303.0469,0
PB,Terrorist,-1668,471,-63.96875,Knife,100,0,0,0,0,False,False,False,303.0469,0
PB,Terrorist,-1668,471,-63.96875,Knife,100,0,0,0,0,False,False,False,303.0469,0
PB,Terrorist,-1668,471,-63.96875,Knife,100,0,0,0,0,False,False,False,303.0469,0
PB,Terrorist,-1668,471,-63.96875,Knife,100,0,0,0,0,False,False,False,303.0469,0
PB,Terrorist,-1668,471,-63.96875,Knife,100,0,0,0,0,False,False,False,303.0469,0
PB,Terrorist,-1668,471,-63.96875,Knife,100,0,0,0,0,False,False,False,303.0469,0
PB,Terrorist,-1668,471,-63.96875,Knife,100,0,0,0,0,False,False,False,303.0469,0
PB,Terrorist,-1668,471,-63.96875,Knife,100,0,0,0,0,False,False,False,303.0469,0
PB,Terrorist,-1668,471,-63.96875,Knife,100,0,0,0,0,False,False,False,303.0469,0
PB,Terrorist,-1668,471,-63.96875,Knife,100,0,0,0,0,False,False,False,303.0469,0
PB,Terrorist,-1668,471,-63.96875,Knife,100,0,0,0,0,False,False,False,303.0469,0
PB,Terrorist,-1668,471,-63.96875,Knife,100,0,0,0,0,False,False,False,303.0469,0
PB,Terrorist,-1668,471,-63.96875,Knife,100,0,0,0,0,False,False,False,303.0469,0
PB,Terrorist,-1668,471,-63.96875,Knife,100,0,0,0,0,False,False,False,303.0469,0
PB,Terrorist,-1668,471,-63.96875,Knife,100,0,0,0,0,False,False,False,303.0469,0
PB,Terrorist,-1668,471,-63.96875,Knife,100,0,0,0,0,False,False,False,303.0469,0
PB,Terrorist,-1668,471,-63.96875,Knife,100,0,0,0,0,False,False,False,303.0469,0
PB,Terrorist,-1668,471,-63.96875,Knife,100,0,0,0,0,False,False,False,303.0469,0
PB,Terrorist,-1668,471,-63.96875,Knife,100,0,0,0,0,False,False,False,303.0469,0
PB,Terrorist,-1668,471,-63.96875,Knife,100,0,0,0,0,False,False,False,303.0469,0
PB,Terrorist,-1668,471,-63.96875,Knife,100,0,0,0,0,False,False,False,303.0469,0
PB,Terrorist,-1668,471,-63.96875,Knife,100,0,0,0,0,False,False,False,303.0469,0
PB,Terrorist,-1668,471,-63.96875,Knife,100,0,0,0,0,False,False,False,303.0469,0
PB,Terrorist,-1668,471,-63.96875,Knife,100,0,0,0,0,False,False,False,303.0469,0
PB,Terrorist,-1668,471,-63.96875,Knife,100,0,0,0,0,False,False,False,303.0469,0
PB,Terrorist,-1668,471,-63.96875,Knife,100,0,0,0,0,False,False,False,303.0469,0
PB,Terrorist,-1668,471,-63.96875,Knife,100,0,0,0,0,False,False,False,303.0469,0
PB,Terrorist,-1668,471,-63.96875,Knife,100,0,0,0,0,False,False,False,303.0469,0
PB,Terrorist,-1668,471,-63.96875,Knife,100,0,0,0,0,False,False,False,303.0469,0
PB,Terrorist,-1668,471,-63.96875,Knife,100,0,0,0,0,False,False,False,303.0469,0
PB,Terrorist,-1668,471,-63.96875,Knife,100,0,0,0,0,False,False,False,303.0469,0
PB,Terrorist,-1668,471,-63.96875,Knife,100,0,0,0,0,False,False,False,303.0469,0
PB,Terrorist,-1668,471,-63.96875,Knife,100,0,0,0,0,False,False,False,303.0469,0
PB,Terrorist,-1668,471,-63.96875,Knife,100,0,0,0,0,False,False,False,304.1016,0
PB,Terrorist,-1668,471,-63.96875,Knife,100,0,0,0,0,False,False,False,314.2969,0
PB,Terrorist,-1668,471,-63.96875,Knife,100,0,0,0,0,False,False,False,314.2969,0
PB,Terrorist,-1668,471,-63.96875,Knife,100,0,0,0,0,False,False,False,314.2969,0
PB,Terrorist,-1668,471,-63.96875,Knife,100,0,0,0,0,False,False,False,314.2969,0
PB,Terrorist,-1668,471,-63.96875,Knife,100,0,0,0,0,False,False,False,314.2969,0
PB,Terrorist,-1668,471,-63.96875,Knife,100,0,0,0,0,False,False,False,314.2969,0
PB,Terrorist,-1668,471,-63.96875,Knife,100,0,0,0,0,False,False,False,314.2969,0
PB,Terrorist,-1668,471,-63.96875,Knife,100,0,0,0,0,False,False,False,314.2969,0
PB,Terrorist,-1668,471,-63.96875,Knife,100,0,0,0,0,False,False,False,314.2969,0
PB,Terrorist,-1668,471,-63.96875,Knife,100,0,0,0,0,False,False,False,314.2969,0
PB,Terrorist,-1668,471,-63.96875,Knife,100,0,0,0,0,False,False,False,314.2969,0
PB,Terrorist,-1668,471,-63.96875,Knife,100,0,0,0,0,False,False,False,314.2969,0
PB,Terrorist,-1668,471,-63.96875,Knife,100,0,0,0,0,False,False,False,314.2969,0
PB,Terrorist,-1668,471,-63.96875,Knife,100,0,0,0,0,False,False,False,314.2969,0
PB,Terrorist,-1668,471,-63.96875,Knife,100,0,0,0,0,False,False,False,314.2969,0
PB,Terrorist,-1668,471,-63.96875,Knife,100,0,0,0,0,False,False,False,314.2969,0
PB,Terrorist,-1668,471,-63.96875,Knife,100,0,0,0,0,False,False,False,314.2969,0
PB,Terrorist,-1668,471,-63.96875,Knife,100,0,0,0,0,False,False,False,314.2969,0
PB,Terrorist,-1668,471,-63.96875,Knife,100,0,0,0,0,False,False,False,314.2969,0
PB,Terrorist,-1668,471,-63.96875,Knife,100,0,0,0,0,False,False,False,314.2969,0
PB,Terrorist,-1668,471,-63.96875,Knife,100,0,0,0,0,False,False,False,314.2969,0
PB,Terrorist,-1668,471,-63.96875,Knife,100,0,0,0,0,False,False,False,314.2969,0
PB,Terrorist,-1668,471,-63.96875,Knife,100,0,0,0,0,False,False,False,314.2969,0
PB,Terrorist,-1668,471,-63.96875,Knife,100,0,0,0,0,False,False,False,314.2969,0
PB,Terrorist,-1668,471,-63.96875,Knife,100,0,0,0,0,False,False,False,314.2969,0
PB,Terrorist,-1668,471,-63.96875,Knife,100,0,0,0,0,False,False,False,314.2969,0
PB,Terrorist,-1668,471,-63.96875,Knife,100,0,0,0,0,False,False,False,314.2969,0
PB,Terrorist,-1668,471,-63.96875,Knife,100,0,0,0,0,False,False,False,314.2969,0
PB,Terrorist,-1668,471,-63.96875,Knife,100,0,0,0,0,False,False,False,314.2969,0
PB,Terrorist,-1668,471,-63.96875,Knife,100,0,0,0,0,False,False,False,314.2969,0
PB,Terrorist,-1668,471,-63.96875,Knife,100,0,0,0,0,False,False,False,314.2969,0
PB,Terrorist,-1668,471,-63.96875,Knife,100,0,0,0,0,False,False,False,314.2969,0
PB,Terrorist,-1668,471,-63.96875,Knife,100,0,0,0,0,False,False,False,314.2969,0
PB,Terrorist,-1668,471,-63.96875,Knife,100,0,0,0,0,False,False,False,314.2969,0
PB,Terrorist,-1668,471,-63.96875,Knife,100,0,0,0,0,False,False,False,314.2969,0
PB,Terrorist,-1668,471,-63.96875,Knife,100,0,0,0,0,False,False,False,314.2969,0
PB,Terrorist,-1668,471,-63.96875,Knife,100,0,0,0,0,False,False,False,314.2969,0
PB,Terrorist,-1668,471,-63.96875,Knife,100,0,0,0,0,False,False,False,314.2969,0
PB,Terrorist,-1668,471,-63.96875,Knife,100,0,0,0,0,False,False,False,314.2969,0
PB,Terrorist,-1668,471,-63.96875,Knife,100,0,0,0,0,False,False,False,314.2969,0
PB,Terrorist,-1668,471,-63.96875,Knife,100,0,0,0,0,False,False,False,314.2969,0
PB,Terrorist,-1668,471,-63.96875,Knife,100,0,0,0,0,False,False,False,314.2969,0
PB,Terrorist,-1668,471,-63.96875,Knife,100,0,0,0,0,False,False,False,314.2969,0
PB,Terrorist,-1668,471,-63.96875,Knife,100,0,0,0,0,False,False,False,314.2969,0
PB,Terrorist,-1668,471,-63.96875,Knife,100,0,0,0,0,False,False,False,314.2969,0
PB,Terrorist,-1668,471,-63.96875,Knife,100,0,0,0,0,False,False,False,314.2969,0
PB,Terrorist,-1668,471,-63.96875,Knife,100,0,0,0,0,False,False,False,314.2969,0
PB,Terrorist,-1668,471,-63.96875,Knife,100,0,0,0,0,False,False,False,314.2969,0
PB,Terrorist,-1668,471,-63.96875,Knife,100,0,0,0,0,False,False,False,314.2969,0
PB,Terrorist,-1668,471,-63.96875,Knife,100,0,0,0,0,False,False,False,314.2969,0
PB,Terrorist,-1668,471,-63.96875,Knife,100,0,0,0,0,False,False,False,314.2969,0
PB,Terrorist,-1668,471,-63.96875,Knife,100,0,0,0,0,False,False,False,314.2969,0
PB,Terrorist,-1668,471,-63.96875,Knife,100,0,0,0,0,False,False,False,314.2969,0
PB,Terrorist,-1668,471,-63.96875,Knife,100,0,0,0,0,False,False,False,314.2969,0
PB,Terrorist,-1668,471,-63.96875,Knife,100,0,0,0,0,False,False,False,314.2969,0
PB,Terrorist,-1668,471,-63.96875,Knife,100,0,0,0,0,False,False,False,314.2969,0
PB,Terrorist,-1668,471,-63.96875,Knife,100,0,0,0,0,False,False,False,314.2969,0
PB,Terrorist,-1668,471,-63.96875,Knife,100,0,0,0,0,False,False,False,314.2969,0
PB,Terrorist,-1668,471,-63.96875,Knife,100,0,0,0,0,False,False,False,314.2969,0
PB,Terrorist,-1668,471,-63.96875,Knife,100,0,0,0,0,False,False,False,314.2969,0
PB,Terrorist,-1668,471,-63.96875,Knife,100,0,0,0,0,False,False,False,314.2969,0
PB,Terrorist,-1668,471,-63.96875,Knife,100,0,0,0,0,False,False,False,314.2969,0
PB,Terrorist,-1668,471,-63.96875,Knife,100,0,0,0,0,False,False,False,314.2969,0
PB,Terrorist,-1668,471,-63.96875,Knife,100,0,0,0,0,False,False,False,314.2969,0
PB,Terrorist,-1668,471,-63.96875,Knife,100,0,0,0,0,False,False,False,314.2969,0
PB,Terrorist,-1668,471,-63.96875,Knife,100,0,0,0,0,False,False,False,314.2969,0
PB,Terrorist,-1668,471,-63.96875,Knife,100,0,0,0,0,False,False,False,314.2969,0
PB,Terrorist,-1668,471,-63.96875,Knife,100,0,0,0,0,False,False,False,314.2969,0
PB,Terrorist,-1668,471,-63.96875,Knife,100,0,0,0,0,False,False,False,314.2969,0
PB,Terrorist,-1668,471,-63.96875,Knife,100,0,0,0,0,False,False,False,314.2969,0
PB,Terrorist,-1668,471,-63.96875,Knife,100,0,0,0,0,False,False,False,314.2969,0
PB,Terrorist,-1668,471,-63.96875,Knife,100,0,0,0,0,False,False,False,314.2969,0
PB,Terrorist,-1668,471,-63.96875,Knife,100,0,0,0,0,False,False,False,314.2969,0
PB,Terrorist,-1668,471,-63.96875,Knife,100,0,0,0,0,False,False,False,314.2969,0
PB,Terrorist,-1668,471,-63.96875,Knife,100,0,0,0,0,False,False,False,314.2969,0
PB,Terrorist,-1668,471,-63.96875,Knife,100,0,0,0,0,False,False,False,314.2969,0
PB,Terrorist,-1668,471,-63.96875,Knife,100,0,0,0,0,False,False,False,314.2969,0
PB,Terrorist,-1668,471,-63.96875,Knife,100,0,0,0,0,False,False,False,314.2969,0
PB,Terrorist,-1668,471,-63.96875,Knife,100,0,0,0,0,False,False,False,314.2969,0
PB,Terrorist,-1668,471,-63.96875,Knife,100,0,0,0,0,False,False,False,314.2969,0
PB,Terrorist,-1668,471,-63.96875,Knife,100,0,0,0,0,False,False,False,314.2969,0
PB,Terrorist,-1668,471,-63.96875,Knife,100,0,0,0,0,False,False,False,314.2969,0
PB,Terrorist,-1668,471,-63.96875,Knife,100,0,0,0,0,False,False,False,314.2969,0
PB,Terrorist,-1668,471,-63.96875,Knife,100,0,0,0,0,False,False,False,314.2969,0
PB,Terrorist,-1668,471,-63.96875,Knife,100,0,0,0,0,False,False,False,314.2969,0
PB,Terrorist,-1668,471,-63.96875,Knife,100,0,0,0,0,False,False,False,314.2969,0
PB,Terrorist,-1668,471,-63.96875,Knife,100,0,0,0,0,False,False,False,314.2969,0
PB,Terrorist,-1668,471,-63.96875,Knife,100,0,0,0,0,False,False,False,314.2969,0
PB,Terrorist,-1668,471,-63.96875,Knife,100,0,0,0,0,False,False,False,314.2969,0
PB,Terrorist,-1668,471,-63.96875,Knife,100,0,0,0,0,False,False,False,314.2969,0
PB,Terrorist,-1668,471,-63.96875,Knife,100,0,0,0,0,False,False,False,314.2969,0
PB,Terrorist,-1668,471,-63.96875,Knife,100,0,0,0,0,False,False,False,314.2969,0
PB,Terrorist,-1668,471,-63.96875,Knife,100,0,0,0,0,False,False,False,314.2969,0
PB,Terrorist,-1668,471,-63.96875,Knife,100,0,0,0,0,False,False,False,314.2969,0
PB,Terrorist,-1668,471,-63.96875,Knife,100,0,0,0,0,False,False,False,314.2969,0
PB,Terrorist,-1668,471,-63.96875,Knife,100,0,0,0,0,False,False,False,314.2969,0
PB,Terrorist,-1668,471,-63.96875,Knife,100,0,0,0,0,False,False,False,314.2969,0
PB,Terrorist,-1668,471,-63.96875,Knife,100,0,0,0,0,False,False,False,314.2969,0
PB,Terrorist,-1668,471,-63.96875,Knife,100,0,0,0,0,False,False,False,314.2969,0
PB,Terrorist,-1668,471,-63.96875,Knife,100,0,0,0,0,False,False,False,314.2969,0
PB,Terrorist,-1668,471,-63.96875,Knife,100,0,0,0,0,False,False,False,314.2969,0
PB,Terrorist,-1668,471,-63.96875,Knife,100,0,0,0,0,False,False,False,314.2969,0
PB,Terrorist,-1668,471,-63.96875,Knife,100,0,0,0,0,False,False,False,314.2969,0
PB,Terrorist,-1668,471,-63.96875,Knife,100,0,0,0,0,False,False,False,314.2969,0
PB,Terrorist,-1668,471,-63.96875,Knife,100,0,0,0,0,False,False,False,314.2969,0
PB,Terrorist,-1668,471,-63.96875,Knife,100,0,0,0,0,False,False,False,314.2969,0
PB,Terrorist,-1668,471,-63.96875,Knife,100,0,0,0,0,False,False,False,314.2969,0
PB,Terrorist,-1668,471,-63.96875,Knife,100,0,0,0,0,False,False,False,314.2969,0
PB,Terrorist,-1668,471,-63.96875,Knife,100,0,0,0,0,False,False,False,314.2969,0
PB,Terrorist,-1668,471,-63.96875,Knife,100,0,0,0,0,False,False,False,314.2969,0
PB,Terrorist,-1668,471,-63.96875,Knife,100,0,0,0,0,False,False,False,314.2969,0
PB,Terrorist,-1668,471,-63.96875,Knife,100,0,0,0,0,False,False,False,314.2969,0
PB,Terrorist,-1668,471,-63.96875,Knife,100,0,0,0,0,False,False,False,314.2969,0
PB,Terrorist,-1668,471,-63.96875,Knife,100,0,0,0,0,False,False,False,314.2969,0
PB,Terrorist,-1668,471,-63.96875,Knife,100,0,0,0,0,False,False,False,314.2969,0
PB,Terrorist,-1668,471,-63.96875,Knife,100,0,0,0,0,False,False,False,314.2969,0
PB,Terrorist,-1668,471,-63.96875,Knife,100,0,0,0,0,False,False,False,314.2969,0
PB,Terrorist,-1668,471,-63.96875,Knife,100,0,0,0,0,False,False,False,314.2969,0
PB,Terrorist,-1668,471,-63.96875,Knife,100,0,0,0,0,False,False,False,314.2969,0
PB,Terrorist,-1668,471,-63.96875,Knife,100,0,0,0,0,False,False,False,314.2969,0
PB,Terrorist,-1668,471,-63.96875,Knife,100,0,0,0,0,False,False,False,314.2969,0
PB,Terrorist,-1668,471,-63.96875,Knife,100,0,0,0,0,False,False,False,314.2969,0
PB,Terrorist,-1668,471,-63.96875,Knife,100,0,0,0,0,False,False,False,314.2969,0
PB,Terrorist,-1668,471,-63.96875,Knife,100,0,0,0,0,False,False,False,314.2969,0
PB,Terrorist,-1668,471,-63.96875,Knife,100,0,0,0,0,False,False,False,314.2969,0
PB,Terrorist,-1668,471,-63.96875,Knife,100,0,0,0,0,False,False,False,314.2969,0
PB,Terrorist,-1668,471,-63.96875,Knife,100,0,0,0,0,False,False,False,314.2969,0
PB,Terrorist,-1668,471,-63.96875,Knife,100,0,0,0,0,False,False,False,314.2969,0
PB,Terrorist,-1668,471,-63.96875,Knife,100,0,0,0,0,False,False,False,314.2969,0
PB,Terrorist,-1668,471,-63.96875,Knife,100,0,0,0,0,False,False,False,314.2969,0
PB,Terrorist,-1668,471,-63.96875,Knife,100,0,0,0,0,False,False,False,314.2969,0
PB,Terrorist,-1668,471,-63.96875,Knife,100,0,0,0,0,False,False,False,314.2969,0
PB,Terrorist,-1668,471,-63.96875,Knife,100,0,0,0,0,False,False,False,314.2969,0
PB,Terrorist,-1668,471,-63.96875,Knife,100,0,0,0,0,False,False,False,314.2969,0
PB,Terrorist,-1668,471,-63.96875,Knife,100,0,0,0,0,False,False,False,314.2969,0
PB,Terrorist,-1668,471,-63.96875,Knife,100,0,0,0,0,False,False,False,314.2969,0
PB,Terrorist,-1668,471,-63.96875,Knife,100,0,0,0,0,False,False,False,314.2969,0
PB,Terrorist,-1668,471,-63.96875,Knife,100,0,0,0,0,False,False,False,314.2969,0
PB,Terrorist,-1668,471,-63.96875,Knife,100,0,0,0,0,False,False,False,314.2969,0
PB,Terrorist,-1668,471,-63.96875,Knife,100,0,0,0,0,False,False,False,314.2969,0
PB,Terrorist,-1668,471,-63.96875,Knife,100,0,0,0,0,False,False,False,314.2969,0
PB,Terrorist,-1668,471,-63.96875,Knife,100,0,0,0,0,False,False,False,314.2969,0
PB,Terrorist,-1668,471,-63.96875,Knife,100,0,0,0,0,False,False,False,320.9766,0
PB,Terrorist,-1668,471,-63.96875,Knife,100,0,0,0,0,False,False,False,320.9766,0
PB,Terrorist,-1668,471,-63.96875,Knife,100,0,0,0,0,False,False,False,320.9766,0
PB,Terrorist,-1668,471,-63.96875,Knife,100,0,0,0,0,False,False,False,320.9766,0
PB,Terrorist,-1668,471,-63.96875,Knife,100,0,0,0,0,False,False,False,320.9766,0
PB,Terrorist,-1668,471,-63.96875,Knife,100,0,0,0,0,False,False,False,320.9766,0
PB,Terrorist,-1668,471,-63.96875,Knife,100,0,0,0,0,False,False,False,320.9766,0
PB,Terrorist,-1668,471,-63.96875,Knife,100,0,0,0,0,False,False,False,320.9766,0
PB,Terrorist,-1668,471,-63.96875,Knife,100,0,0,0,0,False,False,False,320.9766,0
PB,Terrorist,-1668,471,-63.96875,Knife,100,0,0,0,0,False,False,False,320.9766,0
PB,Terrorist,-1668,471,-63.96875,Knife,100,0,0,0,0,False,False,False,320.9766,0
PB,Terrorist,-1668,471,-63.96875,Knife,100,0,0,0,0,False,False,False,320.9766,0
PB,Terrorist,-1668,471,-63.96875,Knife,100,0,0,0,0,False,False,False,320.9766,0
PB,Terrorist,-1668,471,-63.96875,Knife,100,0,0,0,0,False,False,False,320.9766,0
PB,Terrorist,-1668,471,-63.96875,Knife,100,0,0,0,0,False,False,False,320.9766,0
PB,Terrorist,-1668,471,-63.96875,Knife,100,0,0,0,0,False,False,False,320.9766,0
PB,Terrorist,-1668,471,-63.96875,Knife,100,0,0,0,0,False,False,False,320.9766,0
PB,Terrorist,-1668,471,-63.96875,Knife,100,0,0,0,0,False,False,False,320.9766,0
PB,Terrorist,-1668,471,-63.96875,Knife,100,0,0,0,0,False,False,False,320.9766,0
PB,Terrorist,-1668,471,-63.96875,Knife,100,0,0,0,0,False,False,False,320.9766,0
PB,Terrorist,-1668,471,-63.96875,Knife,100,0,0,0,0,False,False,False,320.9766,0
PB,Terrorist,-1668,471,-63.96875,Knife,100,0,0,0,0,False,False,False,320.9766,0
PB,Terrorist,-1668,471,-63.96875,Knife,100,0,0,0,0,False,False,False,320.9766,0
PB,Terrorist,-1668,471,-63.96875,Knife,100,0,0,0,0,False,False,False,320.9766,0
PB,Terrorist,-1668,471,-63.96875,Knife,100,0,0,0,0,False,False,False,320.9766,0
PB,Terrorist,-1668,471,-63.96875,Knife,100,0,0,0,0,False,False,False,320.9766,0
PB,Terrorist,-1668,471,-63.96875,Knife,100,0,0,0,0,False,False,False,320.9766,0
PB,Terrorist,-1668,471,-63.96875,Knife,100,0,0,0,0,False,False,False,320.9766,0
PB,Terrorist,-1668,471,-63.96875,Knife,100,0,0,0,0,False,False,False,320.9766,0
PB,Terrorist,-1668,471,-63.96875,Knife,100,0,0,0,0,False,False,False,320.9766,0
PB,Terrorist,-1668,471,-63.96875,Knife,100,0,0,0,0,False,False,False,320.9766,0
PB,Terrorist,-1668,471,-63.96875,Knife,100,0,0,0,0,False,False,False,320.9766,0
PB,Terrorist,-1668,471,-63.96875,Knife,100,0,0,0,0,False,False,False,320.9766,0
PB,Terrorist,-1668,471,-63.96875,Knife,100,0,0,0,0,False,False,False,320.9766,0
PB,Terrorist,-1668,471,-63.96875,Knife,100,0,0,0,0,False,False,False,320.9766,0
PB,Terrorist,-1668,471,-63.96875,Knife,100,0,0,0,0,False,False,False,320.9766,0
PB,Terrorist,-1668,471,-63.96875,Knife,100,0,0,0,0,False,False,False,320.9766,0
PB,Terrorist,-1668,471,-63.96875,Knife,100,0,0,0,0,False,False,False,320.9766,0
PB,Terrorist,-1668,471,-63.96875,Knife,100,0,0,0,0,False,False,False,320.9766,0
PB,Terrorist,-1668,471,-63.96875,Knife,100,0,0,0,0,False,False,False,320.9766,0
PB,Terrorist,-1668,471,-63.96875,Knife,100,0,0,0,0,False,False,False,320.9766,0
PB,Terrorist,-1668,471,-63.96875,Knife,100,0,0,0,0,False,False,False,320.9766,0
PB,Terrorist,-1668,471,-63.96875,Knife,100,0,0,0,0,False,False,False,320.9766,0
PB,Terrorist,-1668,471,-63.96875,Knife,100,0,0,0,0,False,False,False,320.9766,0
PB,Terrorist,-1668,471,-63.96875,Knife,100,0,0,0,0,False,False,False,320.9766,0
PB,Terrorist,-1668,471,-63.96875,Knife,100,0,0,0,0,False,False,False,320.9766,0
PB,Terrorist,-1668,471,-63.96875,Knife,100,0,0,0,0,False,False,False,320.9766,0
PB,Terrorist,-1668,471,-63.96875,Knife,100,0,0,0,0,False,False,False,320.9766,0
PB,Terrorist,-1668,471,-63.96875,Knife,100,0,0,0,0,False,False,False,320.9766,0
PB,Terrorist,-1668,471,-63.96875,Knife,100,0,0,0,0,False,False,False,320.9766,0
PB,Terrorist,-1668,471,-63.96875,Knife,100,0,0,0,0,False,False,False,320.9766,0
PB,Terrorist,-1668,471,-63.96875,Knife,100,0,0,0,0,False,False,False,320.9766,0
PB,Terrorist,-1668,471,-63.96875,Knife,100,0,0,0,0,False,False,False,320.9766,0
PB,Terrorist,-1668,471,-63.96875,Knife,100,0,0,0,0,False,False,False,320.9766,0
PB,Terrorist,-1668,471,-63.96875,Knife,100,0,0,0,0,False,False,False,320.9766,0
PB,Terrorist,-1668,471,-63.96875,Knife,100,0,0,0,0,False,False,False,320.9766,0
PB,Terrorist,-1668,471,-63.96875,Knife,100,0,0,0,0,False,False,False,320.9766,0
PB,Terrorist,-1668,471,-63.96875,Knife,100,0,0,0,0,False,False,False,320.9766,0
PB,Terrorist,-1668,471,-63.96875,Knife,100,0,0,0,0,False,False,False,320.9766,0
PB,Terrorist,-1668,471,-63.96875,Knife,100,0,0,0,0,False,False,False,320.9766,0
PB,Terrorist,-1668,471,-63.96875,Knife,100,0,0,0,0,False,False,False,320.9766,0
PB,Terrorist,-1668,471,-63.96875,Knife,100,0,0,0,0,False,False,False,320.9766,0
PB,Terrorist,-1668,471,-63.96875,Knife,100,0,0,0,0,False,False,False,320.9766,0
PB,Terrorist,-1668,471,-63.96875,Knife,100,0,0,0,0,False,False,False,320.9766,0
PB,Terrorist,-1668,471,-63.96875,Knife,100,0,0,0,0,False,False,False,320.9766,0
PB,Terrorist,-1668,471,-63.96875,Knife,100,0,0,0,0,False,False,False,320.9766,0
PB,Terrorist,-1668,471,-63.96875,Knife,100,0,0,0,0,False,False,False,320.9766,0
PB,Terrorist,-1668,471,-63.96875,Knife,100,0,0,0,0,False,False,False,320.9766,0
PB,Terrorist,-1668,471,-63.96875,Knife,100,0,0,0,0,False,False,False,320.9766,0
PB,Terrorist,-1668,471,-63.96875,Knife,100,0,0,0,0,False,False,False,320.9766,0
PB,Terrorist,-1668,471,-63.96875,Knife,100,0,0,0,0,False,False,False,320.9766,0
PB,Terrorist,-1668,471,-63.96875,Knife,100,0,0,0,0,False,False,False,320.9766,0
PB,Terrorist,-1668,471,-63.96875,Knife,100,0,0,0,0,False,False,False,320.9766,0
PB,Terrorist,-1668,471,-63.96875,Knife,100,0,0,0,0,False,False,False,320.9766,0
PB,Terrorist,-1668,471,-63.96875,Knife,100,0,0,0,0,False,False,False,320.9766,0
PB,Terrorist,-1668,471,-63.96875,Knife,100,0,0,0,0,False,False,False,320.9766,0
PB,Terrorist,-1668,471,-63.96875,Knife,100,0,0,0,0,False,False,False,320.9766,0
PB,Terrorist,-1668,471,-63.96875,Knife,100,0,0,0,0,False,False,False,320.9766,0
PB,Terrorist,-1668,471,-63.96875,Knife,100,0,0,0,0,False,False,False,320.9766,0
PB,Terrorist,-1668,471,-63.96875,Knife,100,0,0,0,0,False,False,False,320.9766,0
PB,Terrorist,-1668,471,-63.96875,Knife,100,0,0,0,0,False,False,False,320.9766,0
PB,Terrorist,-1668,471,-63.96875,Knife,100,0,0,0,0,False,False,False,320.9766,0
PB,Terrorist,-1668,471,-63.96875,Knife,100,0,0,0,0,False,False,False,320.9766,0
PB,Terrorist,-1668,471,-63.96875,Knife,100,0,0,0,0,False,False,False,320.9766,0
PB,Terrorist,-1668,471,-63.96875,Knife,100,0,0,0,0,False,False,False,320.9766,0
PB,Terrorist,-1668,471,-63.96875,Knife,100,0,0,0,0,False,False,False,320.9766,0
PB,Terrorist,-1668,471,-63.96875,Knife,100,0,0,0,0,False,False,False,320.9766,0
PB,Terrorist,-1668,471,-63.96875,Knife,100,0,0,0,0,False,False,False,320.9766,0
PB,Terrorist,-1668,471,-63.96875,Knife,100,0,0,0,0,False,False,False,320.9766,0
PB,Terrorist,-1668,471,-63.96875,Knife,100,0,0,0,0,False,False,False,320.9766,0
PB,Terrorist,-1668,471,-63.96875,Knife,100,0,0,0,0,False,False,False,320.9766,0
PB,Terrorist,-1668,471,-63.96875,Knife,100,0,0,0,0,False,False,False,320.9766,0
PB,Terrorist,-1668,471,-63.96875,Knife,100,0,0,0,0,False,False,False,320.9766,0
PB,Terrorist,-1668,471,-63.96875,Knife,100,0,0,0,0,False,False,False,320.9766,0
PB,Terrorist,-1668,471,-63.96875,Knife,100,0,0,0,0,False,False,False,320.9766,0
PB,Terrorist,-1668,471,-63.96875,Knife,100,0,0,0,0,False,False,False,320.9766,0
PB,Terrorist,-1668,471,-63.96875,Knife,100,0,0,0,0,False,False,False,320.9766,0
PB,Terrorist,-1668,471,-63.96875,Knife,100,0,0,0,0,False,False,False,320.9766,0
PB,Terrorist,-1668,471,-63.96875,Knife,100,0,0,0,0,False,False,False,320.9766,0
PB,Terrorist,-1668,471,-63.96875,Knife,100,0,0,0,0,False,False,False,320.9766,0
PB,Terrorist,-1668,471,-63.96875,Knife,100,0,0,0,0,False,False,False,320.9766,0
PB,Terrorist,-1668,471,-63.96875,Knife,100,0,0,0,0,False,False,False,320.9766,0
PB,Terrorist,-1668,471,-63.96875,Knife,100,0,0,0,0,False,False,False,320.9766,0
PB,Terrorist,-1668,471,-63.96875,Knife,100,0,0,0,0,False,False,False,320.9766,0
PB,Terrorist,-1668,471,-63.96875,Knife,100,0,0,0,0,False,False,False,320.9766,0
PB,Terrorist,-1668,471,-63.96875,Knife,100,0,0,0,0,False,False,False,320.9766,0
PB,Terrorist,-1668,471,-63.96875,Knife,100,0,0,0,0,False,False,False,320.9766,0
PB,Terrorist,-1668,471,-63.96875,Knife,100,0,0,0,0,False,False,False,320.9766,0
PB,Terrorist,-1668,471,-63.96875,Knife,100,0,0,0,0,False,False,False,320.9766,0
PB,Terrorist,-1668,471,-63.96875,Knife,100,0,0,0,0,False,False,False,320.9766,0
PB,Terrorist,-1668,471,-63.96875,Knife,100,0,0,0,0,False,False,False,320.9766,0
PB,Terrorist,-1668,471,-63.96875,Knife,100,0,0,0,0,False,False,False,320.9766,0
PB,Terrorist,-1668,471,-63.96875,Knife,100,0,0,0,0,False,False,False,320.9766,0
PB,Terrorist,-1668,471,-63.96875,Knife,100,0,0,0,0,False,False,False,320.9766,0
PB,Terrorist,-1668,471,-63.96875,Knife,100,0,0,0,0,False,False,False,320.9766,0
PB,Terrorist,-1668,471,-63.96875,Knife,100,0,0,0,0,False,False,False,320.9766,0
PB,Terrorist,-1668,471,-63.96875,Knife,100,0,0,0,0,False,False,False,320.9766,0
PB,Terrorist,-1668,471,-63.96875,Knife,100,0,0,0,0,False,False,False,320.9766,0
PB,Terrorist,-1668,471,-63.96875,Knife,100,0,0,0,0,False,False,False,320.9766,0
PB,Terrorist,-1668,471,-63.96875,Knife,100,0,0,0,0,False,False,False,320.9766,0
PB,Terrorist,-1668,471,-63.96875,Knife,100,0,0,0,0,False,False,False,320.9766,0
PB,Terrorist,-1668,471,-63.96875,Knife,100,0,0,0,0,False,False,False,320.9766,0
PB,Terrorist,-1668,471,-63.96875,Knife,100,0,0,0,0,False,False,False,320.9766,0
PB,Terrorist,-1668,471,-63.96875,Knife,100,0,0,0,0,False,False,False,320.9766,0
PB,Terrorist,-1668,471,-63.96875,Knife,100,0,0,0,0,False,False,False,320.9766,0
PB,Terrorist,-1668,471,-63.96875,Knife,100,0,0,0,0,False,False,False,320.9766,0
PB,Terrorist,-1668,471,-63.96875,Knife,100,0,0,0,0,False,False,False,320.9766,0
PB,Terrorist,-1668,471,-63.96875,Knife,100,0,0,0,0,False,False,False,320.9766,0
PB,Terrorist,-1668,471,-63.96875,Knife,100,0,0,0,0,False,False,False,320.9766,0
PB,Terrorist,-1668,471,-63.96875,Knife,100,0,0,0,0,False,False,False,320.9766,0
PB,Terrorist,-1668,471,-63.96875,Knife,100,0,0,0,0,False,False,False,320.9766,0
PB,Terrorist,-1668,471,-63.96875,Knife,100,0,0,0,0,False,False,False,320.9766,0
PB,Terrorist,-1668,471,-63.96875,Knife,100,0,0,0,0,False,False,False,320.9766,0
PB,Terrorist,-1668,471,-63.96875,Knife,100,0,0,0,0,False,False,False,320.9766,0
PB,Terrorist,-1668,471,-63.96875,Knife,100,0,0,0,0,False,False,False,320.9766,0
PB,Terrorist,-1668,471,-63.96875,Knife,100,0,0,0,0,False,False,False,320.9766,0
PB,Terrorist,-1668,471,-63.96875,Knife,100,0,0,0,0,False,False,False,320.9766,0
PB,Terrorist,-1668,471,-63.96875,Knife,100,0,0,0,0,False,False,False,320.9766,0
PB,Terrorist,-1668,471,-63.96875,Knife,100,0,0,0,0,False,False,False,320.9766,0
PB,Terrorist,-1668,471,-63.96875,Knife,100,0,0,0,0,False,False,False,320.9766,0
PB,Terrorist,-1668,471,-63.96875,Knife,100,0,0,0,0,False,False,False,320.9766,0
PB,Terrorist,-1668,471,-63.96875,Knife,100,0,0,0,0,False,False,False,320.9766,0
PB,Terrorist,-1668,471,-63.96875,Knife,100,0,0,0,0,False,False,False,320.9766,0
PB,Terrorist,-1668,471,-63.96875,Knife,100,0,0,0,0,False,False,False,320.9766,0
PB,Terrorist,-1668,471,-63.96875,Knife,100,0,0,0,0,False,False,False,320.9766,0
PB,Terrorist,-1668,471,-63.96875,Knife,100,0,0,0,0,False,False,False,320.9766,0
PB,Terrorist,-1668,471,-63.96875,Knife,100,0,0,0,0,False,False,False,320.9766,0
PB,Terrorist,-1668,471,-63.96875,Knife,100,0,0,0,0,False,False,False,320.9766,0
PB,Terrorist,-1668,471,-63.96875,Knife,100,0,0,0,0,False,False,False,320.9766,0
PB,Terrorist,-1668,471,-63.96875,Knife,100,0,0,0,0,False,False,False,320.9766,0
PB,Terrorist,-1668,471,-63.96875,Knife,100,0,0,0,0,False,False,False,320.9766,0
PB,Terrorist,-1668,471,-63.96875,Knife,100,0,0,0,0,False,False,False,320.9766,0
PB,Terrorist,-1668,471,-63.96875,Knife,100,0,0,0,0,False,False,False,320.9766,0
PB,Terrorist,-1668,471,-63.96875,Knife,100,0,0,0,0,False,False,False,320.9766,0
PB,Terrorist,-1668,471,-63.96875,Knife,100,0,0,0,0,False,False,False,320.9766,0
PB,Terrorist,-1668,471,-63.96875,Knife,100,0,0,0,0,False,False,False,320.9766,0
PB,Terrorist,-1668,471,-63.96875,Knife,100,0,0,0,0,False,False,False,320.9766,0
PB,Terrorist,-1668,471,-63.96875,Knife,100,0,0,0,0,False,False,False,320.9766,0
PB,Terrorist,-1668,471,-63.96875,Knife,100,0,0,0,0,False,False,False,320.9766,0
PB,Terrorist,-1668,471,-63.96875,Knife,100,0,0,0,0,False,False,False,320.9766,0
PB,Terrorist,-1668,471,-63.96875,Knife,100,0,0,0,0,False,False,False,320.9766,0
PB,Terrorist,-1668,471,-63.96875,Knife,100,0,0,0,0,False,False,False,320.9766,0
PB,Terrorist,-1668,471,-63.96875,Knife,100,0,0,0,0,False,False,False,320.9766,0
PB,Terrorist,-1668,471,-63.96875,Knife,100,0,0,0,0,False,False,False,320.9766,0
PB,Terrorist,-1668,471,-63.96875,Knife,100,0,0,0,0,False,False,False,320.9766,0
PB,Terrorist,-1668,471,-63.96875,Knife,100,0,0,0,0,False,False,False,320.9766,0
PB,Terrorist,-1668,471,-63.96875,Knife,100,0,0,0,0,False,False,False,320.9766,0
PB,Terrorist,-1668,471,-63.96875,Knife,100,0,0,0,0,False,False,False,320.9766,0
PB,Terrorist,-1668,471,-63.96875,Knife,100,0,0,0,0,False,False,False,320.9766,0
PB,Terrorist,-1668,471,-63.96875,Knife,100,0,0,0,0,False,False,False,320.9766,0
PB,Terrorist,-1668,471,-63.96875,Knife,100,0,0,0,0,False,False,False,320.9766,0
PB,Terrorist,-1668,471,-63.96875,Knife,100,0,0,0,0,False,False,False,320.9766,0
PB,Terrorist,-1668,471,-63.96875,Knife,100,0,0,0,0,False,False,False,320.9766,0
PB,Terrorist,-1668,471,-63.96875,Knife,100,0,0,0,0,False,False,False,320.9766,0
PB,Terrorist,-1668,471,-63.96875,Knife,100,0,0,0,0,False,False,False,320.9766,0
PB,Terrorist,-1668,471,-63.96875,Knife,100,0,0,0,0,False,False,False,320.9766,0
PB,Terrorist,-1668,471,-63.96875,Knife,100,0,0,0,0,False,False,False,320.9766,0
PB,Terrorist,-1668,471,-63.96875,Knife,100,0,0,0,0,False,False,False,320.9766,0
PB,Terrorist,-1668,471,-63.96875,Knife,100,0,0,0,0,False,False,False,320.9766,0
PB,Terrorist,-1668,471,-63.96875,Knife,100,0,0,0,0,False,False,False,320.9766,0
PB,Terrorist,-1668,471,-63.96875,Knife,100,0,0,0,0,False,False,False,320.9766,0
PB,Terrorist,-1668,471,-63.96875,Knife,100,0,0,0,0,False,False,False,320.9766,0
PB,Terrorist,-1668,471,-63.96875,Knife,100,0,0,0,0,False,False,False,320.9766,0
PB,Terrorist,-1668,471,-63.96875,Knife,100,0,0,0,0,False,False,False,320.9766,0
PB,Terrorist,-1668,471,-63.96875,Knife,100,0,0,0,0,False,False,False,320.9766,0
PB,Terrorist,-1668,471,-63.96875,Knife,100,0,0,0,0,False,False,False,320.9766,0
PB,Terrorist,-1668,471,-63.96875,Knife,100,0,0,0,0,False,False,False,320.9766,0
PB,Terrorist,-1668,471,-63.96875,Knife,100,0,0,0,0,False,False,False,320.9766,0
PB,Terrorist,-1668,471,-63.96875,Knife,100,0,0,0,0,False,False,False,320.9766,0
PB,Terrorist,-1668,471,-63.96875,Knife,100,0,0,0,0,False,False,False,320.9766,0
PB,Terrorist,-1668,471,-63.96875,Knife,100,0,0,0,0,False,False,False,320.9766,0
PB,Terrorist,-1668,471,-63.96875,Knife,100,0,0,0,0,False,False,False,320.9766,0
PB,Terrorist,-1668,471,-63.96875,Knife,100,0,0,0,0,False,False,False,320.9766,0
PB,Terrorist,-1668,471,-63.96875,Knife,100,0,0,0,0,False,False,False,320.9766,0
PB,Terrorist,-1668,471,-63.96875,Knife,100,0,0,0,0,False,False,False,320.9766,0
PB,Terrorist,-1668,471,-63.96875,Knife,100,0,0,0,0,False,False,False,320.9766,0
PB,Terrorist,-1668,471,-63.96875,Knife,100,0,0,0,0,False,False,False,320.9766,0
PB,Terrorist,-1668,471,-63.96875,Knife,100,0,0,0,0,False,False,False,320.9766,0
PB,Terrorist,-1668,471,-63.96875,Knife,100,0,0,0,0,False,False,False,320.9766,0
PB,Terrorist,-1668,471,-63.96875,Knife,100,0,0,0,0,False,False,False,320.9766,0
PB,Terrorist,-1668,471,-63.96875,Knife,100,0,0,0,0,False,False,False,320.9766,0
PB,Terrorist,-1668,471,-63.96875,Knife,100,0,0,0,0,False,False,False,320.9766,0
PB,Terrorist,-1668,471,-63.96875,Knife,100,0,0,0,0,False,False,False,320.9766,0
PB,Terrorist,-1668,471,-63.96875,Knife,100,0,0,0,0,False,False,False,320.9766,0
PB,Terrorist,-1668,471,-63.96875,Knife,100,0,0,0,0,False,False,False,320.9766,0
PB,Terrorist,-1668,471,-63.96875,Knife,100,0,0,0,0,False,False,False,320.9766,0
PB,Terrorist,-1668,471,-63.96875,Knife,100,0,0,0,0,False,False,False,320.9766,0
PB,Terrorist,-1668,471,-63.96875,Knife,100,0,0,0,0,False,False,False,320.9766,0
PB,Terrorist,-1668,471,-63.96875,Knife,100,0,0,0,0,False,False,False,320.9766,0
PB,Terrorist,-1668,471,-63.96875,Knife,100,0,0,0,0,False,False,False,320.9766,0
PB,Terrorist,-1668,471,-63.96875,Knife,100,0,0,0,0,False,False,False,320.9766,0
PB,Terrorist,-1668,471,-63.96875,Knife,100,0,0,0,0,False,False,False,320.9766,0
PB,Terrorist,-1668,471,-63.96875,Knife,100,0,0,0,0,False,False,False,320.9766,0
PB,Terrorist,-1668,471,-63.96875,Knife,100,0,0,0,0,False,False,False,320.9766,0
PB,Terrorist,-1668,471,-63.96875,Knife,100,0,0,0,0,False,False,False,320.9766,0
PB,Terrorist,-1668,471,-63.96875,Knife,100,0,0,0,0,False,False,False,320.9766,0
PB,Terrorist,-1668,471,-63.96875,Knife,100,0,0,0,0,False,False,False,320.9766,0
PB,Terrorist,-1668,471,-63.96875,Knife,100,0,0,0,0,False,False,False,320.9766,0
PB,Terrorist,-1668,471,-63.96875,Knife,100,0,0,0,0,False,False,False,320.9766,0
PB,Terrorist,-1668,471,-63.96875,Knife,100,0,0,0,0,False,False,False,320.9766,0
PB,Terrorist,-1668,471,-63.96875,Knife,100,0,0,0,0,False,False,False,320.9766,0
PB,Terrorist,-1668,471,-63.96875,Knife,100,0,0,0,0,False,False,False,320.9766,0
PB,Terrorist,-1668,471,-63.96875,Knife,100,0,0,0,0,False,False,False,320.9766,0
PB,Terrorist,-1668,471,-63.96875,Knife,100,0,0,0,0,False,False,False,320.9766,0
PB,Terrorist,-1668,471,-63.96875,Knife,100,0,0,0,0,False,False,False,320.9766,0
PB,Terrorist,-1668,471,-63.96875,Knife,100,0,0,0,0,False,False,False,320.9766,0
PB,Terrorist,-1668,471,-63.96875,Knife,100,0,0,0,0,False,False,False,320.9766,0
PB,Terrorist,-1668,471,-63.96875,Knife,100,0,0,0,0,False,False,False,320.9766,0
PB,Terrorist,-1668,471,-63.96875,Knife,100,0,0,0,0,False,False,False,320.9766,0
PB,Terrorist,-1668,471,-63.96875,Knife,100,0,0,0,0,False,False,False,320.9766,0
PB,Terrorist,-1668,471,-63.96875,Knife,100,0,0,0,0,False,False,False,320.9766,0
PB,Terrorist,-1668,471,-63.96875,Knife,100,0,0,0,0,False,False,False,320.9766,0
PB,Terrorist,-1668,471,-63.96875,Knife,100,0,0,0,0,False,False,False,320.9766,0
PB,Terrorist,-1668,471,-63.96875,Knife,100,0,0,0,0,False,False,False,320.9766,0
PB,Terrorist,-1668,471,-63.96875,Knife,100,0,0,0,0,False,False,False,320.9766,0
PB,Terrorist,-1668,471,-63.96875,Knife,100,0,0,0,0,False,False,False,320.9766,0
PB,Terrorist,-1668,471,-63.96875,Knife,100,0,0,0,0,False,False,False,320.9766,0
PB,Terrorist,-1668,471,-63.96875,Knife,100,0,0,0,0,False,False,False,320.9766,0
PB,Terrorist,-1668,471,-63.96875,Knife,100,0,0,0,0,False,False,False,320.9766,0
PB,Terrorist,-1668,471,-63.96875,Knife,100,0,0,0,0,False,False,False,320.9766,0
PB,Terrorist,-1668,471,-63.96875,Knife,100,0,0,0,0,False,False,False,320.9766,0
PB,Terrorist,-1668,471,-63.96875,Knife,100,0,0,0,0,False,False,False,320.9766,0
PB,Terrorist,-1668,471,-63.96875,Knife,100,0,0,0,0,False,False,False,320.9766,0
PB,Terrorist,-1668,471,-63.96875,Knife,100,0,0,0,0,False,False,False,320.9766,0
PB,Terrorist,-1668,471,-63.96875,Knife,100,0,0,0,0,False,False,False,320.9766,0
PB,Terrorist,-1668,471,-63.96875,Knife,100,0,0,0,0,False,False,False,320.9766,0
PB,Terrorist,-1668,471,-63.96875,Knife,100,0,0,0,0,False,False,False,320.9766,0
PB,Terrorist,-1668,471,-63.96875,Knife,100,0,0,0,0,False,False,False,320.9766,0
PB,Terrorist,-1668,471,-63.96875,Knife,100,0,0,0,0,False,False,False,320.9766,0
PB,Terrorist,-1668,471,-63.96875,Knife,100,0,0,0,0,False,False,False,310.7813,0
PB,Terrorist,-1668,471,-63.96875,Knife,100,0,0,0,0,False,False,False,297.4219,0
PB,Terrorist,-1668,471,-63.96875,Knife,100,0,0,0,0,False,False,False,284.4141,0
PB,Terrorist,-1668,471,-63.96875,Knife,100,0,0,0,0,False,False,False,271.4063,0
PB,Terrorist,-1668,471,-63.96875,Knife,100,0,0,0,0,False,False,False,258.0469,0
PB,Terrorist,-1668,471,-63.96875,Knife,100,0,0,0,0,False,False,False,245.0391,0
PB,Terrorist,-1668,471,-63.96875,Knife,100,0,0,0,0,False,False,False,232.0313,0
PB,Terrorist,-1668,471,-63.96875,Knife,100,0,0,0,0,False,False,False,218.6719,0
PB,Terrorist,-1668,471,-63.96875,Knife,100,0,0,0,0,False,False,False,205.6641,0
PB,Terrorist,-1668,471,-63.96875,Knife,100,0,0,0,0,False,False,False,192.6563,0
PB,Terrorist,-1668,471,-63.96875,Knife,100,0,0,0,0,False,False,False,179.2969,0
PB,Terrorist,-1668,471,-63.96875,Knife,100,0,0,0,0,False,False,False,166.2891,0
PB,Terrorist,-1668,471,-63.96875,Knife,100,0,0,0,0,False,False,False,153.2813,0
PB,Terrorist,-1668,471,-63.96875,Knife,100,0,0,0,0,False,False,False,139.9219,0
PB,Terrorist,-1668,471,-63.96875,Knife,100,0,0,0,0,False,False,False,126.9141,0
PB,Terrorist,-1668,471,-63.96875,Knife,100,0,0,0,0,False,False,False,113.9063,0
PB,Terrorist,-1668,471,-63.96875,Knife,100,0,0,0,0,False,False,False,100.5469,0
PB,Terrorist,-1668,471,-63.96875,Knife,100,0,0,0,0,False,False,False,87.53906,0
PB,Terrorist,-1668,471,-63.96875,Knife,100,0,0,0,0,False,False,False,74.53125,0
PB,Terrorist,-1668,471,-63.96875,Knife,100,0,0,0,0,False,False,False,61.17188,0
PB,Terrorist,-1668,471,-63.96875,Knife,100,0,0,0,0,False,False,False,48.16407,0
PB,Terrorist,-1668,471,-63.96875,Knife,100,0,0,0,0,False,False,False,35.15625,0
PB,Terrorist,-1668,471,-63.96875,Knife,100,0,0,0,0,False,False,False,21.79688,0
PB,Terrorist,-1668,471,-63.96875,Knife,100,0,0,0,0,False,False,False,8.789063,0
PB,Terrorist,-1668,471,-63.96875,Knife,100,0,0,0,0,False,False,False,355.7813,0
PB,Terrorist,-1668,471,-63.96875,Knife,100,0,0,0,0,False,False,False,342.4219,0
PB,Terrorist,-1668,471,-63.96875,Knife,100,0,0,0,0,False,False,False,329.4141,0
PB,Terrorist,-1668,471,-63.96875,Knife,100,0,0,0,0,False,False,False,316.4063,0
PB,Terrorist,-1668,471,-63.96875,Knife,100,0,0,0,0,False,False,False,304.8047,0
PB,Terrorist,-1668,471,-63.96875,Knife,100,0,0,0,0,False,False,False,304.8047,0
PB,Terrorist,-1668,471,-63.96875,Knife,100,0,0,0,0,False,False,False,304.8047,0
PB,Terrorist,-1668,471,-63.96875,Knife,100,0,0,0,0,False,False,False,304.8047,0
PB,Terrorist,-1668,471,-63.96875,Knife,100,0,0,0,0,False,False,False,304.8047,0
PB,Terrorist,-1668,471,-63.96875,Knife,100,0,0,0,0,False,False,False,304.8047,0
PB,Terrorist,-1668,471,-63.96875,Knife,100,0,0,0,0,False,False,False,304.8047,0
PB,Terrorist,-1668,471,-63.96875,Knife,100,0,0,0,0,False,False,False,304.8047,0
PB,Terrorist,-1668,471,-63.96875,Knife,100,0,0,0,0,False,False,False,304.8047,0
PB,Terrorist,-1668,471,-63.96875,Knife,100,0,0,0,0,False,False,False,304.8047,0
PB,Terrorist,-1668,471,-63.96875,Knife,100,0,0,0,0,False,False,False,304.8047,0
PB,Terrorist,-1668,471,-63.96875,Knife,100,0,0,0,0,False,False,False,304.8047,0
PB,Terrorist,-1668,471,-63.96875,Knife,100,0,0,0,0,False,False,False,304.8047,0
PB,Terrorist,-1668,471,-63.96875,Knife,100,0,0,0,0,False,False,False,304.8047,0
PB,Terrorist,-1668,471,-63.96875,Knife,100,0,0,0,0,False,False,False,304.8047,0
PB,Terrorist,-1668,471,-63.96875,Knife,100,0,0,0,0,False,False,False,304.8047,0
PB,Terrorist,-1668,471,-63.96875,Knife,100,0,0,0,0,False,False,False,304.8047,0
PB,Terrorist,-1668,471,-63.96875,Knife,100,0,0,0,0,False,False,False,304.8047,0
PB,Terrorist,-1668,471,-63.96875,Knife,100,0,0,0,0,False,False,False,304.8047,0
PB,Terrorist,-1668,471,-63.96875,Knife,100,0,0,0,0,False,False,False,304.8047,0
PB,Terrorist,-1668,471,-63.96875,Knife,100,0,0,0,0,False,False,False,304.8047,0
PB,Terrorist,-1668,471,-63.96875,Knife,100,0,0,0,0,False,False,False,304.8047,0
PB,Terrorist,-1668,471,-63.96875,Knife,100,0,0,0,0,False,False,False,304.8047,0
PB,Terrorist,-1668,471,-63.96875,Knife,100,0,0,0,0,False,False,False,304.8047,0
PB,Terrorist,-1668,471,-63.96875,Knife,100,0,0,0,0,False,False,False,304.8047,0
PB,Terrorist,-1668,471,-63.96875,Knife,100,0,0,0,0,False,False,False,304.8047,0
PB,Terrorist,-1668,471,-63.96875,Knife,100,0,0,0,0,False,False,False,304.8047,0
PB,Terrorist,-1668,471,-63.96875,Knife,100,0,0,0,0,False,False,False,304.8047,0
PB,Terrorist,-1668,471,-63.96875,Knife,100,0,0,0,0,False,False,False,304.8047,0
PB,Terrorist,-1668,471,-63.96875,Knife,100,0,0,0,0,False,False,False,304.8047,0
PB,Terrorist,-1668,471,-63.96875,Knife,100,0,0,0,0,False,False,False,304.8047,0
PB,Terrorist,-1668,471,-63.96875,Knife,100,0,0,0,0,False,False,False,304.8047,0
PB,Terrorist,-1668,471,-63.96875,Knife,100,0,0,0,0,False,False,False,304.8047,0
PB,Terrorist,-1668,471,-63.96875,Knife,100,0,0,0,0,False,False,False,304.8047,0
PB,Terrorist,-1668,471,-63.96875,Knife,100,0,0,0,0,False,False,False,304.8047,0
PB,Terrorist,-1668,471,-63.96875,Knife,100,0,0,0,0,False,False,False,304.8047,0
PB,Terrorist,-1668,471,-63.96875,Knife,100,0,0,0,0,False,False,False,304.8047,0
PB,Terrorist,-1668,471,-63.96875,Knife,100,0,0,0,0,False,False,False,304.8047,0
PB,Terrorist,-1668,471,-63.96875,Knife,100,0,0,0,0,False,False,False,304.8047,0
PB,Terrorist,-1668,471,-63.96875,Knife,100,0,0,0,0,False,False,False,304.8047,0
PB,Terrorist,-1668,471,-63.96875,Knife,100,0,0,0,0,False,False,False,304.8047,0
PB,Terrorist,-1668,471,-63.96875,Knife,100,0,0,0,0,False,False,False,304.8047,0
PB,Terrorist,-1668,471,-63.96875,Knife,100,0,0,0,0,False,False,False,304.8047,0
PB,Terrorist,-1668,471,-63.96875,Knife,100,0,0,0,0,False,False,False,304.8047,0
PB,Terrorist,-1668,471,-63.96875,Knife,100,0,0,0,0,False,False,False,304.8047,0
PB,Terrorist,-1668,471,-63.96875,Knife,100,0,0,0,0,False,False,False,304.8047,0
PB,Terrorist,-1668,471,-63.96875,Knife,100,0,0,0,0,False,False,False,304.8047,0
PB,Terrorist,-1668,471,-63.96875,Knife,100,0,0,0,0,False,False,False,304.8047,0
PB,Terrorist,-1668,471,-63.96875,Knife,100,0,0,0,0,False,False,False,304.8047,0
PB,Terrorist,-1668,471,-63.96875,Knife,100,0,0,0,0,False,False,False,304.8047,0
PB,Terrorist,-1668,471,-63.96875,Knife,100,0,0,0,0,False,False,False,304.8047,0
PB,Terrorist,-1668,471,-63.96875,Knife,100,0,0,0,0,False,False,False,304.8047,0
PB,Terrorist,-1668,471,-63.96875,Knife,100,0,0,0,0,False,False,False,304.8047,0
PB,Terrorist,-1668,471,-63.96875,Knife,100,0,0,0,0,False,False,False,304.8047,0
PB,Terrorist,-1668,471,-63.96875,Knife,100,0,0,0,0,False,False,False,304.8047,0
PB,Terrorist,-1668,471,-63.96875,Knife,100,0,0,0,0,False,False,False,304.8047,0
PB,Terrorist,-1668,471,-63.96875,Knife,100,0,0,0,0,False,False,False,304.8047,0
PB,Terrorist,-1668,471,-63.96875,Knife,100,0,0,0,0,False,False,False,304.8047,0
PB,Terrorist,-1668,471,-63.96875,Knife,100,0,0,0,0,False,False,False,304.8047,0
PB,Terrorist,-1668,471,-63.96875,Knife,100,0,0,0,0,False,False,False,304.8047,0
PB,Terrorist,-1668,471,-63.96875,Knife,100,0,0,0,0,False,False,False,304.8047,0
PB,Terrorist,-1668,471,-63.96875,Knife,100,0,0,0,0,False,False,False,304.8047,0
PB,Terrorist,-1668,471,-63.96875,Knife,100,0,0,0,0,False,False,False,304.8047,0
PB,Terrorist,-1668,471,-63.96875,Knife,100,0,0,0,0,False,False,False,304.8047,0
PB,Terrorist,-1668,471,-63.96875,Knife,100,0,0,0,0,False,False,False,304.8047,0
PB,Terrorist,-1668,471,-63.96875,Knife,100,0,0,0,0,False,False,False,304.8047,0
PB,Terrorist,-1668,471,-63.96875,Knife,100,0,0,0,0,False,False,False,304.8047,0
PB,Terrorist,-1668,471,-63.96875,Knife,100,0,0,0,0,False,False,False,304.8047,0
PB,Terrorist,-1668,471,-63.96875,Knife,100,0,0,0,0,False,False,False,304.8047,0
PB,Terrorist,-1668,471,-63.96875,Knife,100,0,0,0,0,False,False,False,304.8047,0
PB,Terrorist,-1668,471,-63.96875,Knife,100,0,0,0,0,False,False,False,304.8047,0
PB,Terrorist,-1668,471,-63.96875,Knife,100,0,0,0,0,False,False,False,304.8047,0
PB,Terrorist,-1668,471,-63.96875,Knife,100,0,0,0,0,False,False,False,304.8047,0
PB,Terrorist,-1668,471,-63.96875,Knife,100,0,0,0,0,False,False,False,304.8047,0
PB,Terrorist,-1668,471,-63.96875,Knife,100,0,0,0,0,False,False,False,304.8047,0
PB,Terrorist,-1668,471,-63.96875,Knife,100,0,0,0,0,False,False,False,304.8047,0
PB,Terrorist,-1668,471,-63.96875,Knife,100,0,0,0,0,False,False,False,304.8047,0
PB,Terrorist,-1668,471,-63.96875,Knife,100,0,0,0,0,False,False,False,304.8047,0
PB,Terrorist,-1668,471,-63.96875,Knife,100,0,0,0,0,False,False,False,304.8047,0
PB,Terrorist,-1668,471,-63.96875,Knife,100,0,0,0,0,False,False,False,304.8047,0
PB,Terrorist,-1668,471,-63.96875,Knife,100,0,0,0,0,False,False,False,304.8047,0
PB,Terrorist,-1668,471,-63.96875,Knife,100,0,0,0,0,False,False,False,304.8047,0
PB,Terrorist,-1668,471,-63.96875,Knife,100,0,0,0,0,False,False,False,304.8047,0
PB,Terrorist,-1668,471,-63.96875,Knife,100,0,0,0,0,False,False,False,304.8047,0
PB,Terrorist,-1668,471,-63.96875,Knife,100,0,0,0,0,False,False,False,304.8047,0
PB,Terrorist,-1668,471,-63.96875,Knife,100,0,0,0,0,False,False,False,304.8047,0
PB,Terrorist,-1668,471,-63.96875,Knife,100,0,0,0,0,False,False,False,304.8047,0
PB,Terrorist,-1668,471,-63.96875,Knife,100,0,0,0,0,False,False,False,304.8047,0
PB,Terrorist,-1668,471,-63.96875,Knife,100,0,0,0,0,False,False,False,304.8047,0
PB,Terrorist,-1668,471,-63.96875,Knife,100,0,0,0,0,False,False,False,304.8047,0
PB,Terrorist,-1668,471,-63.96875,Knife,100,0,0,0,0,False,False,False,304.8047,0
PB,Terrorist,-1668,471,-63.96875,Knife,100,0,0,0,0,False,False,False,304.8047,0
PB,Terrorist,-1668,471,-63.96875,Knife,100,0,0,0,0,False,False,False,304.8047,0
PB,Terrorist,-1668,471,-63.96875,Knife,100,0,0,0,0,False,False,False,304.8047,0
PB,Terrorist,-1668,471,-63.96875,Knife,100,0,0,0,0,False,False,False,304.8047,0
PB,Terrorist,-1668,471,-63.96875,Knife,100,0,0,0,0,False,False,False,304.8047,0
PB,Terrorist,-1668,471,-63.96875,Knife,100,0,0,0,0,False,False,False,304.8047,0
PB,Terrorist,-1668,471,-63.96875,Knife,100,0,0,0,0,False,False,False,304.8047,0
PB,Terrorist,-1668,471,-63.96875,Knife,100,0,0,0,0,False,False,False,304.8047,0
PB,Terrorist,-1668,471,-63.96875,Knife,100,0,0,0,0,False,False,False,304.8047,0
PB,Terrorist,-1668,471,-63.96875,Knife,100,0,0,0,0,False,False,False,304.8047,0
PB,Terrorist,-1668,471,-63.96875,Knife,100,0,0,0,0,False,False,False,304.8047,0
PB,Terrorist,-1668,471,-63.96875,Knife,100,0,0,0,0,False,False,False,304.8047,0
PB,Terrorist,-1668,471,-63.96875,Knife,100,0,0,0,0,False,False,False,304.8047,0
PB,Terrorist,-1668,471,-63.96875,Knife,100,0,0,0,0,False,False,False,304.8047,0
PB,Terrorist,-1668,471,-63.96875,Knife,100,0,0,0,0,False,False,False,304.8047,0
PB,Terrorist,-1668,471,-63.96875,Knife,100,0,0,0,0,False,False,False,304.8047,0
PB,Terrorist,-1668,471,-63.96875,Knife,100,0,0,0,0,False,False,False,304.8047,0
PB,Terrorist,-1668,471,-63.96875,Knife,100,0,0,0,0,False,False,False,304.8047,0
PB,Terrorist,-1668,471,-63.96875,Knife,100,0,0,0,0,False,False,False,304.8047,0
PB,Terrorist,-1668,471,-63.96875,Knife,100,0,0,0,0,False,False,False,304.8047,0
PB,Terrorist,-1668,471,-63.96875,Knife,100,0,0,0,0,False,False,False,304.8047,0
PB,Terrorist,-1668,471,-63.96875,Knife,100,0,0,0,0,False,False,False,304.8047,0
PB,Terrorist,-1668,471,-63.96875,Knife,100,0,0,0,0,False,False,False,304.8047,0
PB,Terrorist,-1668,471,-63.96875,Knife,100,0,0,0,0,False,False,False,304.8047,0
PB,Terrorist,-1668,471,-63.96875,Knife,100,0,0,0,0,False,False,False,304.8047,0
PB,Terrorist,-1668,471,-63.96875,Knife,100,0,0,0,0,False,False,False,304.8047,0
PB,Terrorist,-1668,471,-63.96875,Knife,100,0,0,0,0,False,False,False,304.8047,0
PB,Terrorist,-1668,471,-63.96875,Knife,100,0,0,0,0,False,False,False,304.8047,0
PB,Terrorist,-1668,471,-63.96875,Knife,100,0,0,0,0,False,False,False,304.8047,0
PB,Terrorist,-1668,471,-63.96875,Knife,100,0,0,0,0,False,False,False,304.8047,0
PB,Terrorist,-1668,471,-63.96875,Knife,100,0,0,0,0,False,False,False,304.8047,0
PB,Terrorist,-1668,471,-63.96875,Knife,100,0,0,0,0,False,False,False,304.8047,0
PB,Terrorist,-1668,471,-63.96875,Knife,100,0,0,0,0,False,False,False,304.8047,0
PB,Terrorist,-1668,471,-63.96875,Knife,100,0,0,0,0,False,False,False,304.8047,0
PB,Terrorist,-1668,471,-63.96875,Knife,100,0,0,0,0,False,False,False,304.8047,0
PB,Terrorist,-1668,471,-63.96875,Knife,100,0,0,0,0,False,False,False,304.8047,0
PB,Terrorist,-1668,471,-63.96875,Knife,100,0,0,0,0,False,False,False,304.8047,0
PB,Terrorist,-1668,471,-63.96875,Knife,100,0,0,0,0,False,False,False,304.8047,0
PB,Terrorist,-1668,471,-63.96875,Knife,100,0,0,0,0,False,False,False,304.8047,0
PB,Terrorist,-1668,471,-63.96875,Knife,100,0,0,0,0,False,False,False,304.8047,0
PB,Terrorist,-1668,471,-63.96875,Knife,100,0,0,0,0,False,False,False,304.8047,0
PB,Terrorist,-1668,471,-63.96875,Knife,100,0,0,0,0,False,False,False,304.8047,0
PB,Terrorist,-1668,471,-63.96875,Knife,100,0,0,0,0,False,False,False,304.8047,0
PB,Terrorist,-1668,471,-63.96875,Knife,100,0,0,0,0,False,False,False,304.8047,0
PB,Terrorist,-1668,471,-63.96875,Knife,100,0,0,0,0,False,False,False,304.8047,0
PB,Terrorist,-1668,471,-63.96875,Knife,100,0,0,0,0,False,False,False,304.8047,0
PB,Terrorist,-1668,471,-63.96875,Knife,100,0,0,0,0,False,False,False,304.8047,0
PB,Terrorist,-1668,471,-63.96875,Knife,100,0,0,0,0,False,False,False,304.8047,0
PB,Terrorist,-1668,471,-63.96875,Knife,100,0,0,0,0,False,False,False,304.8047,0
PB,Terrorist,-1668,471,-63.96875,Knife,100,0,0,0,0,False,False,False,304.8047,0
PB,Terrorist,-1668,471,-63.96875,Knife,100,0,0,0,0,False,False,False,304.8047,0
PB,Terrorist,-1668,471,-63.96875,Knife,100,0,0,0,0,False,False,False,304.8047,0
PB,Terrorist,-1668,471,-63.96875,Knife,100,0,0,0,0,False,False,False,304.8047,0
PB,Terrorist,-1668,471,-63.96875,Knife,100,0,0,0,0,False,False,False,304.8047,0
PB,Terrorist,-1668,471,-63.96875,Knife,100,0,0,0,0,False,False,False,304.8047,0
PB,Terrorist,-1668,471,-63.96875,Knife,100,0,0,0,0,False,False,False,304.8047,0
PB,Terrorist,-1668,471,-63.96875,Knife,100,0,0,0,0,False,False,False,304.8047,0
PB,Terrorist,-1668,471,-63.96875,Knife,100,0,0,0,0,False,False,False,304.8047,0
PB,Terrorist,-1668,471,-63.96875,Knife,100,0,0,0,0,False,False,False,304.8047,0
PB,Terrorist,-1668,471,-63.96875,Knife,100,0,0,0,0,False,False,False,304.8047,0
PB,Terrorist,-1668,471,-63.96875,Knife,100,0,0,0,0,False,False,False,304.8047,0
PB,Terrorist,-1668,471,-63.96875,Knife,100,0,0,0,0,False,False,False,304.8047,0
PB,Terrorist,-1668,471,-63.96875,Knife,100,0,0,0,0,False,False,False,304.8047,0
PB,Terrorist,-1668,471,-63.96875,Knife,100,0,0,0,0,False,False,False,304.8047,0
PB,Terrorist,-1668,471,-63.96875,Knife,100,0,0,0,0,False,False,False,304.8047,0
PB,Terrorist,-1668,471,-63.96875,Knife,100,0,0,0,0,False,False,False,304.8047,0
PB,Terrorist,-1668,471,-63.96875,Knife,100,0,0,0,0,False,False,False,304.8047,0
PB,Terrorist,-1668,471,-63.96875,Knife,100,0,0,0,0,False,False,False,304.8047,0
PB,Terrorist,-1668,471,-63.96875,Knife,100,0,0,0,0,False,False,False,304.8047,0
PB,Terrorist,-1668,471,-63.96875,Knife,100,0,0,0,0,False,False,False,304.8047,0
PB,Terrorist,-1668,471,-63.96875,Knife,100,0,0,0,0,False,False,False,304.8047,0
PB,Terrorist,-1668,471,-63.96875,Knife,100,0,0,0,0,False,False,False,304.8047,0
PB,Terrorist,-1668,471,-63.96875,Knife,100,0,0,0,0,False,False,False,304.8047,0
PB,Terrorist,-1668,471,-63.96875,Knife,100,0,0,0,0,False,False,False,304.8047,0
PB,Terrorist,-1668,471,-63.96875,Knife,100,0,0,0,0,False,False,False,304.8047,0
PB,Terrorist,-1668,471,-63.96875,Knife,100,0,0,0,0,False,False,False,304.8047,0
PB,Terrorist,-1668,471,-63.96875,Knife,100,0,0,0,0,False,False,False,304.8047,0
PB,Terrorist,-1668,471,-63.96875,Knife,100,0,0,0,0,False,False,False,304.8047,0
PB,Terrorist,-1668,471,-63.96875,Knife,100,0,0,0,0,False,False,False,304.8047,0
PB,Terrorist,-1668,471,-63.96875,Knife,100,0,0,0,0,False,False,False,304.8047,0
PB,Terrorist,-1668,471,-63.96875,Knife,100,0,0,0,0,False,False,False,304.8047,0
PB,Terrorist,-1668,471,-63.96875,Knife,100,0,0,0,0,False,False,False,304.8047,0
PB,Terrorist,-1668,471,-63.96875,Knife,100,0,0,0,0,False,False,False,304.8047,0
PB,Terrorist,-1668,471,-63.96875,Knife,100,0,0,0,0,False,False,False,304.8047,0
PB,Terrorist,-1668,471,-63.96875,Knife,100,0,0,0,0,False,False,False,304.8047,0
PB,Terrorist,-1668,471,-63.96875,Knife,100,0,0,0,0,False,False,False,304.8047,0
PB,Terrorist,-1668,471,-63.96875,Knife,100,0,0,0,0,False,False,False,304.8047,0
PB,Terrorist,-1668,471,-63.96875,Knife,100,0,0,0,0,False,False,False,304.8047,0
PB,Terrorist,-1668,471,-63.96875,Knife,100,0,0,0,0,False,False,False,304.8047,0
PB,Terrorist,-1668,471,-63.96875,Knife,100,0,0,0,0,False,False,False,304.8047,0
PB,Terrorist,-1668,471,-63.96875,Knife,100,0,0,0,0,False,False,False,304.8047,0
PB,Terrorist,-1668,471,-63.96875,Knife,100,0,0,0,0,False,False,False,304.8047,0
PB,Terrorist,-1668,471,-63.96875,Knife,100,0,0,0,0,False,False,False,304.8047,0
PB,Terrorist,-1668,471,-63.96875,Knife,100,0,0,0,0,False,False,False,304.8047,0
PB,Terrorist,-1668,471,-63.96875,Knife,100,0,0,0,0,False,False,False,304.8047,0
PB,Terrorist,-1668,471,-63.96875,Knife,100,0,0,0,0,False,False,False,304.8047,0
PB,Terrorist,-1668,471,-63.96875,Knife,100,0,0,0,0,False,False,False,304.8047,0
PB,Terrorist,-1668,471,-63.96875,Knife,100,0,0,0,0,False,False,False,304.8047,0
PB,Terrorist,-1668,471,-63.96875,Knife,100,0,0,0,0,False,False,False,304.8047,0
PB,Terrorist,-1668,471,-63.96875,Knife,100,0,0,0,0,False,False,False,304.8047,0
PB,Terrorist,-1668,471,-63.96875,Knife,100,0,0,0,0,False,False,False,304.8047,0
PB,Terrorist,-1668,471,-63.96875,Knife,100,0,0,0,0,False,False,False,304.8047,0
PB,Terrorist,-1668,471,-63.96875,Knife,100,0,0,0,0,False,False,False,304.8047,0
PB,Terrorist,-1668,471,-63.96875,Knife,100,0,0,0,0,False,False,False,304.8047,0
PB,Terrorist,-1668,471,-63.96875,Knife,100,0,0,0,0,False,False,False,304.8047,0
PB,Terrorist,-1668,471,-63.96875,Knife,100,0,0,0,0,False,False,False,304.8047,0
PB,Terrorist,-1668,471,-63.96875,Knife,100,0,0,0,0,False,False,False,304.8047,0
PB,Terrorist,-1668,471,-63.96875,Knife,100,0,0,0,0,False,False,False,304.8047,0
PB,Terrorist,-1668,471,-63.96875,Knife,100,0,0,0,0,False,False,False,304.8047,0
PB,Terrorist,-1668,471,-63.96875,Knife,100,0,0,0,0,False,False,False,304.8047,0
PB,Terrorist,-1668,471,-63.96875,Knife,100,0,0,0,0,False,False,False,292.8516,0
PB,Terrorist,-1668,471,-63.96875,Knife,100,0,0,0,0,False,False,False,279.8438,0
PB,Terrorist,-1668,471,-63.96875,Knife,100,0,0,0,0,False,False,False,266.4844,0
PB,Terrorist,-1668,471,-63.96875,Knife,100,0,0,0,0,False,False,False,255.2344,0
PB,Terrorist,-1668,471,-63.96875,Knife,100,0,0,0,0,False,False,False,255.2344,0
PB,Terrorist,-1668,471,-63.96875,Knife,100,0,0,0,0,False,False,False,255.2344,0
PB,Terrorist,-1668,471,-63.96875,Knife,100,0,0,0,0,False,False,False,255.2344,0
PB,Terrorist,-1668,471,-63.96875,Knife,100,0,0,0,0,False,False,False,255.2344,0
PB,Terrorist,-1668,471,-63.96875,Knife,100,0,0,0,0,False,False,False,255.2344,0
PB,Terrorist,-1668,471,-63.96875,Knife,100,0,0,0,0,False,False,False,255.2344,0
PB,Terrorist,-1668,471,-63.96875,Knife,100,0,0,0,0,False,False,False,255.2344,0
PB,Terrorist,-1668,471,-63.96875,Knife,100,0,0,0,0,False,False,False,255.2344,0
PB,Terrorist,-1668,471,-63.96875,Knife,100,0,0,0,0,False,False,False,255.2344,0
PB,Terrorist,-1668,471,-63.96875,Knife,100,0,0,0,0,False,False,False,255.2344,0
PB,Terrorist,-1668,471,-63.96875,Knife,100,0,0,0,0,False,False,False,255.2344,0
PB,Terrorist,-1668,471,-63.96875,Knife,100,0,0,0,0,False,False,False,255.2344,0
PB,Terrorist,-1668,471,-63.96875,Knife,100,0,0,0,0,False,False,False,255.2344,0
PB,Terrorist,-1668,471,-63.96875,Knife,100,0,0,0,0,False,False,False,255.2344,0
PB,Terrorist,-1668,471,-63.96875,Knife,100,0,0,0,0,False,False,False,255.2344,0
PB,Terrorist,-1668,471,-63.96875,Knife,100,0,0,0,0,False,False,False,255.2344,0
PB,Terrorist,-1668,471,-63.96875,Knife,100,0,0,0,0,False,False,False,255.2344,0
PB,Terrorist,-1668,471,-63.96875,Knife,100,0,0,0,0,False,False,False,255.2344,0
PB,Terrorist,-1668,471,-63.96875,Knife,100,0,0,0,0,False,False,False,255.2344,0
PB,Terrorist,-1668,471,-63.96875,Knife,100,0,0,0,0,False,False,False,255.2344,0
PB,Terrorist,-1668,471,-63.96875,Knife,100,0,0,0,0,False,False,False,255.2344,0
PB,Terrorist,-1668,471,-63.96875,Knife,100,0,0,0,0,False,False,False,255.2344,0
PB,Terrorist,-1668,471,-63.96875,Knife,100,0,0,0,0,False,False,False,255.2344,0
PB,Terrorist,-1668,471,-63.96875,Knife,100,0,0,0,0,False,False,False,255.2344,0
PB,Terrorist,-1668,471,-63.96875,Knife,100,0,0,0,0,False,False,False,255.2344,0
PB,Terrorist,-1668,471,-63.96875,Knife,100,0,0,0,0,False,False,False,255.2344,0
PB,Terrorist,-1668,471,-63.96875,Knife,100,0,0,0,0,False,False,False,255.2344,0
PB,Terrorist,-1668,471,-63.96875,Knife,100,0,0,0,0,False,False,False,255.2344,0
PB,Terrorist,-1668,471,-63.96875,Knife,100,0,0,0,0,False,False,False,255.2344,0
PB,Terrorist,-1668,471,-63.96875,Knife,100,0,0,0,0,False,False,False,255.2344,0
PB,Terrorist,-1668,471,-63.96875,Knife,100,0,0,0,0,False,False,False,255.2344,0
PB,Terrorist,-1668,471,-63.96875,Knife,100,0,0,0,0,False,False,False,255.2344,0
PB,Terrorist,-1668,471,-63.96875,Knife,100,0,0,0,0,False,False,False,255.2344,0
PB,Terrorist,-1668,471,-63.96875,Knife,100,0,0,0,0,False,False,False,255.2344,0
PB,Terrorist,-1668,471,-63.96875,Knife,100,0,0,0,0,False,False,False,255.2344,0
PB,Terrorist,-1668,471,-63.96875,Knife,100,0,0,0,0,False,False,False,255.2344,0
PB,Terrorist,-1668,471,-63.96875,Knife,100,0,0,0,0,False,False,False,255.2344,0
PB,Terrorist,-1668,471,-63.96875,Knife,100,0,0,0,0,False,False,False,255.2344,0
PB,Terrorist,-1668,471,-63.96875,Knife,100,0,0,0,0,False,False,False,255.2344,0
PB,Terrorist,-1668,471,-63.96875,Knife,100,0,0,0,0,False,False,False,255.2344,0
PB,Terrorist,-1668,471,-63.96875,Knife,100,0,0,0,0,False,False,False,255.2344,0
PB,Terrorist,-1668,471,-63.96875,Knife,100,0,0,0,0,False,False,False,255.2344,0
PB,Terrorist,-1668,471,-63.96875,Knife,100,0,0,0,0,False,False,False,255.2344,0
PB,Terrorist,-1668,471,-63.96875,Knife,100,0,0,0,0,False,False,False,255.2344,0
PB,Terrorist,-1668,471,-63.96875,Knife,100,0,0,0,0,False,False,False,258.75,0
PB,Terrorist,-1668,471,-63.96875,Knife,100,0,0,0,0,False,False,False,271.7578,0
PB,Terrorist,-1668,471,-63.96875,Knife,100,0,0,0,0,False,False,False,276.6797,0
PB,Terrorist,-1668,471,-63.96875,Knife,100,0,0,0,0,False,False,False,276.6797,0
PB,Terrorist,-1668,471,-63.96875,Knife,100,0,0,0,0,False,False,False,276.6797,0
PB,Terrorist,-1668,471,-63.96875,Knife,100,0,0,0,0,False,False,False,276.6797,0
PB,Terrorist,-1668,471,-63.96875,Knife,100,0,0,0,0,False,False,False,276.6797,0
PB,Terrorist,-1668,471,-63.96875,Knife,100,0,0,0,0,False,False,False,276.6797,0
PB,Terrorist,-1668,471,-63.96875,Knife,100,0,0,0,0,False,False,False,276.6797,0
PB,Terrorist,-1668,471,-63.96875,Knife,100,0,0,0,0,False,False,False,276.6797,0
PB,Terrorist,-1668,471,-63.96875,Knife,100,0,0,0,0,False,False,False,276.6797,0
PB,Terrorist,-1668,471,-63.96875,Knife,100,0,0,0,0,False,False,False,276.6797,0
PB,Terrorist,-1668,471,-63.96875,Knife,100,0,0,0,0,False,False,False,276.6797,0
PB,Terrorist,-1668,471,-63.96875,Knife,100,0,0,0,0,False,False,False,276.6797,0
PB,Terrorist,-1668,471,-63.96875,Knife,100,0,0,0,0,False,False,False,276.6797,0
PB,Terrorist,-1668,471,-63.96875,Knife,100,0,0,0,0,False,False,False,276.6797,0
PB,Terrorist,-1668,471,-63.96875,Knife,100,0,0,0,0,False,False,False,276.6797,0
PB,Terrorist,-1668,471,-63.96875,Knife,100,0,0,0,0,False,False,False,276.6797,0
PB,Terrorist,-1668,471,-63.96875,Knife,100,0,0,0,0,False,False,False,276.6797,0
PB,Terrorist,-1668,471,-63.96875,Knife,100,0,0,0,0,False,False,False,276.6797,0
PB,Terrorist,-1668,471,-63.96875,Knife,100,0,0,0,0,False,False,False,276.6797,0
PB,Terrorist,-1668,471,-63.96875,Knife,100,0,0,0,0,False,False,False,276.6797,0
PB,Terrorist,-1668,471,-63.96875,Knife,100,0,0,0,0,False,False,False,276.6797,0
PB,Terrorist,-1668,471,-63.96875,Knife,100,0,0,0,0,False,False,False,276.6797,0
PB,Terrorist,-1668,471,-63.96875,Knife,100,0,0,0,0,False,False,False,276.6797,0
PB,Terrorist,-1668,471,-63.96875,Knife,100,0,0,0,0,False,False,False,276.6797,0
PB,Terrorist,-1668,471,-63.96875,Knife,100,0,0,0,0,False,False,False,276.6797,0
PB,Terrorist,-1668,471,-63.96875,Knife,100,0,0,0,0,False,False,False,276.6797,0
PB,Terrorist,-1668,471,-63.96875,Knife,100,0,0,0,0,False,False,False,276.6797,0
PB,Terrorist,-1668,471,-63.96875,Knife,100,0,0,0,0,False,False,False,276.6797,0
PB,Terrorist,-1668,471,-63.96875,Knife,100,0,0,0,0,False,False,False,276.6797,0
PB,Terrorist,-1668,471,-63.96875,Knife,100,0,0,0,0,False,False,False,276.6797,0
PB,Terrorist,-1668,471,-63.96875,Knife,100,0,0,0,0,False,False,False,276.6797,0
PB,Terrorist,-1668,471,-63.96875,Knife,100,0,0,0,0,False,False,False,276.6797,0
PB,Terrorist,-1668,471,-63.96875,Knife,100,0,0,0,0,False,False,False,276.6797,0
PB,Terrorist,-1668,471,-63.96875,Knife,100,0,0,0,0,False,False,False,276.6797,0
PB,Terrorist,-1668,471,-63.96875,Knife,100,0,0,0,0,False,False,False,276.6797,0
PB,Terrorist,-1668,471,-63.96875,Knife,100,0,0,0,0,False,False,False,276.6797,0
PB,Terrorist,-1668,471,-63.96875,Knife,100,0,0,0,0,False,False,False,276.6797,0
PB,Terrorist,-1668,471,-63.96875,Knife,100,0,0,0,0,False,False,False,276.6797,0
PB,Terrorist,-1668,471,-63.96875,Knife,100,0,0,0,0,False,False,False,276.6797,0
PB,Terrorist,-1668,471,-63.96875,Knife,100,0,0,0,0,False,False,False,276.6797,0
PB,Terrorist,-1668,471,-63.96875,Knife,100,0,0,0,0,False,False,False,276.6797,0
PB,Terrorist,-1668,471,-63.96875,Knife,100,0,0,0,0,False,False,False,276.6797,0
PB,Terrorist,-1668,471,-63.96875,Knife,100,0,0,0,0,False,False,False,276.6797,0
PB,Terrorist,-1668,471,-63.96875,Knife,100,0,0,0,0,False,False,False,276.6797,0
PB,Terrorist,-1668,471,-63.96875,Knife,100,0,0,0,0,False,False,False,276.6797,0
PB,Terrorist,-1668,471,-63.96875,Knife,100,0,0,0,0,False,False,False,276.6797,0
PB,Terrorist,-1668,471,-63.96875,Knife,100,0,0,0,0,False,False,False,276.6797,0
PB,Terrorist,-1668,471,-63.96875,Knife,100,0,0,0,0,False,False,False,276.6797,0
PB,Terrorist,-1668,471,-63.96875,Knife,100,0,0,0,0,False,False,False,276.6797,0
PB,Terrorist,-1668,471,-63.96875,Knife,100,0,0,0,0,False,False,False,276.6797,0
PB,Terrorist,-1668,471,-63.96875,Knife,100,0,0,0,0,False,False,False,276.6797,0
PB,Terrorist,-1668,471,-63.96875,Knife,100,0,0,0,0,False,False,False,276.6797,0
PB,Terrorist,-1668,471,-63.96875,Knife,100,0,0,0,0,False,False,False,276.6797,0
PB,Terrorist,-1668,471,-63.96875,Knife,100,0,0,0,0,False,False,False,276.6797,0
PB,Terrorist,-1668,471,-63.96875,Knife,100,0,0,0,0,False,False,False,276.6797,0
PB,Terrorist,-1668,471,-63.96875,Knife,100,0,0,0,0,False,False,False,276.6797,0
PB,Terrorist,-1668,471,-63.96875,Knife,100,0,0,0,0,False,False,False,276.6797,0
PB,Terrorist,-1668,471,-63.96875,Knife,100,0,0,0,0,False,False,False,276.6797,0
PB,Terrorist,-1668,471,-63.96875,Knife,100,0,0,0,0,False,False,False,276.6797,0
PB,Terrorist,-1668,471,-63.96875,Knife,100,0,0,0,0,False,False,False,276.6797,0
PB,Terrorist,-1668,471,-63.96875,Knife,100,0,0,0,0,False,False,False,276.6797,0
PB,Terrorist,-1668,471,-63.96875,Knife,100,0,0,0,0,False,False,False,276.6797,0
PB,Terrorist,-1668,471,-63.96875,Knife,100,0,0,0,0,False,False,False,276.6797,0
PB,Terrorist,-1668,471,-63.96875,Knife,100,0,0,0,0,False,False,False,276.6797,0
PB,Terrorist,-1668,471,-63.96875,Knife,100,0,0,0,0,False,False,False,276.6797,0
PB,Terrorist,-1668,471,-63.96875,Knife,100,0,0,0,0,False,False,False,276.6797,0
PB,Terrorist,-1668,471,-63.96875,Knife,100,0,0,0,0,False,False,False,276.6797,0
PB,Terrorist,-1668,471,-63.96875,Knife,100,0,0,0,0,False,False,False,276.6797,0
PB,Terrorist,-1668,471,-63.96875,Knife,100,0,0,0,0,False,False,False,276.6797,0
PB,Terrorist,-1668,471,-63.96875,Knife,100,0,0,0,0,False,False,False,276.6797,0
PB,Terrorist,-1668,471,-63.96875,Knife,100,0,0,0,0,False,False,False,276.6797,0
PB,Terrorist,-1668,471,-63.96875,Knife,100,0,0,0,0,False,False,False,276.6797,0
PB,Terrorist,-1668,471,-63.96875,Knife,100,0,0,0,0,False,False,False,276.6797,0
PB,Terrorist,-1668,471,-63.96875,Knife,100,0,0,0,0,False,False,False,276.6797,0
PB,Terrorist,-1668,471,-63.96875,Knife,100,0,0,0,0,False,False,False,276.6797,0
PB,Terrorist,-1668,471,-63.96875,Knife,100,0,0,0,0,False,False,False,276.6797,0
PB,Terrorist,-1668,471,-63.96875,Knife,100,0,0,0,0,False,False,False,276.6797,0
PB,Terrorist,-1668,471,-63.96875,Knife,100,0,0,0,0,False,False,False,276.6797,0
PB,Terrorist,-1668,471,-63.96875,Knife,100,0,0,0,0,False,False,False,276.6797,0
PB,Terrorist,-1668,471,-63.96875,Knife,100,0,0,0,0,False,False,False,276.6797,0
PB,Terrorist,-1668,471,-63.96875,Knife,100,0,0,0,0,False,False,False,276.6797,0
PB,Terrorist,-1668,471,-63.96875,Knife,100,0,0,0,0,False,False,False,276.6797,0
PB,Terrorist,-1668,471,-63.96875,Knife,100,0,0,0,0,False,False,False,286.875,0
PB,Terrorist,-1668,471,-63.96875,Knife,100,0,0,0,0,False,False,False,299.8828,0
PB,Terrorist,-1668,471,-63.96875,Knife,100,0,0,0,0,False,False,False,309.375,0
PB,Terrorist,-1668,471,-63.96875,Knife,100,0,0,0,0,False,False,False,309.375,0
PB,Terrorist,-1668,471,-63.96875,Knife,100,0,0,0,0,False,False,False,309.375,0
PB,Terrorist,-1668,471,-63.96875,Knife,100,0,0,0,0,False,False,False,309.375,0
PB,Terrorist,-1668,471,-63.96875,Knife,100,0,0,0,0,False,False,False,309.375,0
PB,Terrorist,-1668,471,-63.96875,Knife,100,0,0,0,0,False,False,False,309.375,0
PB,Terrorist,-1668,471,-63.96875,Knife,100,0,0,0,0,False,False,False,309.375,0
PB,Terrorist,-1668,471,-63.96875,Knife,100,0,0,0,0,False,False,False,309.375,0
PB,Terrorist,-1668,471,-63.96875,Knife,100,0,0,0,0,False,False,False,309.375,0
PB,Terrorist,-1668,471,-63.96875,Knife,100,0,0,0,0,False,False,False,309.375,0
PB,Terrorist,-1668,471,-63.96875,Knife,100,0,0,0,0,False,False,False,309.375,0
PB,Terrorist,-1668,471,-63.96875,Knife,100,0,0,0,0,False,False,False,309.375,0
PB,Terrorist,-1668,471,-63.96875,Knife,100,0,0,0,0,False,False,False,309.375,0
PB,Terrorist,-1668,471,-63.96875,Knife,100,0,0,0,0,False,False,False,309.375,0
PB,Terrorist,-1668,471,-63.96875,Knife,100,0,0,0,0,False,False,False,309.375,0
PB,Terrorist,-1668,471,-63.96875,Knife,100,0,0,0,0,False,False,False,309.375,0
PB,Terrorist,-1668,471,-63.96875,Knife,100,0,0,0,0,False,False,False,309.375,0
PB,Terrorist,-1668,471,-63.96875,Knife,100,0,0,0,0,False,False,False,309.375,0
PB,Terrorist,-1668,471,-63.96875,Knife,100,0,0,0,0,False,False,False,309.375,0
PB,Terrorist,-1668,471,-63.96875,Knife,100,0,0,0,0,False,False,False,309.375,0
PB,Terrorist,-1668,471,-63.96875,Knife,100,0,0,0,0,False,False,False,309.375,0
PB,Terrorist,-1668,471,-63.96875,Knife,100,0,0,0,0,False,False,False,309.375,0
PB,Terrorist,-1668,471,-63.96875,Knife,100,0,0,0,0,False,False,False,309.375,0
PB,Terrorist,-1668,471,-63.96875,Knife,100,0,0,0,0,False,False,False,309.375,0
PB,Terrorist,-1668,471,-63.96875,Knife,100,0,0,0,0,False,False,False,309.375,0
PB,Terrorist,-1668,471,-63.96875,Knife,100,0,0,0,0,False,False,False,309.375,0
PB,Terrorist,-1668,471,-63.96875,Knife,100,0,0,0,0,False,False,False,309.375,0
PB,Terrorist,-1668,471,-63.96875,Knife,100,0,0,0,0,False,False,False,309.375,0
PB,Terrorist,-1668,471,-63.96875,Knife,100,0,0,0,0,False,False,False,309.375,0
PB,Terrorist,-1668,471,-63.96875,Knife,100,0,0,0,0,False,False,False,309.375,0
PB,Terrorist,-1668,471,-63.96875,Knife,100,0,0,0,0,False,False,False,309.375,0
PB,Terrorist,-1668,471,-63.96875,Knife,100,0,0,0,0,False,False,False,309.375,0
PB,Terrorist,-1668,471,-63.96875,Knife,100,0,0,0,0,False,False,False,309.375,0
PB,Terrorist,-1668,471,-63.96875,Knife,100,0,0,0,0,False,False,False,309.375,0
PB,Terrorist,-1668,471,-63.96875,Knife,100,0,0,0,0,False,False,False,309.375,0
PB,Terrorist,-1668,471,-63.96875,Knife,100,0,0,0,0,False,False,False,309.375,0
PB,Terrorist,-1668,471,-63.96875,Knife,100,0,0,0,0,False,False,False,309.375,0
PB,Terrorist,-1668,471,-63.96875,Knife,100,0,0,0,0,False,False,False,309.375,0
PB,Terrorist,-1668,471,-63.96875,Knife,100,0,0,0,0,False,False,False,309.375,0
PB,Terrorist,-1668,471,-63.96875,Knife,100,0,0,0,0,False,False,False,309.375,0
PB,Terrorist,-1668,471,-63.96875,Knife,100,0,0,0,0,False,False,False,309.375,0
PB,Terrorist,-1668,471,-63.96875,Knife,100,0,0,0,0,False,False,False,309.375,0
PB,Terrorist,-1668,471,-63.96875,Knife,100,0,0,0,0,False,False,False,309.375,0
PB,Terrorist,-1668,471,-63.96875,Knife,100,0,0,0,0,False,False,False,309.375,0
PB,Terrorist,-1668,471,-63.96875,Knife,100,0,0,0,0,False,False,False,309.375,0
PB,Terrorist,-1668,471,-63.96875,Knife,100,0,0,0,0,False,False,False,309.375,0
PB,Terrorist,-1668,471,-63.96875,Knife,100,0,0,0,0,False,False,False,309.375,0
PB,Terrorist,-1668,471,-63.96875,Knife,100,0,0,0,0,False,False,False,309.375,0
PB,Terrorist,-1668,471,-63.96875,Knife,100,0,0,0,0,False,False,False,309.375,0
PB,Terrorist,-1668,471,-63.96875,Knife,100,0,0,0,0,False,False,False,309.375,0
PB,Terrorist,-1668,471,-63.96875,Knife,100,0,0,0,0,False,False,False,309.375,0
PB,Terrorist,-1668,471,-63.96875,Knife,100,0,0,0,0,False,False,False,309.375,0
PB,Terrorist,-1668,471,-63.96875,Knife,100,0,0,0,0,False,False,False,309.375,0
PB,Terrorist,-1668,471,-63.96875,Knife,100,0,0,0,0,False,False,False,309.375,0
PB,Terrorist,-1668,471,-63.96875,Knife,100,0,0,0,0,False,False,False,309.375,0
PB,Terrorist,-1668,471,-63.96875,Knife,100,0,0,0,0,False,False,False,309.375,0
PB,Terrorist,-1668,471,-63.96875,Knife,100,0,0,0,0,False,False,False,309.375,0
PB,Terrorist,-1668,471,-63.96875,Knife,100,0,0,0,0,False,False,False,309.375,0
PB,Terrorist,-1668,471,-63.96875,Knife,100,0,0,0,0,False,False,False,313.2422,0
PB,Terrorist,-1668,471,-63.96875,Knife,100,0,0,0,0,False,False,False,325.8984,0
PB,Terrorist,-1668,471,-63.96875,Knife,100,0,0,0,0,False,False,False,325.8984,0
PB,Terrorist,-1668,471,-63.96875,Knife,100,0,0,0,0,False,False,False,325.8984,0
PB,Terrorist,-1668,471,-63.96875,Knife,100,0,0,0,0,False,False,False,325.8984,0
PB,Terrorist,-1668,471,-63.96875,Knife,100,0,0,0,0,False,False,False,325.8984,0
PB,Terrorist,-1668,471,-63.96875,Knife,100,0,0,0,0,False,False,False,325.8984,0
PB,Terrorist,-1668,471,-63.96875,Knife,100,0,0,0,0,False,False,False,325.8984,0
PB,Terrorist,-1668,471,-63.96875,Knife,100,0,0,0,0,False,False,False,325.8984,0
PB,Terrorist,-1668,471,-63.96875,Knife,100,0,0,0,0,False,False,False,325.8984,0
PB,Terrorist,-1668,471,-63.96875,Knife,100,0,0,0,0,False,False,False,325.8984,0
PB,Terrorist,-1668,471,-63.96875,Knife,100,0,0,0,0,False,False,False,325.8984,0
PB,Terrorist,-1668,471,-63.96875,Knife,100,0,0,0,0,False,False,False,325.8984,0
PB,Terrorist,-1668,471,-63.96875,Knife,100,0,0,0,0,False,False,False,325.8984,0
PB,Terrorist,-1668,471,-63.96875,Knife,100,0,0,0,0,False,False,False,325.8984,0
PB,Terrorist,-1668,471,-63.96875,Knife,100,0,0,0,0,False,False,False,325.8984,0
PB,Terrorist,-1668,471,-63.96875,Knife,100,0,0,0,0,False,False,False,325.8984,0
PB,Terrorist,-1668,471,-63.96875,Knife,100,0,0,0,0,False,False,False,325.8984,0
PB,Terrorist,-1668,471,-63.96875,Knife,100,0,0,0,0,False,False,False,325.8984,0
PB,Terrorist,-1668,471,-63.96875,Knife,100,0,0,0,0,False,False,False,325.8984,0
PB,Terrorist,-1668,471,-63.96875,Knife,100,0,0,0,0,False,False,False,325.8984,0
PB,Terrorist,-1668,471,-63.96875,Knife,100,0,0,0,0,False,False,False,325.8984,0
PB,Terrorist,-1668,471,-63.96875,Knife,100,0,0,0,0,False,False,False,325.8984,0
PB,Terrorist,-1668,471,-63.96875,Knife,100,0,0,0,0,False,False,False,325.8984,0
PB,Terrorist,-1668,471,-63.96875,Knife,100,0,0,0,0,False,False,False,325.8984,0
PB,Terrorist,-1668,471,-63.96875,Knife,100,0,0,0,0,False,False,False,325.8984,0
PB,Terrorist,-1668,471,-63.96875,Knife,100,0,0,0,0,False,False,False,325.8984,0
PB,Terrorist,-1668,471,-63.96875,Knife,100,0,0,0,0,False,False,False,325.8984,0
PB,Terrorist,-1668,471,-63.96875,Knife,100,0,0,0,0,False,False,False,325.8984,0
PB,Terrorist,-1668,471,-63.96875,Knife,100,0,0,0,0,False,False,False,325.8984,0
PB,Terrorist,-1668,471,-63.96875,Knife,100,0,0,0,0,False,False,False,325.8984,0
PB,Terrorist,-1668,471,-63.96875,Knife,100,0,0,0,0,False,False,False,325.8984,0
PB,Terrorist,-1668,471,-63.96875,Knife,100,0,0,0,0,False,False,False,325.8984,0
PB,Terrorist,-1668,471,-63.96875,Knife,100,0,0,0,0,False,False,False,325.8984,0
PB,Terrorist,-1668,471,-63.96875,Knife,100,0,0,0,0,False,False,False,325.8984,0
PB,Terrorist,-1668,471,-63.96875,Knife,100,0,0,0,0,False,False,False,325.8984,0
PB,Terrorist,-1668,471,-63.96875,Knife,100,0,0,0,0,False,False,False,325.8984,0
PB,Terrorist,-1668,471,-63.96875,Knife,100,0,0,0,0,False,False,False,325.8984,0
PB,Terrorist,-1668,471,-63.96875,Knife,100,0,0,0,0,False,False,False,325.8984,0
PB,Terrorist,-1668,471,-63.96875,Knife,100,0,0,0,0,False,False,False,325.8984,0
PB,Terrorist,-1668,471,-63.96875,Knife,100,0,0,0,0,False,False,False,325.8984,0
PB,Terrorist,-1668,471,-63.96875,Knife,100,0,0,0,0,False,False,False,325.8984,0
PB,Terrorist,-1668,471,-63.96875,Knife,100,0,0,0,0,False,False,False,325.8984,0
PB,Terrorist,-1668,471,-63.96875,Knife,100,0,0,0,0,False,False,False,325.8984,0
PB,Terrorist,-1668,471,-63.96875,Knife,100,0,0,0,0,False,False,False,325.8984,0
PB,Terrorist,-1668,471,-63.96875,Knife,100,0,0,0,0,False,False,False,325.8984,0
PB,Terrorist,-1668,471,-63.96875,Knife,100,0,0,0,0,False,False,False,325.8984,0
PB,Terrorist,-1668,471,-63.96875,Knife,100,0,0,0,0,False,False,False,325.8984,0
PB,Terrorist,-1668,471,-63.96875,Knife,100,0,0,0,0,False,False,False,325.8984,0
PB,Terrorist,-1668,471,-63.96875,Knife,100,0,0,0,0,False,False,False,325.8984,0
PB,Terrorist,-1668,471,-63.96875,Knife,100,0,0,0,0,False,False,False,325.8984,0
PB,Terrorist,-1668,471,-63.96875,Knife,100,0,0,0,0,False,False,False,325.8984,0
PB,Terrorist,-1668,471,-63.96875,Knife,100,0,0,0,0,False,False,False,325.8984,0
PB,Terrorist,-1668,471,-63.96875,Knife,100,0,0,0,0,False,False,False,325.8984,0
PB,Terrorist,-1668,471,-63.96875,Knife,100,0,0,0,0,False,False,False,325.8984,0
PB,Terrorist,-1668,471,-63.96875,Knife,100,0,0,0,0,False,False,False,325.8984,0
PB,Terrorist,-1668,471,-63.96875,Knife,100,0,0,0,0,False,False,False,325.8984,0
PB,Terrorist,-1668,471,-63.96875,Knife,100,0,0,0,0,False,False,False,325.8984,0
PB,Terrorist,-1668,471,-63.96875,Knife,100,0,0,0,0,False,False,False,325.8984,0
PB,Terrorist,-1668,471,-63.96875,Knife,100,0,0,0,0,False,False,False,325.8984,0
PB,Terrorist,-1668,471,-63.96875,Knife,100,0,0,0,0,False,False,False,325.8984,0
PB,Terrorist,-1668,471,-63.96875,Knife,100,0,0,0,0,False,False,False,325.8984,0
PB,Terrorist,-1668,471,-63.96875,Knife,100,0,0,0,0,False,False,False,325.8984,0
PB,Terrorist,-1668,471,-63.96875,Knife,100,0,0,0,0,False,False,False,325.8984,0
PB,Terrorist,-1668,471,-63.96875,Knife,100,0,0,0,0,False,False,False,325.8984,0
PB,Terrorist,-1668,471,-63.96875,Knife,100,0,0,0,0,False,False,False,325.8984,0
PB,Terrorist,-1668,471,-63.96875,Knife,100,0,0,0,0,False,False,False,325.8984,0
PB,Terrorist,-1668,471,-63.96875,Knife,100,0,0,0,0,False,False,False,325.8984,0
PB,Terrorist,-1668,471,-63.96875,Knife,100,0,0,0,0,False,False,False,325.8984,0
PB,Terrorist,-1668,471,-63.96875,Knife,100,0,0,0,0,False,False,False,325.8984,0
PB,Terrorist,-1668,471,-63.96875,Knife,100,0,0,0,0,False,False,False,325.8984,0
PB,Terrorist,-1668,471,-63.96875,Knife,100,0,0,0,0,False,False,False,325.8984,0
PB,Terrorist,-1668,471,-63.96875,Knife,100,0,0,0,0,False,False,False,325.8984,0
PB,Terrorist,-1668,471,-63.96875,Knife,100,0,0,0,0,False,False,False,325.8984,0
PB,Terrorist,-1668,471,-63.96875,Knife,100,0,0,0,0,False,False,False,325.8984,0
PB,Terrorist,-1668,471,-63.96875,Knife,100,0,0,0,0,False,False,False,325.8984,0
PB,Terrorist,-1668,471,-63.96875,Knife,100,0,0,0,0,False,False,False,325.8984,0
PB,Terrorist,-1668,471,-63.96875,Knife,100,0,0,0,0,False,False,False,325.8984,0
PB,Terrorist,-1668,471,-63.96875,Knife,100,0,0,0,0,False,False,False,325.8984,0
PB,Terrorist,-1668,471,-63.96875,Knife,100,0,0,0,0,False,False,False,325.8984,0
PB,Terrorist,-1668,471,-63.96875,Knife,100,0,0,0,0,False,False,False,325.8984,0
PB,Terrorist,-1668,471,-63.96875,Knife,100,0,0,0,0,False,False,False,325.8984,0
PB,Terrorist,-1668,471,-63.96875,Knife,100,0,0,0,0,False,False,False,325.8984,0
PB,Terrorist,-1668,471,-63.96875,Knife,100,0,0,0,0,False,False,False,325.8984,0
PB,Terrorist,-1668,471,-63.96875,Knife,100,0,0,0,0,False,False,False,325.8984,0
PB,Terrorist,-1668,471,-63.96875,Knife,100,0,0,0,0,False,False,False,325.8984,0
PB,Terrorist,-1668,471,-63.96875,Knife,100,0,0,0,0,False,False,False,325.8984,0
PB,Terrorist,-1668,471,-63.96875,Knife,100,0,0,0,0,False,False,False,325.8984,0
PB,Terrorist,-1668,471,-63.96875,Knife,100,0,0,0,0,False,False,False,325.8984,0
PB,Terrorist,-1668,471,-63.96875,Knife,100,0,0,0,0,False,False,False,325.8984,0
PB,Terrorist,-1668,471,-63.96875,Knife,100,0,0,0,0,False,False,False,325.8984,0
PB,Terrorist,-1668,471,-63.96875,Knife,100,0,0,0,0,False,False,False,325.8984,0
PB,Terrorist,-1668,471,-63.96875,Knife,100,0,0,0,0,False,False,False,325.8984,0
PB,Terrorist,-1668,471,-63.96875,Knife,100,0,0,0,0,False,False,False,325.8984,0
PB,Terrorist,-1668,471,-63.96875,Knife,100,0,0,0,0,False,False,False,325.8984,0
PB,Terrorist,-1668,471,-63.96875,Knife,100,0,0,0,0,False,False,False,325.8984,0
PB,Terrorist,-1668,471,-63.96875,Knife,100,0,0,0,0,False,False,False,325.8984,0
PB,Terrorist,-1668,471,-63.96875,Knife,100,0,0,0,0,False,False,False,325.8984,0
PB,Terrorist,-1668,471,-63.96875,Knife,100,0,0,0,0,False,False,False,325.8984,0
PB,Terrorist,-1668,471,-63.96875,Knife,100,0,0,0,0,False,False,False,325.8984,0
PB,Terrorist,-1668,471,-63.96875,Knife,100,0,0,0,0,False,False,False,325.8984,0
PB,Terrorist,-1668,471,-63.96875,Knife,100,0,0,0,0,False,False,False,325.8984,0
PB,Terrorist,-1668,471,-63.96875,Knife,100,0,0,0,0,False,False,False,325.8984,0
PB,Terrorist,-1668,471,-63.96875,Knife,100,0,0,0,0,False,False,False,325.8984,0
PB,Terrorist,-1668,471,-63.96875,Knife,100,0,0,0,0,False,False,False,325.8984,0
PB,Terrorist,-1668,471,-63.96875,Knife,100,0,0,0,0,False,False,False,325.8984,0
PB,Terrorist,-1668,471,-63.96875,Knife,100,0,0,0,0,False,False,False,325.8984,0
PB,Terrorist,-1668,471,-63.96875,Knife,100,0,0,0,0,False,False,False,325.8984,0
PB,Terrorist,-1668,471,-63.96875,Knife,100,0,0,0,0,False,False,False,325.8984,0
PB,Terrorist,-1668,471,-63.96875,Knife,100,0,0,0,0,False,False,False,325.8984,0
PB,Terrorist,-1668,471,-63.96875,Knife,100,0,0,0,0,False,False,False,325.8984,0
PB,Terrorist,-1668,471,-63.96875,Knife,100,0,0,0,0,False,False,False,325.8984,0
PB,Terrorist,-1668,471,-63.96875,Knife,100,0,0,0,0,False,False,False,325.8984,0
PB,Terrorist,-1668,471,-63.96875,Knife,100,0,0,0,0,False,False,False,325.8984,0
PB,Terrorist,-1668,471,-63.96875,Knife,100,0,0,0,0,False,False,False,325.8984,0
PB,Terrorist,-1668,471,-63.96875,Knife,100,0,0,0,0,False,False,False,325.8984,0
PB,Terrorist,-1668,471,-63.96875,Knife,100,0,0,0,0,False,False,False,325.8984,0
PB,Terrorist,-1668,471,-63.96875,Knife,100,0,0,0,0,False,False,False,325.8984,0
PB,Terrorist,-1668,471,-63.96875,Knife,100,0,0,0,0,False,False,False,325.8984,0
PB,Terrorist,-1668,471,-63.96875,Knife,100,0,0,0,0,False,False,False,325.8984,0
PB,Terrorist,-1668,471,-63.96875,Knife,100,0,0,0,0,False,False,False,325.8984,0
PB,Terrorist,-1668,471,-63.96875,Knife,100,0,0,0,0,False,False,False,325.8984,0
PB,Terrorist,-1668,471,-63.96875,Knife,100,0,0,0,0,False,False,False,325.8984,0
PB,Terrorist,-1668,471,-63.96875,Knife,100,0,0,0,0,False,False,False,325.8984,0
PB,Terrorist,-1668,471,-63.96875,Knife,100,0,0,0,0,False,False,False,325.8984,0
PB,Terrorist,-1668,471,-63.96875,Knife,100,0,0,0,0,False,False,False,325.8984,0
PB,Terrorist,-1668,471,-63.96875,Knife,100,0,0,0,0,False,False,False,325.8984,0
PB,Terrorist,-1668,471,-63.96875,Knife,100,0,0,0,0,False,False,False,325.8984,0
PB,Terrorist,-1668,471,-63.96875,Knife,100,0,0,0,0,False,False,False,325.8984,0
PB,Terrorist,-1668,471,-63.96875,Knife,100,0,0,0,0,False,False,False,325.8984,0
PB,Terrorist,-1668,471,-63.96875,Knife,100,0,0,0,0,False,False,False,325.8984,0
PB,Terrorist,-1668,471,-63.96875,Knife,100,0,0,0,0,False,False,False,325.8984,0
PB,Terrorist,-1668,471,-63.96875,Knife,100,0,0,0,0,False,False,False,325.8984,0
PB,Terrorist,-1668,471,-63.96875,Knife,100,0,0,0,0,False,False,False,325.8984,0
PB,Terrorist,-1668,471,-63.96875,Knife,100,0,0,0,0,False,False,False,325.8984,0
PB,Terrorist,-1668,471,-63.96875,Knife,100,0,0,0,0,False,False,False,325.8984,0
PB,Terrorist,-1668,471,-63.96875,Knife,100,0,0,0,0,False,False,False,325.8984,0
PB,Terrorist,-1668,471,-63.96875,Knife,100,0,0,0,0,False,False,False,325.8984,0
PB,Terrorist,-1668,471,-63.96875,Knife,100,0,0,0,0,False,False,False,325.8984,0
PB,Terrorist,-1668,471,-63.96875,Knife,100,0,0,0,0,False,False,False,325.8984,0
PB,Terrorist,-1668,471,-63.96875,Knife,100,0,0,0,0,False,False,False,325.8984,0
PB,Terrorist,-1668,471,-63.96875,Knife,100,0,0,0,0,False,False,False,325.8984,0
PB,Terrorist,-1668,471,-63.96875,Knife,100,0,0,0,0,False,False,False,325.8984,0
PB,Terrorist,-1668,471,-63.96875,Knife,100,0,0,0,0,False,False,False,325.8984,0
PB,Terrorist,-1668,471,-63.96875,Knife,100,0,0,0,0,False,False,False,325.8984,0
PB,Terrorist,-1668,471,-63.96875,Knife,100,0,0,0,0,False,False,False,325.8984,0
PB,Terrorist,-1668,471,-63.96875,Knife,100,0,0,0,0,False,False,False,325.8984,0
PB,Terrorist,-1668,471,-63.96875,Knife,100,0,0,0,0,False,False,False,325.8984,0
PB,Terrorist,-1668,471,-63.96875,Knife,100,0,0,0,0,False,False,False,325.8984,0
PB,Terrorist,-1668,471,-63.96875,Knife,100,0,0,0,0,False,False,False,325.8984,0
PB,Terrorist,-1668,471,-63.96875,Knife,100,0,0,0,0,False,False,False,325.8984,0
PB,Terrorist,-1668,471,-63.96875,Knife,100,0,0,0,0,False,False,False,325.8984,0
PB,Terrorist,-1668,471,-63.96875,Knife,100,0,0,0,0,False,False,False,325.8984,0
PB,Terrorist,-1668,471,-63.96875,Knife,100,0,0,0,0,False,False,False,325.8984,0
PB,Terrorist,-1668,471,-63.96875,Knife,100,0,0,0,0,False,False,False,325.8984,0
PB,Terrorist,-1668,471,-63.96875,Knife,100,0,0,0,0,False,False,False,325.8984,0
PB,Terrorist,-1668,471,-63.96875,Knife,100,0,0,0,0,False,False,False,325.8984,0
PB,Terrorist,-1668,471,-63.96875,Knife,100,0,0,0,0,False,False,False,325.8984,0
PB,Terrorist,-1668,471,-63.96875,Knife,100,0,0,0,0,False,False,False,325.8984,0
PB,Terrorist,-1668,471,-63.96875,Knife,100,0,0,0,0,False,False,False,325.8984,0
PB,Terrorist,-1668,471,-63.96875,Knife,100,0,0,0,0,False,False,False,325.8984,0
PB,Terrorist,-1668,471,-63.96875,Knife,100,0,0,0,0,False,False,False,325.8984,0
PB,Terrorist,-1668,471,-63.96875,Knife,100,0,0,0,0,False,False,False,325.8984,0
PB,Terrorist,-1668,471,-63.96875,Knife,100,0,0,0,0,False,False,False,325.8984,0
PB,Terrorist,-1668,471,-63.96875,Knife,100,0,0,0,0,False,False,False,325.8984,0
PB,Terrorist,-1668,471,-63.96875,Knife,100,0,0,0,0,False,False,False,325.8984,0
PB,Terrorist,-1668,471,-63.96875,Knife,100,0,0,0,0,False,False,False,325.8984,0
PB,Terrorist,-1668,471,-63.96875,Knife,100,0,0,0,0,False,False,False,325.8984,0
PB,Terrorist,-1668,471,-63.96875,Knife,100,0,0,0,0,False,False,False,325.8984,0
PB,Terrorist,-1668,471,-63.96875,Knife,100,0,0,0,0,False,False,False,325.8984,0
PB,Terrorist,-1668,471,-63.96875,Knife,100,0,0,0,0,False,False,False,325.8984,0
PB,Terrorist,-1668,471,-63.96875,Knife,100,0,0,0,0,False,False,False,325.8984,0
PB,Terrorist,-1668,471,-63.96875,Knife,100,0,0,0,0,False,False,False,325.8984,0
PB,Terrorist,-1668,471,-63.96875,Knife,100,0,0,0,0,False,False,False,325.8984,0
PB,Terrorist,-1668,471,-63.96875,Knife,100,0,0,0,0,False,False,False,325.8984,0
PB,Terrorist,-1668,471,-63.96875,Knife,100,0,0,0,0,False,False,False,325.8984,0
PB,Terrorist,-1668,471,-63.96875,Knife,100,0,0,0,0,False,False,False,325.8984,0
PB,Terrorist,-1668,471,-63.96875,Knife,100,0,0,0,0,False,False,False,325.8984,0
PB,Terrorist,-1668,471,-63.96875,Knife,100,0,0,0,0,False,False,False,325.8984,0
PB,Terrorist,-1668,471,-63.96875,Knife,100,0,0,0,0,False,False,False,325.8984,0
PB,Terrorist,-1668,471,-63.96875,Knife,100,0,0,0,0,False,False,False,325.8984,0
PB,Terrorist,-1668,471,-63.96875,Knife,100,0,0,0,0,False,False,False,325.8984,0
PB,Terrorist,-1668,471,-63.96875,Knife,100,0,0,0,0,False,False,False,325.8984,0
PB,Terrorist,-1668,471,-63.96875,Knife,100,0,0,0,0,False,False,False,325.8984,0
PB,Terrorist,-1668,471,-63.96875,Knife,100,0,0,0,0,False,False,False,325.8984,0
PB,Terrorist,-1668,471,-63.96875,Knife,100,0,0,0,0,False,False,False,325.8984,0
PB,Terrorist,-1668,471,-63.96875,Knife,100,0,0,0,0,False,False,False,325.8984,0
PB,Terrorist,-1668,471,-63.96875,Knife,100,0,0,0,0,False,False,False,325.8984,0
PB,Terrorist,-1668,471,-63.96875,Knife,100,0,0,0,0,False,False,False,325.8984,0
PB,Terrorist,-1668,471,-63.96875,Knife,100,0,0,0,0,False,False,False,325.8984,0
PB,Terrorist,-1668,471,-63.96875,Knife,100,0,0,0,0,False,False,False,325.8984,0
PB,Terrorist,-1668,471,-63.96875,Knife,100,0,0,0,0,False,False,False,325.8984,0
PB,Terrorist,-1668,471,-63.96875,Knife,100,0,0,0,0,False,False,False,325.8984,0
PB,Terrorist,-1668,471,-63.96875,Knife,100,0,0,0,0,False,False,False,325.8984,0
PB,Terrorist,-1668,471,-63.96875,Knife,100,0,0,0,0,False,False,False,325.8984,0
PB,Terrorist,-1668,471,-63.96875,Knife,100,0,0,0,0,False,False,False,325.8984,0
PB,Terrorist,-1668,471,-63.96875,Knife,100,0,0,0,0,False,False,False,325.8984,0
PB,Terrorist,-1668,471,-63.96875,Knife,100,0,0,0,0,False,False,False,325.8984,0
PB,Terrorist,-1668,471,-63.96875,Knife,100,0,0,0,0,False,False,False,325.8984,0
PB,Terrorist,-1668,471,-63.96875,Knife,100,0,0,0,0,False,False,False,325.8984,0
PB,Terrorist,-1668,471,-63.96875,Knife,100,0,0,0,0,False,False,False,325.8984,0
PB,Terrorist,-1668,471,-63.96875,Knife,100,0,0,0,0,False,False,False,325.8984,0
PB,Terrorist,-1668,471,-63.96875,Knife,100,0,0,0,0,False,False,False,325.8984,0
PB,Terrorist,-1668,471,-63.96875,Knife,100,0,0,0,0,False,False,False,325.8984,0
PB,Terrorist,-1668,471,-63.96875,Knife,100,0,0,0,0,False,False,False,325.8984,0
PB,Terrorist,-1668,471,-63.96875,Knife,100,0,0,0,0,False,False,False,325.8984,0
PB,Terrorist,-1668,471,-63.96875,Knife,100,0,0,0,0,False,False,False,325.8984,0
PB,Terrorist,-1668,471,-63.96875,Knife,100,0,0,0,0,False,False,False,325.8984,0
PB,Terrorist,-1668,471,-63.96875,Knife,100,0,0,0,0,False,False,False,325.8984,0
PB,Terrorist,-1668,471,-63.96875,Knife,100,0,0,0,0,False,False,False,325.8984,0
PB,Terrorist,-1668,471,-63.96875,Knife,100,0,0,0,0,False,False,False,325.8984,0
PB,Terrorist,-1668,471,-63.96875,Knife,100,0,0,0,0,False,False,False,325.8984,0
PB,Terrorist,-1668,471,-63.96875,Knife,100,0,0,0,0,False,False,False,325.8984,0
PB,Terrorist,-1668,471,-63.96875,Knife,100,0,0,0,0,False,False,False,325.8984,0
PB,Terrorist,-1668,471,-63.96875,Knife,100,0,0,0,0,False,False,False,325.8984,0
PB,Terrorist,-1668,471,-63.96875,Knife,100,0,0,0,0,False,False,False,325.8984,0
PB,Terrorist,-1668,471,-63.96875,Knife,100,0,0,0,0,False,False,False,325.8984,0
PB,Terrorist,-1668,471,-63.96875,Knife,100,0,0,0,0,False,False,False,325.8984,0
PB,Terrorist,-1668,471,-63.96875,Knife,100,0,0,0,0,False,False,False,325.8984,0
PB,Terrorist,-1668,471,-63.96875,Knife,100,0,0,0,0,False,False,False,325.8984,0
PB,Terrorist,-1668,471,-63.96875,Knife,100,0,0,0,0,False,False,False,325.8984,0
PB,Terrorist,-1668,471,-63.96875,Knife,100,0,0,0,0,False,False,False,325.8984,0
PB,Terrorist,-1668,471,-63.96875,Knife,100,0,0,0,0,False,False,False,325.8984,0
PB,Terrorist,-1668,471,-63.96875,Knife,100,0,0,0,0,False,False,False,325.8984,0
PB,Terrorist,-1668,471,-63.96875,Knife,100,0,0,0,0,False,False,False,325.8984,0
PB,Terrorist,-1668,471,-63.96875,Knife,100,0,0,0,0,False,False,False,325.8984,0
PB,Terrorist,-1668,471,-63.96875,Knife,100,0,0,0,0,False,False,False,325.8984,0
PB,Terrorist,-1668,471,-63.96875,Knife,100,0,0,0,0,False,False,False,325.8984,0
PB,Terrorist,-1668,471,-63.96875,Knife,100,0,0,0,0,False,False,False,325.8984,0
PB,Terrorist,-1668,471,-63.96875,Knife,100,0,0,0,0,False,False,False,325.8984,0
PB,Terrorist,-1668,471,-63.96875,Knife,100,0,0,0,0,False,False,False,325.8984,0
PB,Terrorist,-1668,471,-63.96875,Knife,100,0,0,0,0,False,False,False,325.8984,0
PB,Terrorist,-1668,471,-63.96875,Knife,100,0,0,0,0,False,False,False,325.8984,0
PB,Terrorist,-1668,471,-63.96875,Knife,100,0,0,0,0,False,False,False,325.8984,0
PB,Terrorist,-1668,471,-63.96875,Knife,100,0,0,0,0,False,False,False,325.8984,0
PB,Terrorist,-1668,471,-63.96875,Knife,100,0,0,0,0,False,False,False,325.8984,0
PB,Terrorist,-1668,471,-63.96875,Knife,100,0,0,0,0,False,False,False,325.8984,0
PB,Terrorist,-1668,471,-63.96875,Knife,100,0,0,0,0,False,False,False,325.8984,0
PB,Terrorist,-1668,471,-63.96875,Knife,100,0,0,0,0,False,False,False,325.8984,0
PB,Terrorist,-1668,471,-63.96875,Knife,100,0,0,0,0,False,False,False,325.8984,0
PB,Terrorist,-1668,471,-63.96875,Knife,100,0,0,0,0,False,False,False,325.8984,0
PB,Terrorist,-1668,471,-63.96875,Knife,100,0,0,0,0,False,False,False,325.8984,0
PB,Terrorist,-1668,471,-63.96875,Knife,100,0,0,0,0,False,False,False,325.8984,0
PB,Terrorist,-1668,471,-63.96875,Knife,100,0,0,0,0,False,False,False,325.8984,0
PB,Terrorist,-1668,471,-63.96875,Knife,100,0,0,0,0,False,False,False,325.8984,0
PB,Terrorist,-1668,471,-63.96875,Knife,100,0,0,0,0,False,False,False,325.8984,0
PB,Terrorist,-1668,471,-63.96875,Knife,100,0,0,0,0,False,False,False,325.8984,0
PB,Terrorist,-1668,471,-63.96875,Knife,100,0,0,0,0,False,False,False,325.8984,0
PB,Terrorist,-1668,471,-63.96875,Knife,100,0,0,0,0,False,False,False,325.8984,0
PB,Terrorist,-1668,471,-63.96875,Knife,100,0,0,0,0,False,False,False,325.8984,0
PB,Terrorist,-1668,471,-63.96875,Knife,100,0,0,0,0,False,False,False,325.8984,0
PB,Terrorist,-1668,471,-63.96875,Knife,100,0,0,0,0,False,False,False,325.8984,0
PB,Terrorist,-1668,471,-63.96875,Knife,100,0,0,0,0,False,False,False,325.8984,0
PB,Terrorist,-1668,471,-63.96875,Knife,100,0,0,0,0,False,False,False,325.8984,0
PB,Terrorist,-1668,471,-63.96875,Knife,100,0,0,0,0,False,False,False,325.8984,0
PB,Terrorist,-1668,471,-63.96875,Knife,100,0,0,0,0,False,False,False,325.8984,0
PB,Terrorist,-1668,471,-63.96875,Knife,100,0,0,0,0,False,False,False,325.8984,0
PB,Terrorist,-1668,471,-63.96875,Knife,100,0,0,0,0,False,False,False,325.8984,0
PB,Terrorist,-1668,471,-63.96875,Knife,100,0,0,0,0,False,False,False,325.8984,0
PB,Terrorist,-1668,471,-63.96875,Knife,100,0,0,0,0,False,False,False,325.8984,0
PB,Terrorist,-1668,471,-63.96875,Knife,100,0,0,0,0,False,False,False,325.8984,0
PB,Terrorist,-1668,471,-63.96875,Knife,100,0,0,0,0,False,False,False,325.8984,0
PB,Terrorist,-1668,471,-63.96875,Knife,100,0,0,0,0,False,False,False,325.8984,0
PB,Terrorist,-1668,471,-63.96875,Knife,100,0,0,0,0,False,False,False,325.8984,0
PB,Terrorist,-1668,471,-63.96875,Knife,100,0,0,0,0,False,False,False,325.8984,0
PB,Terrorist,-1668,471,-63.96875,Knife,100,0,0,0,0,False,False,False,325.8984,0
PB,Terrorist,-1668,471,-63.96875,Knife,100,0,0,0,0,False,False,False,325.8984,0
PB,Terrorist,-1668,471,-63.96875,Knife,100,0,0,0,0,False,False,False,325.8984,0
PB,Terrorist,-1668,471,-63.96875,Knife,100,0,0,0,0,False,False,False,325.8984,0
PB,Terrorist,-1668,471,-63.96875,Knife,100,0,0,0,0,False,False,False,325.8984,0
PB,Terrorist,-1668,471,-63.96875,Knife,100,0,0,0,0,False,False,False,325.8984,0
PB,Terrorist,-1668,471,-63.96875,Knife,100,0,0,0,0,False,False,False,325.8984,0
PB,Terrorist,-1668,471,-63.96875,Knife,100,0,0,0,0,False,False,False,325.8984,0
PB,Terrorist,-1668,471,-63.96875,Knife,100,0,0,0,0,False,False,False,325.8984,0
PB,Terrorist,-1668,471,-63.96875,Knife,100,0,0,0,0,False,False,False,325.8984,0
PB,Terrorist,-1668,471,-63.96875,Knife,100,0,0,0,0,False,False,False,325.8984,0
PB,Terrorist,-1668,471,-63.96875,Knife,100,0,0,0,0,False,False,False,325.8984,0
PB,Terrorist,-1668,471,-63.96875,Knife,100,0,0,0,0,False,False,False,325.8984,0
PB,Terrorist,-1668,471,-63.96875,Knife,100,0,0,0,0,False,False,False,325.8984,0
PB,Terrorist,-1668,471,-63.96875,Knife,100,0,0,0,0,False,False,False,325.8984,0
PB,Terrorist,-1668,471,-63.96875,Knife,100,0,0,0,0,False,False,False,325.8984,0
PB,Terrorist,-1668,471,-63.96875,Knife,100,0,0,0,0,False,False,False,325.8984,0
PB,Terrorist,-1668,471,-63.96875,Knife,100,0,0,0,0,False,False,False,325.8984,0
PB,Terrorist,-1668,471,-63.96875,Knife,100,0,0,0,0,False,False,False,325.8984,0
PB,Terrorist,-1668,471,-63.96875,Knife,100,0,0,0,0,False,False,False,325.8984,0
PB,Terrorist,-1668,471,-63.96875,Knife,100,0,0,0,0,False,False,False,325.8984,0
PB,Terrorist,-1668,471,-63.96875,Knife,100,0,0,0,0,False,False,False,325.8984,0
PB,Terrorist,-1668,471,-63.96875,Knife,100,0,0,0,0,False,False,False,325.8984,0
PB,Terrorist,-1668,471,-63.96875,Knife,100,0,0,0,0,False,False,False,325.8984,0
PB,Terrorist,-1668,471,-63.96875,Knife,100,0,0,0,0,False,False,False,325.8984,0
PB,Terrorist,-1668,471,-63.96875,Knife,100,0,0,0,0,False,False,False,325.8984,0
PB,Terrorist,-1668,471,-63.96875,Knife,100,0,0,0,0,False,False,False,325.8984,0
PB,Terrorist,-1668,471,-63.96875,Knife,100,0,0,0,0,False,False,False,325.8984,0
PB,Terrorist,-1668,471,-63.96875,Knife,100,0,0,0,0,False,False,False,325.8984,0
PB,Terrorist,-1668,471,-63.96875,Knife,100,0,0,0,0,False,False,False,325.8984,0
PB,Terrorist,-1668,471,-63.96875,Knife,100,0,0,0,0,False,False,False,325.8984,0
PB,Terrorist,-1668,471,-63.96875,Knife,100,0,0,0,0,False,False,False,325.8984,0
PB,Terrorist,-1668,471,-63.96875,Knife,100,0,0,0,0,False,False,False,325.8984,0
PB,Terrorist,-1668,471,-63.96875,Knife,100,0,0,0,0,False,False,False,325.8984,0
PB,Terrorist,-1668,471,-63.96875,Knife,100,0,0,0,0,False,False,False,325.8984,0
PB,Terrorist,-1668,471,-63.96875,Knife,100,0,0,0,0,False,False,False,325.8984,0
PB,Terrorist,-1668,471,-63.96875,Knife,100,0,0,0,0,False,False,False,325.8984,0
PB,Terrorist,-1668,471,-63.96875,Knife,100,0,0,0,0,False,False,False,325.8984,0
PB,Terrorist,-1668,471,-63.96875,Knife,100,0,0,0,0,False,False,False,325.8984,0
PB,Terrorist,-1668,471,-63.96875,Knife,100,0,0,0,0,False,False,False,325.8984,0
PB,Terrorist,-1668,471,-63.96875,Knife,100,0,0,0,0,False,False,False,325.8984,0
PB,Terrorist,-1668,471,-63.96875,Knife,100,0,0,0,0,False,False,False,325.8984,0
PB,Terrorist,-1668,471,-63.96875,Knife,100,0,0,0,0,False,False,False,325.8984,0
PB,Terrorist,-1668,471,-63.96875,Knife,100,0,0,0,0,False,False,False,325.8984,0
PB,Terrorist,-1668,471,-63.96875,Knife,100,0,0,0,0,False,False,False,325.8984,0
PB,Terrorist,-1668,471,-63.96875,Knife,100,0,0,0,0,False,False,False,325.8984,0
PB,Terrorist,-1668,471,-63.96875,Knife,100,0,0,0,0,False,False,False,325.8984,0
PB,Terrorist,-1668,471,-63.96875,Knife,100,0,0,0,0,False,False,False,325.8984,0
PB,Terrorist,-1668,471,-63.96875,Knife,100,0,0,0,0,False,False,False,325.8984,0
PB,Terrorist,-1668,471,-63.96875,Knife,100,0,0,0,0,False,False,False,325.8984,0
PB,Terrorist,-1668,471,-63.96875,Knife,100,0,0,0,0,False,False,False,325.8984,0
PB,Terrorist,-1668,471,-63.96875,Knife,100,0,0,0,0,False,False,False,325.8984,0
PB,Terrorist,-1668,471,-63.96875,Knife,100,0,0,0,0,False,False,False,325.8984,0
PB,Terrorist,-1668,471,-63.96875,Knife,100,0,0,0,0,False,False,False,325.8984,0
PB,Terrorist,-1668,471,-63.96875,Knife,100,0,0,0,0,False,False,False,325.8984,0
PB,Terrorist,-1668,471,-63.96875,Knife,100,0,0,0,0,False,False,False,325.8984,0
PB,Terrorist,-1668,471,-63.96875,Knife,100,0,0,0,0,False,False,False,325.8984,0
PB,Terrorist,-1668,471,-63.96875,Knife,100,0,0,0,0,False,False,False,325.8984,0
PB,Terrorist,-1668,471,-63.96875,Knife,100,0,0,0,0,False,False,False,325.8984,0
PB,Terrorist,-1668,471,-63.96875,Knife,100,0,0,0,0,False,False,False,325.8984,0
PB,Terrorist,-1668,471,-63.96875,Knife,100,0,0,0,0,False,False,False,325.8984,0
PB,Terrorist,-1668,471,-63.96875,Knife,100,0,0,0,0,False,False,False,325.8984,0
PB,Terrorist,-1668,471,-63.96875,Knife,100,0,0,0,0,False,False,False,325.8984,0
PB,Terrorist,-1668,471,-63.96875,Knife,100,0,0,0,0,False,False,False,325.8984,0
PB,Terrorist,-1668,471,-63.96875,Knife,100,0,0,0,0,False,False,False,325.8984,0
PB,Terrorist,-1668,471,-63.96875,Knife,100,0,0,0,0,False,False,False,325.8984,0
PB,Terrorist,-1668,471,-63.96875,Knife,100,0,0,0,0,False,False,False,325.8984,0
PB,Terrorist,-1668,471,-63.96875,Knife,100,0,0,0,0,False,False,False,325.8984,0
PB,Terrorist,-1668,471,-63.96875,Knife,100,0,0,0,0,False,False,False,325.8984,0
PB,Terrorist,-1668,471,-63.96875,Knife,100,0,0,0,0,False,False,False,325.8984,0
PB,Terrorist,-1668,471,-63.96875,Knife,100,0,0,0,0,False,False,False,325.8984,0
PB,Terrorist,-1668,471,-63.96875,Knife,100,0,0,0,0,False,False,False,325.8984,0
PB,Terrorist,-1668,471,-63.96875,Knife,100,0,0,0,0,False,False,False,325.8984,0
PB,Terrorist,-1668,471,-63.96875,Knife,100,0,0,0,0,False,False,False,325.8984,0
PB,Terrorist,-1668,471,-63.96875,Knife,100,0,0,0,0,False,False,False,325.8984,0
PB,Terrorist,-1668,471,-63.96875,Knife,100,0,0,0,0,False,False,False,325.8984,0
PB,Terrorist,-1668,471,-63.96875,Knife,100,0,0,0,0,False,False,False,325.8984,0
PB,Terrorist,-1668,471,-63.96875,Knife,100,0,0,0,0,False,False,False,325.8984,0
PB,Terrorist,-1668,471,-63.96875,Knife,100,0,0,0,0,False,False,False,325.8984,0
PB,Terrorist,-1668,471,-63.96875,Knife,100,0,0,0,0,False,False,False,325.8984,0
PB,Terrorist,-1668,471,-63.96875,Knife,100,0,0,0,0,False,False,False,325.8984,0
PB,Terrorist,-1668,471,-63.96875,Knife,100,0,0,0,0,False,False,False,325.8984,0
PB,Terrorist,-1668,471,-63.96875,Knife,100,0,0,0,0,False,False,False,325.8984,0
PB,Terrorist,-1668,471,-63.96875,Knife,100,0,0,0,0,False,False,False,325.8984,0
PB,Terrorist,-1668,471,-63.96875,Knife,100,0,0,0,0,False,False,False,325.8984,0
PB,Terrorist,-1668,471,-63.96875,Knife,100,0,0,0,0,False,False,False,325.8984,0
PB,Terrorist,-1668,471,-63.96875,Knife,100,0,0,0,0,False,False,False,325.8984,0
PB,Terrorist,-1668,471,-63.96875,Knife,100,0,0,0,0,False,False,False,325.8984,0
PB,Terrorist,-1668,471,-63.96875,Knife,100,0,0,0,0,False,False,False,325.8984,0
PB,Terrorist,-1668,471,-63.96875,Knife,100,0,0,0,0,False,False,False,325.8984,0
PB,Terrorist,-1668,471,-63.96875,Knife,100,0,0,0,0,False,False,False,325.8984,0
PB,Terrorist,-1668,471,-63.96875,Knife,100,0,0,0,0,False,False,False,325.8984,0
PB,Terrorist,-1668,471,-63.96875,Knife,100,0,0,0,0,False,False,False,325.8984,0
PB,Terrorist,-1668,471,-63.96875,Knife,100,0,0,0,0,False,False,False,325.8984,0
PB,Terrorist,-1668,471,-63.96875,Knife,100,0,0,0,0,False,False,False,325.8984,0
PB,Terrorist,-1668,471,-63.96875,Knife,100,0,0,0,0,False,False,False,325.8984,0
PB,Terrorist,-1668,471,-63.96875,Knife,100,0,0,0,0,False,False,False,325.8984,0
PB,Terrorist,-1668,471,-63.96875,Knife,100,0,0,0,0,False,False,False,325.8984,0
PB,Terrorist,-1668,471,-63.96875,Knife,100,0,0,0,0,False,False,False,325.8984,0
PB,Terrorist,-1668,471,-63.96875,Knife,100,0,0,0,0,False,False,False,325.8984,0
PB,Terrorist,-1668,471,-63.96875,Knife,100,0,0,0,0,False,False,False,325.8984,0
PB,Terrorist,-1668,471,-63.96875,Knife,100,0,0,0,0,False,False,False,325.8984,0
PB,Terrorist,-1668,471,-63.96875,Knife,100,0,0,0,0,False,False,False,325.8984,0
PB,Terrorist,-1668,471,-63.96875,Knife,100,0,0,0,0,False,False,False,325.8984,0
PB,Terrorist,-1668,471,-63.96875,Knife,100,0,0,0,0,False,False,False,325.8984,0
PB,Terrorist,-1668,471,-63.96875,Knife,100,0,0,0,0,False,False,False,325.8984,0
PB,Terrorist,-1668,471,-63.96875,Knife,100,0,0,0,0,False,False,False,325.8984,0
PB,Terrorist,-1668,471,-63.96875,Knife,100,0,0,0,0,False,False,False,325.8984,0
PB,Terrorist,-1668,471,-63.96875,Knife,100,0,0,0,0,False,False,False,325.8984,0
PB,Terrorist,-1668,471,-63.96875,Knife,100,0,0,0,0,False,False,False,325.8984,0
PB,Terrorist,-1668,471,-63.96875,Knife,100,0,0,0,0,False,False,False,325.8984,0
PB,Terrorist,-1668,471,-63.96875,Knife,100,0,0,0,0,False,False,False,325.8984,0
PB,Terrorist,-1668,471,-63.96875,Knife,100,0,0,0,0,False,False,False,325.8984,0
PB,Terrorist,-1668,471,-63.96875,Knife,100,0,0,0,0,False,False,False,325.8984,0
PB,Terrorist,-1668,471,-63.96875,Knife,100,0,0,0,0,False,False,False,325.8984,0
PB,Terrorist,-1668,471,-63.96875,Knife,100,0,0,0,0,False,False,False,325.8984,0
PB,Terrorist,-1668,471,-63.96875,Knife,100,0,0,0,0,False,False,False,325.8984,0
PB,Terrorist,-1668,471,-63.96875,Knife,100,0,0,0,0,False,False,False,325.8984,0
PB,Terrorist,-1668,471,-63.96875,Knife,100,0,0,0,0,False,False,False,325.8984,0
PB,Terrorist,-1668,471,-63.96875,Knife,100,0,0,0,0,False,False,False,325.8984,0
PB,Terrorist,-1668,471,-63.96875,Knife,100,0,0,0,0,False,False,False,325.8984,0
PB,Terrorist,-1668,471,-63.96875,Knife,100,0,0,0,0,False,False,False,325.8984,0
PB,Terrorist,-1668,471,-63.96875,Knife,100,0,0,0,0,False,False,False,325.8984,0
PB,Terrorist,-1668,471,-63.96875,Knife,100,0,0,0,0,False,False,False,325.8984,0
PB,Terrorist,-1668,471,-63.96875,Knife,100,0,0,0,0,False,False,False,325.8984,0
PB,Terrorist,-1668,471,-63.96875,Knife,100,0,0,0,0,False,False,False,325.8984,0
PB,Terrorist,-1668,471,-63.96875,Knife,100,0,0,0,0,False,False,False,325.8984,0
PB,Terrorist,-1668,471,-63.96875,Knife,100,0,0,0,0,False,False,False,325.8984,0
PB,Terrorist,-1668,471,-63.96875,Knife,100,0,0,0,0,False,False,False,325.8984,0
PB,Terrorist,-1668,471,-63.96875,Knife,100,0,0,0,0,False,False,False,325.8984,0
PB,Terrorist,-1668,471,-63.96875,Knife,100,0,0,0,0,False,False,False,325.8984,0
PB,Terrorist,-1668,471,-63.96875,Knife,100,0,0,0,0,False,False,False,325.8984,0
PB,Terrorist,-1668,471,-63.96875,Knife,100,0,0,0,0,False,False,False,325.8984,0
PB,Terrorist,-1668,471,-63.96875,Knife,100,0,0,0,0,False,False,False,325.8984,0
PB,Terrorist,-1668,471,-63.96875,Knife,100,0,0,0,0,False,False,False,325.8984,0
PB,Terrorist,-1668,471,-63.96875,Knife,100,0,0,0,0,False,False,False,325.8984,0
PB,Terrorist,-1668,471,-63.96875,Knife,100,0,0,0,0,False,False,False,325.8984,0
PB,Terrorist,-1668,471,-63.96875,Knife,100,0,0,0,0,False,False,False,325.8984,0
PB,Terrorist,-1668,471,-63.96875,Knife,100,0,0,0,0,False,False,False,325.8984,0
PB,Terrorist,-1668,471,-63.96875,Knife,100,0,0,0,0,False,False,False,325.8984,0
PB,Terrorist,-1668,471,-63.96875,Knife,100,0,0,0,0,False,False,False,325.8984,0
PB,Terrorist,-1668,471,-63.96875,Knife,100,0,0,0,0,False,False,False,325.8984,0
PB,Terrorist,-1668,471,-63.96875,Knife,100,0,0,0,0,False,False,False,325.8984,0
PB,Terrorist,-1668,471,-63.96875,Knife,100,0,0,0,0,False,False,False,325.8984,0
PB,Terrorist,-1668,471,-63.96875,Knife,100,0,0,0,0,False,False,False,325.8984,0
PB,Terrorist,-1668,471,-63.96875,Knife,100,0,0,0,0,False,False,False,325.8984,0
PB,Terrorist,-1668,471,-63.96875,Knife,100,0,0,0,0,False,False,False,325.8984,0
PB,Terrorist,-1668,471,-63.96875,Knife,100,0,0,0,0,False,False,False,325.8984,0
PB,Terrorist,-1668,471,-63.96875,Knife,100,0,0,0,0,False,False,False,325.8984,0
PB,Terrorist,-1668,471,-63.96875,Knife,100,0,0,0,0,False,False,False,325.8984,0
PB,Terrorist,-1668,471,-63.96875,Knife,100,0,0,0,0,False,False,False,325.8984,0
PB,Terrorist,-1668,471,-63.96875,Knife,100,0,0,0,0,False,False,False,325.8984,0
PB,Terrorist,-1668,471,-63.96875,Knife,100,0,0,0,0,False,False,False,325.8984,0
PB,Terrorist,-1668,471,-63.96875,Knife,100,0,0,0,0,False,False,False,325.8984,0
PB,Terrorist,-1668,471,-63.96875,Knife,100,0,0,0,0,False,False,False,325.8984,0
PB,Terrorist,-1668,471,-63.96875,Knife,100,0,0,0,0,False,False,False,325.8984,0
PB,Terrorist,-1668,471,-63.96875,Knife,100,0,0,0,0,False,False,False,325.8984,0
PB,Terrorist,-1668,471,-63.96875,Knife,100,0,0,0,0,False,False,False,325.8984,0
PB,Terrorist,-1668,471,-63.96875,Knife,100,0,0,0,0,False,False,False,325.8984,0
PB,Terrorist,-1668,471,-63.96875,Knife,100,0,0,0,0,False,False,False,325.8984,0
PB,Terrorist,-1668,471,-63.96875,Knife,100,0,0,0,0,False,False,False,325.8984,0
PB,Terrorist,-1668,471,-63.96875,Knife,100,0,0,0,0,False,False,False,325.8984,0
PB,Terrorist,-1668,471,-63.96875,Knife,100,0,0,0,0,False,False,False,325.8984,0
PB,Terrorist,-1668,471,-63.96875,Knife,100,0,0,0,0,False,False,False,325.8984,0
PB,Terrorist,-1668,471,-63.96875,Knife,100,0,0,0,0,False,False,False,325.8984,0
PB,Terrorist,-1668,471,-63.96875,Knife,100,0,0,0,0,False,False,False,325.8984,0
PB,Terrorist,-1668,471,-63.96875,Knife,100,0,0,0,0,False,False,False,325.8984,0
PB,Terrorist,-1668,471,-63.96875,Knife,100,0,0,0,0,False,False,False,325.8984,0
PB,Terrorist,-1668,471,-63.96875,Knife,100,0,0,0,0,False,False,False,325.8984,0
PB,Terrorist,-1668,471,-63.96875,Knife,100,0,0,0,0,False,False,False,325.8984,0
PB,Terrorist,-1668,471,-63.96875,Knife,100,0,0,0,0,False,False,False,325.8984,0
PB,Terrorist,-1668,471,-63.96875,Knife,100,0,0,0,0,False,False,False,325.8984,0
PB,Terrorist,-1668,471,-63.96875,Knife,100,0,0,0,0,False,False,False,325.8984,0
PB,Terrorist,-1668,471,-63.96875,Knife,100,0,0,0,0,False,False,False,325.8984,0
PB,Terrorist,-1668,471,-63.96875,Knife,100,0,0,0,0,False,False,False,325.8984,0
PB,Terrorist,-1668,471,-63.96875,Knife,100,0,0,0,0,False,False,False,325.8984,0
PB,Terrorist,-1668,471,-63.96875,Knife,100,0,0,0,0,False,False,False,325.8984,0
PB,Terrorist,-1668,471,-63.96875,Knife,100,0,0,0,0,False,False,False,325.8984,0
PB,Terrorist,-1668,471,-63.96875,Knife,100,0,0,0,0,False,False,False,325.8984,0
PB,Terrorist,-1668,471,-63.96875,Knife,100,0,0,0,0,False,False,False,325.8984,0
PB,Terrorist,-1668,471,-63.96875,Knife,100,0,0,0,0,False,False,False,325.8984,0
PB,Terrorist,-1668,471,-63.96875,Knife,100,0,0,0,0,False,False,False,325.8984,0
PB,Terrorist,-1668,471,-63.96875,Knife,100,0,0,0,0,False,False,False,325.8984,0
PB,Terrorist,-1668,471,-63.96875,Knife,100,0,0,0,0,False,False,False,325.8984,0
PB,Terrorist,-1668,471,-63.96875,Knife,100,0,0,0,0,False,False,False,325.8984,0
PB,Terrorist,-1668,471,-63.96875,Knife,100,0,0,0,0,False,False,False,325.8984,0
PB,Terrorist,-1668,471,-63.96875,Knife,100,0,0,0,0,False,False,False,325.8984,0
PB,Terrorist,-1668,471,-63.96875,Knife,100,0,0,0,0,False,False,False,325.8984,0
PB,Terrorist,-1668,471,-63.96875,Knife,100,0,0,0,0,False,False,False,325.8984,0
PB,Terrorist,-1668,471,-63.96875,Knife,100,0,0,0,0,False,False,False,325.8984,0
PB,Terrorist,-1668,471,-63.96875,Knife,100,0,0,0,0,False,False,False,325.8984,0
PB,Terrorist,-1668,471,-63.96875,Knife,100,0,0,0,0,False,False,False,325.8984,0
PB,Terrorist,-1668,471,-63.96875,Knife,100,0,0,0,0,False,False,False,325.8984,0
PB,Terrorist,-1668,471,-63.96875,Knife,100,0,0,0,0,False,False,False,325.8984,0
PB,Terrorist,-1668,471,-63.96875,Knife,100,0,0,0,0,False,False,False,325.8984,0
PB,Terrorist,-1668,471,-63.96875,Knife,100,0,0,0,0,False,False,False,325.8984,0
PB,Terrorist,-1668,471,-63.96875,Knife,100,0,0,0,0,False,False,False,325.8984,0
PB,Terrorist,-1668,471,-63.96875,Knife,100,0,0,0,0,False,False,False,325.8984,0
PB,Terrorist,-1668,471,-63.96875,Knife,100,0,0,0,0,False,False,False,325.8984,0
PB,Terrorist,-1668,471,-63.96875,Knife,100,0,0,0,0,False,False,False,325.8984,0
PB,Terrorist,-1668,471,-63.96875,Knife,100,0,0,0,0,False,False,False,325.8984,0
PB,Terrorist,-1668,471,-63.96875,Knife,100,0,0,0,0,False,False,False,325.8984,0
PB,Terrorist,-1668,471,-63.96875,Knife,100,0,0,0,0,False,False,False,325.8984,0
PB,Terrorist,-1668,471,-63.96875,Knife,100,0,0,0,0,False,False,False,325.8984,0
PB,Terrorist,-1668,471,-63.96875,Knife,100,0,0,0,0,False,False,False,325.8984,0
PB,Terrorist,-1668,471,-63.96875,Knife,100,0,0,0,0,False,False,False,325.8984,0
PB,Terrorist,-1668,471,-63.96875,Knife,100,0,0,0,0,False,False,False,325.8984,0
PB,Terrorist,-1668,471,-63.96875,Knife,100,0,0,0,0,False,False,False,325.8984,0
PB,Terrorist,-1668,471,-63.96875,Knife,100,0,0,0,0,False,False,False,325.8984,0
PB,Terrorist,-1668,471,-63.96875,Knife,100,0,0,0,0,False,False,False,325.8984,0
PB,Terrorist,-1668,471,-63.96875,Knife,100,0,0,0,0,False,False,False,325.8984,0
PB,Terrorist,-1668,471,-63.96875,Knife,100,0,0,0,0,False,False,False,325.8984,0
PB,Terrorist,-1668,471,-63.96875,Knife,100,0,0,0,0,False,False,False,325.8984,0
PB,Terrorist,-1668,471,-63.96875,Knife,100,0,0,0,0,False,False,False,325.8984,0
PB,Terrorist,-1668,471,-63.96875,Knife,100,0,0,0,0,False,False,False,325.8984,0
PB,Terrorist,-1668,471,-63.96875,Knife,100,0,0,0,0,False,False,False,325.8984,0
PB,Terrorist,-1668,471,-63.96875,Knife,100,0,0,0,0,False,False,False,325.8984,0
PB,Terrorist,-1668,471,-63.96875,Knife,100,0,0,0,0,False,False,False,325.8984,0
PB,Terrorist,-1668,471,-63.96875,Knife,100,0,0,0,0,False,False,False,325.8984,0
PB,Terrorist,-1668,471,-63.96875,Knife,100,0,0,0,0,False,False,False,325.8984,0
PB,Terrorist,-1668,471,-63.96875,Knife,100,0,0,0,0,False,False,False,325.8984,0
PB,Terrorist,-1668,471,-63.96875,Knife,100,0,0,0,0,False,False,False,325.8984,0
PB,Terrorist,-1668,471,-63.96875,Knife,100,0,0,0,0,False,False,False,325.8984,0
PB,Terrorist,-1668,471,-63.96875,Knife,100,0,0,0,0,False,False,False,325.8984,0
PB,Terrorist,-1668,471,-63.96875,Knife,100,0,0,0,0,False,False,False,325.8984,0
PB,Terrorist,-1668,471,-63.96875,Knife,100,0,0,0,0,False,False,False,325.8984,0
PB,Terrorist,-1668,471,-63.96875,Knife,100,0,0,0,0,False,False,False,325.8984,0
PB,Terrorist,-1668,471,-63.96875,Knife,100,0,0,0,0,False,False,False,325.8984,0
PB,Terrorist,-1668,471,-63.96875,Knife,100,0,0,0,0,False,False,False,325.8984,0
PB,Terrorist,-1668,471,-63.96875,Knife,100,0,0,0,0,False,False,False,325.8984,0
PB,Terrorist,-1668,471,-63.96875,Knife,100,0,0,0,0,False,False,False,325.8984,0
PB,Terrorist,-1668,471,-63.96875,Knife,100,0,0,0,0,False,False,False,325.8984,0
PB,Terrorist,-1668,471,-63.96875,Knife,100,0,0,0,0,False,False,False,325.8984,0
PB,Terrorist,-1668,471,-63.96875,Knife,100,0,0,0,0,False,False,False,325.8984,0
PB,Terrorist,-1668,471,-63.96875,Knife,100,0,0,0,0,False,False,False,325.8984,0
PB,Terrorist,-1668,471,-63.96875,Knife,100,0,0,0,0,False,False,False,325.8984,0
PB,Terrorist,-1668,471,-63.96875,Knife,100,0,0,0,0,False,False,False,325.8984,0
PB,Terrorist,-1668,471,-63.96875,Knife,100,0,0,0,0,False,False,False,325.8984,0
PB,Terrorist,-1668,471,-63.96875,Knife,100,0,0,0,0,False,False,False,325.8984,0
PB,Terrorist,-1668,471,-63.96875,Knife,100,0,0,0,0,False,False,False,325.8984,0
PB,Terrorist,-1668,471,-63.96875,Knife,100,0,0,0,0,False,False,False,325.8984,0
PB,Terrorist,-1668,471,-63.96875,Knife,100,0,0,0,0,False,False,False,325.8984,0
PB,Terrorist,-1668,471,-63.96875,Knife,100,0,0,0,0,False,False,False,325.8984,0
PB,Terrorist,-1668,471,-63.96875,Knife,100,0,0,0,0,False,False,False,325.8984,0
PB,Terrorist,-1668,471,-63.96875,Knife,100,0,0,0,0,False,False,False,325.8984,0
PB,Terrorist,-1668,471,-63.96875,Knife,100,0,0,0,0,False,False,False,325.8984,0
PB,Terrorist,-1668,471,-63.96875,Knife,100,0,0,0,0,False,False,False,325.8984,0
PB,Terrorist,-1668,471,-63.96875,Knife,100,0,0,0,0,False,False,False,325.8984,0
PB,Terrorist,-1668,471,-63.96875,Knife,100,0,0,0,0,False,False,False,325.8984,0
PB,Terrorist,-1668,471,-63.96875,Knife,100,0,0,0,0,False,False,False,325.8984,0
PB,Terrorist,-1668,471,-63.96875,Knife,100,0,0,0,0,False,False,False,325.8984,0
PB,Terrorist,-1668,471,-63.96875,Knife,100,0,0,0,0,False,False,False,325.8984,0
PB,Terrorist,-1668,471,-63.96875,Knife,100,0,0,0,0,False,False,False,325.8984,0
PB,Terrorist,-1668,471,-63.96875,Knife,100,0,0,0,0,False,False,False,325.8984,0
PB,Terrorist,-1668,471,-63.96875,Knife,100,0,0,0,0,False,False,False,325.8984,0
PB,Terrorist,-1668,471,-63.96875,Knife,100,0,0,0,0,False,False,False,325.8984,0
PB,Terrorist,-1668,471,-63.96875,Knife,100,0,0,0,0,False,False,False,325.8984,0
PB,Terrorist,-1668,471,-63.96875,Knife,100,0,0,0,0,False,False,False,325.8984,0
PB,Terrorist,-1668,471,-63.96875,Knife,100,0,0,0,0,False,False,False,325.8984,0
PB,Terrorist,-1668,471,-63.96875,Knife,100,0,0,0,0,False,False,False,325.8984,0
PB,Terrorist,-1668,471,-63.96875,Knife,100,0,0,0,0,False,False,False,325.8984,0
PB,Terrorist,-1668,471,-63.96875,Knife,100,0,0,0,0,False,False,False,325.8984,0
PB,Terrorist,-1668,471,-63.96875,Knife,100,0,0,0,0,False,False,False,325.8984,0
PB,Terrorist,-1668,471,-63.96875,Knife,100,0,0,0,0,False,False,False,325.8984,0
PB,Terrorist,-1668,471,-63.96875,Knife,100,0,0,0,0,False,False,False,325.8984,0
PB,Terrorist,-1668,471,-63.96875,Knife,100,0,0,0,0,False,False,False,325.8984,0
PB,Terrorist,-1668,471,-63.96875,Knife,100,0,0,0,0,False,False,False,325.8984,0
PB,Terrorist,-1668,471,-63.96875,Knife,100,0,0,0,0,False,False,False,325.8984,0
PB,Terrorist,-1668,471,-63.96875,Knife,100,0,0,0,0,False,False,False,325.8984,0
PB,Terrorist,-1668,471,-63.96875,Knife,100,0,0,0,0,False,False,False,325.8984,0
PB,Terrorist,-1668,471,-63.96875,Knife,100,0,0,0,0,False,False,False,325.8984,0
PB,Terrorist,-1668,471,-63.96875,Knife,100,0,0,0,0,False,False,False,325.8984,0
PB,Terrorist,-1668,471,-63.96875,Knife,100,0,0,0,0,False,False,False,325.8984,0
PB,Terrorist,-1668,471,-63.96875,Knife,100,0,0,0,0,False,False,False,325.8984,0
PB,Terrorist,-1668,471,-63.96875,Knife,100,0,0,0,0,False,False,False,325.8984,0
PB,Terrorist,-1668,471,-63.96875,Knife,100,0,0,0,0,False,False,False,325.8984,0
PB,Terrorist,-1668,471,-63.96875,Knife,100,0,0,0,0,False,False,False,325.8984,0
PB,Terrorist,-1668,471,-63.96875,Knife,100,0,0,0,0,False,False,False,325.8984,0
PB,Terrorist,-1668,471,-63.96875,Knife,100,0,0,0,0,False,False,False,325.8984,0
PB,Terrorist,-1668,471,-63.96875,Knife,100,0,0,0,0,False,False,False,325.8984,0
PB,Terrorist,-1668,471,-63.96875,Knife,100,0,0,0,0,False,False,False,325.8984,0
PB,Terrorist,-1668,471,-63.96875,Knife,100,0,0,0,0,False,False,False,325.8984,0
PB,Terrorist,-1668,471,-63.96875,Knife,100,0,0,0,0,False,False,False,325.8984,0
PB,Terrorist,-1668,471,-63.96875,Knife,100,0,0,0,0,False,False,False,325.8984,0
PB,Terrorist,-1668,471,-63.96875,Knife,100,0,0,0,0,False,False,False,325.8984,0
PB,Terrorist,-1668,471,-63.96875,Knife,100,0,0,0,0,False,False,False,325.8984,0
PB,Terrorist,-1668,471,-63.96875,Knife,100,0,0,0,0,False,False,False,325.8984,0
PB,Terrorist,-1668,471,-63.96875,Knife,100,0,0,0,0,False,False,False,325.8984,0
PB,Terrorist,-1668,471,-63.96875,Knife,100,0,0,0,0,False,False,False,325.8984,0
PB,Terrorist,-1668,471,-63.96875,Knife,100,0,0,0,0,False,False,False,325.8984,0
PB,Terrorist,-1668,471,-63.96875,Knife,100,0,0,0,0,False,False,False,325.8984,0
PB,Terrorist,-1668,471,-63.96875,Knife,100,0,0,0,0,False,False,False,325.8984,0
PB,Terrorist,-1668,471,-63.96875,Knife,100,0,0,0,0,False,False,False,325.8984,0
PB,Terrorist,-1668,471,-63.96875,Knife,100,0,0,0,0,False,False,False,325.8984,0
PB,Terrorist,-1668,471,-63.96875,Knife,100,0,0,0,0,False,False,False,325.8984,0
PB,Terrorist,-1668,471,-63.96875,Knife,100,0,0,0,0,False,False,False,325.8984,0
PB,Terrorist,-1668,471,-63.96875,Knife,100,0,0,0,0,False,False,False,325.8984,0
PB,Terrorist,-1668,471,-63.96875,Knife,100,0,0,0,0,False,False,False,325.8984,0
PB,Terrorist,-1668,471,-63.96875,Knife,100,0,0,0,0,False,False,False,325.8984,0
PB,Terrorist,-1668,471,-63.96875,Knife,100,0,0,0,0,False,False,False,325.8984,0
PB,Terrorist,-1668,471,-63.96875,Knife,100,0,0,0,0,False,False,False,325.8984,0
PB,Terrorist,-1668,471,-63.96875,Knife,100,0,0,0,0,False,False,False,325.8984,0
PB,Terrorist,-1668,471,-63.96875,Knife,100,0,0,0,0,False,False,False,325.8984,0
PB,Terrorist,-1668,471,-63.96875,Knife,100,0,0,0,0,False,False,False,325.8984,0
PB,Terrorist,-1668,471,-63.96875,Knife,100,0,0,0,0,False,False,False,325.8984,0
PB,Terrorist,-1668,471,-63.96875,Knife,100,0,0,0,0,False,False,False,325.8984,0
PB,Terrorist,-1668,471,-63.96875,Knife,100,0,0,0,0,False,False,False,325.8984,0
PB,Terrorist,-1668,471,-63.96875,Knife,100,0,0,0,0,False,False,False,325.8984,0
PB,Terrorist,-1668,471,-63.96875,Knife,100,0,0,0,0,False,False,False,325.8984,0
PB,Terrorist,-1668,471,-63.96875,Knife,100,0,0,0,0,False,False,False,325.8984,0
PB,Terrorist,-1668,471,-63.96875,Knife,100,0,0,0,0,False,False,False,325.8984,0
PB,Terrorist,-1668,471,-63.96875,Knife,100,0,0,0,0,False,False,False,325.8984,0
PB,Terrorist,-1668,471,-63.96875,Knife,100,0,0,0,0,False,False,False,325.8984,0
PB,Terrorist,-1668,471,-63.96875,Knife,100,0,0,0,0,False,False,False,325.8984,0
PB,Terrorist,-1668,471,-63.96875,Knife,100,0,0,0,0,False,False,False,325.8984,0
PB,Terrorist,-1668,471,-63.96875,Knife,100,0,0,0,0,False,False,False,325.8984,0
PB,Terrorist,-1668,471,-63.96875,Knife,100,0,0,0,0,False,False,False,325.8984,0
PB,Terrorist,-1668,471,-63.96875,Knife,100,0,0,0,0,False,False,False,325.8984,0
PB,Terrorist,-1668,471,-63.96875,Knife,100,0,0,0,0,False,False,False,325.8984,0
PB,Terrorist,-1668,471,-63.96875,Knife,100,0,0,0,0,False,False,False,325.8984,0
PB,Terrorist,-1668,471,-63.96875,Knife,100,0,0,0,0,False,False,False,325.8984,0
PB,Terrorist,-1668,471,-63.96875,Knife,100,0,0,0,0,False,False,False,325.8984,0
PB,Terrorist,-1668,471,-63.96875,Knife,100,0,0,0,0,False,False,False,325.8984,0
PB,Terrorist,-1668,471,-63.96875,Knife,100,0,0,0,0,False,False,False,325.8984,0
PB,Terrorist,-1668,471,-63.96875,Knife,100,0,0,0,0,False,False,False,325.8984,0
PB,Terrorist,-1668,471,-63.96875,Knife,100,0,0,0,0,False,False,False,325.8984,0
PB,Terrorist,-1668,471,-63.96875,Knife,100,0,0,0,0,False,False,False,325.8984,0
PB,Terrorist,-1668,471,-63.96875,Knife,100,0,0,0,0,False,False,False,325.8984,0
PB,Terrorist,-1668,471,-63.96875,Knife,100,0,0,0,0,False,False,False,325.8984,0
PB,Terrorist,-1668,471,-63.96875,Knife,100,0,0,0,0,False,False,False,325.8984,0
PB,Terrorist,-1668,471,-63.96875,Knife,100,0,0,0,0,False,False,False,325.8984,0
PB,Terrorist,-1668,471,-63.96875,Knife,100,0,0,0,0,False,False,False,325.8984,0
PB,Terrorist,-1668,471,-63.96875,Knife,100,0,0,0,0,False,False,False,325.8984,0
PB,Terrorist,-1668,471,-63.96875,Knife,100,0,0,0,0,False,False,False,325.8984,0
PB,Terrorist,-1668,471,-63.96875,Knife,100,0,0,0,0,False,False,False,325.8984,0
PB,Terrorist,-1668,471,-63.96875,Knife,100,0,0,0,0,False,False,False,325.8984,0
PB,Terrorist,-1668,471,-63.96875,Knife,100,0,0,0,0,False,False,False,325.8984,0
PB,Terrorist,-1668,471,-63.96875,Knife,100,0,0,0,0,False,False,False,325.8984,0
PB,Terrorist,-1668,471,-63.96875,Knife,100,0,0,0,0,False,False,False,325.8984,0
PB,Terrorist,-1668,471,-63.96875,Knife,100,0,0,0,0,False,False,False,325.8984,0
PB,Terrorist,-1668,471,-63.96875,Knife,100,0,0,0,0,False,False,False,325.8984,0
PB,Terrorist,-1668,471,-63.96875,Knife,100,0,0,0,0,False,False,False,325.8984,0
PB,Terrorist,-1668,471,-63.96875,Knife,100,0,0,0,0,False,False,False,325.8984,0
PB,Terrorist,-1668,471,-63.96875,Knife,100,0,0,0,0,False,False,False,325.8984,0
PB,Terrorist,-1668,471,-63.96875,Knife,100,0,0,0,0,False,False,False,325.8984,0
PB,Terrorist,-1668,471,-63.96875,Knife,100,0,0,0,0,False,False,False,325.8984,0
PB,Terrorist,-1668,471,-63.96875,Knife,100,0,0,0,0,False,False,False,325.8984,0
PB,Terrorist,-1668,471,-63.96875,Knife,100,0,0,0,0,False,False,False,325.8984,0
PB,Terrorist,-1668,471,-63.96875,Knife,100,0,0,0,0,False,False,False,325.8984,0
PB,Terrorist,-1668,471,-63.96875,Knife,100,0,0,0,0,False,False,False,325.8984,0
PB,Terrorist,-1668,471,-63.96875,Knife,100,0,0,0,0,False,False,False,325.8984,0
PB,Terrorist,-1668,471,-63.96875,Knife,100,0,0,0,0,False,False,False,325.8984,0
PB,Terrorist,-1668,471,-63.96875,Knife,100,0,0,0,0,False,False,False,325.8984,0
PB,Terrorist,-1668,471,-63.96875,Knife,100,0,0,0,0,False,False,False,325.8984,0
PB,Terrorist,-1668,471,-63.96875,Knife,100,0,0,0,0,False,False,False,325.8984,0
PB,Terrorist,-1668,471,-63.96875,Knife,100,0,0,0,0,False,False,False,325.8984,0
PB,Terrorist,-1668,471,-63.96875,Knife,100,0,0,0,0,False,False,False,325.8984,0
PB,Terrorist,-1668,471,-63.96875,Knife,100,0,0,0,0,False,False,False,325.8984,0
PB,Terrorist,-1668,471,-63.96875,Knife,100,0,0,0,0,False,False,False,325.8984,0
PB,Terrorist,-1668,471,-63.96875,Knife,100,0,0,0,0,False,False,False,325.8984,0
PB,Terrorist,-1668,471,-63.96875,Knife,100,0,0,0,0,False,False,False,325.8984,0
PB,Terrorist,-1668,471,-63.96875,Knife,100,0,0,0,0,False,False,False,325.8984,0
PB,Terrorist,-1668,471,-63.96875,Knife,100,0,0,0,0,False,False,False,325.8984,0
PB,Terrorist,-1668,471,-63.96875,Knife,100,0,0,0,0,False,False,False,325.8984,0
PB,Terrorist,-1668,471,-63.96875,Knife,100,0,0,0,0,False,False,False,325.8984,0
PB,Terrorist,-1668,471,-63.96875,Knife,100,0,0,0,0,False,False,False,325.8984,0
PB,Terrorist,-1668,471,-63.96875,Knife,100,0,0,0,0,False,False,False,325.8984,0
PB,Terrorist,-1668,471,-63.96875,Knife,100,0,0,0,0,False,False,False,325.8984,0
PB,Terrorist,-1668,471,-63.96875,Knife,100,0,0,0,0,False,False,False,325.8984,0
PB,Terrorist,-1668,471,-63.96875,Knife,100,0,0,0,0,False,False,False,325.8984,0
PB,Terrorist,-1668,471,-63.96875,Knife,100,0,0,0,0,False,False,False,325.8984,0
PB,Terrorist,-1668,471,-63.96875,Knife,100,0,0,0,0,False,False,False,325.8984,0
PB,Terrorist,-1668,471,-63.96875,Knife,100,0,0,0,0,False,False,False,325.8984,0
PB,Terrorist,-1668,471,-63.96875,Knife,100,0,0,0,0,False,False,False,325.8984,0
PB,Terrorist,-1668,471,-63.96875,Knife,100,0,0,0,0,False,False,False,325.8984,0
PB,Terrorist,-1668,471,-63.96875,Knife,100,0,0,0,0,False,False,False,325.8984,0
PB,Terrorist,-1668,471,-63.96875,Knife,100,0,0,0,0,False,False,False,325.8984,0
PB,Terrorist,-1668,471,-63.96875,Knife,100,0,0,0,0,False,False,False,325.8984,0
PB,Terrorist,-1668,471,-63.96875,Knife,100,0,0,0,0,False,False,False,325.8984,0
PB,Terrorist,-1668,471,-63.96875,Knife,100,0,0,0,0,False,False,False,325.8984,0
PB,Terrorist,-1668,471,-63.96875,Knife,100,0,0,0,0,False,False,False,325.8984,0
PB,Terrorist,-1668,471,-63.96875,Knife,100,0,0,0,0,False,False,False,325.8984,0
PB,Terrorist,-1668,471,-63.96875,Knife,100,0,0,0,0,False,False,False,325.8984,0
PB,Terrorist,-1668,471,-63.96875,Knife,100,0,0,0,0,False,False,False,325.8984,0
PB,Terrorist,-1668,471,-63.96875,Knife,100,0,0,0,0,False,False,False,325.8984,0
PB,Terrorist,-1668,471,-63.96875,Knife,100,0,0,0,0,False,False,False,325.8984,0
PB,Terrorist,-1668,471,-63.96875,Knife,100,0,0,0,0,False,False,False,325.8984,0
PB,Terrorist,-1668,471,-63.96875,Knife,100,0,0,0,0,False,False,False,325.8984,0
PB,Terrorist,-1668,471,-63.96875,Knife,100,0,0,0,0,False,False,False,325.8984,0
PB,Terrorist,-1668,471,-63.96875,Knife,100,0,0,0,0,False,False,False,325.8984,0
PB,Terrorist,-1668,471,-63.96875,Knife,100,0,0,0,0,False,False,False,325.8984,0
PB,Terrorist,-1668,471,-63.96875,Knife,100,0,0,0,0,False,False,False,325.8984,0
PB,Terrorist,-1668,471,-63.96875,Knife,100,0,0,0,0,False,False,False,325.8984,0
PB,Terrorist,-1668,471,-63.96875,Knife,100,0,0,0,0,False,False,False,325.8984,0
PB,Terrorist,-1668,471,-63.96875,Knife,100,0,0,0,0,False,False,False,325.8984,0
PB,Terrorist,-1668,471,-63.96875,Knife,100,0,0,0,0,False,False,False,325.8984,0
PB,Terrorist,-1668,471,-63.96875,Knife,100,0,0,0,0,False,False,False,325.8984,0
PB,Terrorist,-1668,471,-63.96875,Knife,100,0,0,0,0,False,False,False,325.8984,0
PB,Terrorist,-1668,471,-63.96875,Knife,100,0,0,0,0,False,False,False,325.8984,0
PB,Terrorist,-1668,471,-63.96875,Knife,100,0,0,0,0,False,False,False,325.8984,0
PB,Terrorist,-1668,471,-63.96875,Knife,100,0,0,0,0,False,False,False,325.8984,0
PB,Terrorist,-1668,471,-63.96875,Knife,100,0,0,0,0,False,False,False,325.8984,0
PB,Terrorist,-1668,471,-63.96875,Knife,100,0,0,0,0,False,False,False,325.8984,0
PB,Terrorist,-1668,471,-63.96875,Knife,100,0,0,0,0,False,False,False,325.8984,0
PB,Terrorist,-1668,471,-63.96875,Knife,100,0,0,0,0,False,False,False,325.8984,0
PB,Terrorist,-1668,471,-63.96875,Knife,100,0,0,0,0,False,False,False,325.8984,0
PB,Terrorist,-1668,471,-63.96875,Knife,100,0,0,0,0,False,False,False,325.8984,0
PB,Terrorist,-1668,471,-63.96875,Knife,100,0,0,0,0,False,False,False,325.8984,0
PB,Terrorist,-1668,471,-63.96875,Knife,100,0,0,0,0,False,False,False,325.8984,0
PB,Terrorist,-1668,471,-63.96875,Knife,100,0,0,0,0,False,False,False,325.8984,0
PB,Terrorist,-1668,471,-63.96875,Knife,100,0,0,0,0,False,False,False,325.8984,0
PB,Terrorist,-1668,471,-63.96875,Knife,100,0,0,0,0,False,False,False,325.8984,0
PB,Terrorist,-1668,471,-63.96875,Knife,100,0,0,0,0,False,False,False,325.8984,0
PB,Terrorist,-1668,471,-63.96875,Knife,100,0,0,0,0,False,False,False,325.8984,0
PB,Terrorist,-1668,471,-63.96875,Knife,100,0,0,0,0,False,False,False,325.8984,0
PB,Terrorist,-1668,471,-63.96875,Knife,100,0,0,0,0,False,False,False,325.8984,0
PB,Terrorist,-1668,471,-63.96875,Knife,100,0,0,0,0,False,False,False,325.8984,0
PB,Terrorist,-1668,471,-63.96875,Knife,100,0,0,0,0,False,False,False,325.8984,0
PB,Terrorist,-1668,471,-63.96875,Knife,100,0,0,0,0,False,False,False,325.8984,0
PB,Terrorist,-1668,471,-63.96875,Knife,100,0,0,0,0,False,False,False,325.8984,0
PB,Terrorist,-1668,471,-63.96875,Knife,100,0,0,0,0,False,False,False,325.8984,0
PB,Terrorist,-1668,471,-63.96875,Knife,100,0,0,0,0,False,False,False,325.8984,0
PB,Terrorist,-1668,471,-63.96875,Knife,100,0,0,0,0,False,False,False,325.8984,0
PB,Terrorist,-1668,471,-63.96875,Knife,100,0,0,0,0,False,False,False,325.8984,0
PB,Terrorist,-1668,471,-63.96875,Knife,100,0,0,0,0,False,False,False,325.8984,0
PB,Terrorist,-1668,471,-63.96875,Knife,100,0,0,0,0,False,False,False,325.8984,0
PB,Terrorist,-1668,471,-63.96875,Knife,100,0,0,0,0,False,False,False,325.8984,0
PB,Terrorist,-1668,471,-63.96875,Knife,100,0,0,0,0,False,False,False,325.8984,0
PB,Terrorist,-1668,471,-63.96875,Knife,100,0,0,0,0,False,False,False,325.8984,0
PB,Terrorist,-1668,471,-63.96875,Knife,100,0,0,0,0,False,False,False,325.8984,0
PB,Terrorist,-1668,471,-63.96875,Knife,100,0,0,0,0,False,False,False,325.8984,0
PB,Terrorist,-1668,471,-63.96875,Knife,100,0,0,0,0,False,False,False,325.8984,0
PB,Terrorist,-1668,471,-63.96875,Knife,100,0,0,0,0,False,False,False,325.8984,0
PB,Terrorist,-1668,471,-63.96875,Knife,100,0,0,0,0,False,False,False,325.8984,0
PB,Terrorist,-1668,471,-63.96875,Knife,100,0,0,0,0,False,False,False,325.8984,0
PB,Terrorist,-1668,471,-63.96875,Knife,100,0,0,0,0,False,False,False,325.8984,0
PB,Terrorist,-1668,471,-63.96875,Knife,100,0,0,0,0,False,False,False,325.8984,0
PB,Terrorist,-1668,471,-63.96875,Knife,100,0,0,0,0,False,False,False,325.8984,0
PB,Terrorist,-1668,471,-63.96875,Knife,100,0,0,0,0,False,False,False,325.8984,0
PB,Terrorist,-1668,471,-63.96875,Knife,100,0,0,0,0,False,False,False,325.8984,0
PB,Terrorist,-1668,471,-63.96875,Knife,100,0,0,0,0,False,False,False,325.8984,0
PB,Terrorist,-1668,471,-63.96875,Knife,100,0,0,0,0,False,False,False,325.8984,0
PB,Terrorist,-1668,471,-63.96875,Knife,100,0,0,0,0,False,False,False,325.8984,0
PB,Terrorist,-1668,471,-63.96875,Knife,100,0,0,0,0,False,False,False,325.8984,0
PB,Terrorist,-1668,471,-63.96875,Knife,100,0,0,0,0,False,False,False,325.8984,0
PB,Terrorist,-1668,471,-63.96875,Knife,100,0,0,0,0,False,False,False,325.8984,0
PB,Terrorist,-1668,471,-63.96875,Knife,100,0,0,0,0,False,False,False,325.8984,0
PB,Terrorist,-1668,471,-63.96875,Knife,100,0,0,0,0,False,False,False,325.8984,0
PB,Terrorist,-1668,471,-63.96875,Knife,100,0,0,0,0,False,False,False,325.8984,0
PB,Terrorist,-1668,471,-63.96875,Knife,100,0,0,0,0,False,False,False,325.8984,0
PB,Terrorist,-1668,471,-63.96875,Knife,100,0,0,0,0,False,False,False,325.8984,0
PB,Terrorist,-1668,471,-63.96875,Knife,100,0,0,0,0,False,False,False,325.8984,0
PB,Terrorist,-1668,471,-63.96875,Knife,100,0,0,0,0,False,False,False,325.8984,0
PB,Terrorist,-1668,471,-63.96875,Knife,100,0,0,0,0,False,False,False,325.8984,0
PB,Terrorist,-1668,471,-63.96875,Knife,100,0,0,0,0,False,False,False,325.8984,0
PB,Terrorist,-1668,471,-63.96875,Knife,100,0,0,0,0,False,False,False,325.8984,0
PB,Terrorist,-1668,471,-63.96875,Knife,100,0,0,0,0,False,False,False,325.8984,0
PB,Terrorist,-1668,471,-63.96875,Knife,100,0,0,0,0,False,False,False,325.8984,0
PB,Terrorist,-1668,471,-63.96875,Knife,100,0,0,0,0,False,False,False,325.8984,0
PB,Terrorist,-1668,471,-63.96875,Knife,100,0,0,0,0,False,False,False,325.8984,0
PB,Terrorist,-1668,471,-63.96875,Knife,100,0,0,0,0,False,False,False,325.8984,0
PB,Terrorist,-1668,471,-63.96875,Knife,100,0,0,0,0,False,False,False,325.8984,0
PB,Terrorist,-1668,471,-63.96875,Knife,100,0,0,0,0,False,False,False,325.8984,0
PB,Terrorist,-1668,471,-63.96875,Knife,100,0,0,0,0,False,False,False,325.8984,0
PB,Terrorist,-1668,471,-63.96875,Knife,100,0,0,0,0,False,False,False,325.8984,0
PB,Terrorist,-1668,471,-63.96875,Knife,100,0,0,0,0,False,False,False,325.8984,0
PB,Terrorist,-1668,471,-63.96875,Knife,100,0,0,0,0,False,False,False,325.8984,0
PB,Terrorist,-1668,471,-63.96875,Knife,100,0,0,0,0,False,False,False,325.8984,0
PB,Terrorist,-1668,471,-63.96875,Knife,100,0,0,0,0,False,False,False,325.8984,0
PB,Terrorist,-1668,471,-63.96875,Knife,100,0,0,0,0,False,False,False,325.8984,0
PB,Terrorist,-1668,471,-63.96875,Knife,100,0,0,0,0,False,False,False,325.8984,0
PB,Terrorist,-1668,471,-63.96875,Knife,100,0,0,0,0,False,False,False,325.8984,0
PB,Terrorist,-1668,471,-63.96875,Knife,100,0,0,0,0,False,False,False,325.8984,0
PB,Terrorist,-1668,471,-63.96875,Knife,100,0,0,0,0,False,False,False,325.8984,0
PB,Terrorist,-1668,471,-63.96875,Knife,100,0,0,0,0,False,False,False,325.8984,0
PB,Terrorist,-1668,471,-63.96875,Knife,100,0,0,0,0,False,False,False,325.8984,0
PB,Terrorist,-1668,471,-63.96875,Knife,100,0,0,0,0,False,False,False,325.8984,0
PB,Terrorist,-1668,471,-63.96875,Knife,100,0,0,0,0,False,False,False,325.8984,0
PB,Terrorist,-1668,471,-63.96875,Knife,100,0,0,0,0,False,False,False,325.8984,0
PB,Terrorist,-1668,471,-63.96875,Knife,100,0,0,0,0,False,False,False,325.8984,0
PB,Terrorist,-1668,471,-63.96875,Knife,100,0,0,0,0,False,False,False,325.8984,0
PB,Terrorist,-1668,471,-63.96875,Knife,100,0,0,0,0,False,False,False,325.8984,0
PB,Terrorist,-1668,471,-63.96875,Knife,100,0,0,0,0,False,False,False,325.8984,0
PB,Terrorist,-1668,471,-63.96875,Knife,100,0,0,0,0,False,False,False,325.8984,0
PB,Terrorist,-1668,471,-63.96875,Knife,100,0,0,0,0,False,False,False,325.8984,0
PB,Terrorist,-1668,471,-63.96875,Knife,100,0,0,0,0,False,False,False,325.8984,0
PB,Terrorist,-1668,471,-63.96875,Knife,100,0,0,0,0,False,False,False,325.8984,0
PB,Terrorist,-1668,471,-63.96875,Knife,100,0,0,0,0,False,False,False,325.8984,0
PB,Terrorist,-1668,471,-63.96875,Knife,100,0,0,0,0,False,False,False,325.8984,0
PB,Terrorist,-1668,471,-63.96875,Knife,100,0,0,0,0,False,False,False,325.8984,0
PB,Terrorist,-1668,471,-63.96875,Knife,100,0,0,0,0,False,False,False,325.8984,0
PB,Terrorist,-1668,471,-63.96875,Knife,100,0,0,0,0,False,False,False,325.8984,0
PB,Terrorist,-1668,471,-63.96875,Knife,100,0,0,0,0,False,False,False,325.8984,0
PB,Terrorist,-1668,471,-63.96875,Knife,100,0,0,0,0,False,False,False,325.8984,0
PB,Terrorist,-1668,471,-63.96875,Knife,100,0,0,0,0,False,False,False,325.8984,0
PB,Terrorist,-1668,471,-63.96875,Knife,100,0,0,0,0,False,False,False,325.8984,0
PB,Terrorist,-1668,471,-63.96875,Knife,100,0,0,0,0,False,False,False,325.8984,0
PB,Terrorist,-1668,471,-63.96875,Knife,100,0,0,0,0,False,False,False,325.8984,0
PB,Terrorist,-1668,471,-63.96875,Knife,100,0,0,0,0,False,False,False,325.8984,0
PB,Terrorist,-1668,471,-63.96875,Knife,100,0,0,0,0,False,False,False,325.8984,0
PB,Terrorist,-1668,471,-63.96875,Knife,100,0,0,0,0,False,False,False,325.8984,0
PB,Terrorist,-1668,471,-63.96875,Knife,100,0,0,0,0,False,False,False,325.8984,0
PB,Terrorist,-1668,471,-63.96875,Knife,100,0,0,0,0,False,False,False,325.8984,0
PB,Terrorist,-1668,471,-63.96875,Knife,100,0,0,0,0,False,False,False,325.8984,0
PB,Terrorist,-1668,471,-63.96875,Knife,100,0,0,0,0,False,False,False,325.8984,0
PB,Terrorist,-1668,471,-63.96875,Knife,100,0,0,0,0,False,False,False,325.8984,0
PB,Terrorist,-1668,471,-63.96875,Knife,100,0,0,0,0,False,False,False,325.8984,0
PB,Terrorist,-1668,471,-63.96875,Knife,100,0,0,0,0,False,False,False,325.8984,0
PB,Terrorist,-1668,471,-63.96875,Knife,100,0,0,0,0,False,False,False,325.8984,0
PB,Terrorist,-1668,471,-63.96875,Knife,100,0,0,0,0,False,False,False,325.8984,0
PB,Terrorist,-1668,471,-63.96875,Knife,100,0,0,0,0,False,False,False,325.8984,0
PB,Terrorist,-1668,471,-63.96875,Knife,100,0,0,0,0,False,False,False,325.8984,0
PB,Terrorist,-1668,471,-63.96875,Knife,100,0,0,0,0,False,False,False,325.8984,0
PB,Terrorist,-1668,471,-63.96875,Knife,100,0,0,0,0,False,False,False,325.8984,0
PB,Terrorist,-1668,471,-63.96875,Knife,100,0,0,0,0,False,False,False,325.8984,0
PB,Terrorist,-1668,471,-63.96875,Knife,100,0,0,0,0,False,False,False,325.8984,0
PB,Terrorist,-1668,471,-63.96875,Knife,100,0,0,0,0,False,False,False,325.8984,0
PB,Terrorist,-1668,471,-63.96875,Knife,100,0,0,0,0,False,False,False,325.8984,0
PB,Terrorist,-1668,471,-63.96875,Knife,100,0,0,0,0,False,False,False,325.8984,0
PB,Terrorist,-1668,471,-63.96875,Knife,100,0,0,0,0,False,False,False,325.8984,0
PB,Terrorist,-1668,471,-63.96875,Knife,100,0,0,0,0,False,False,False,325.8984,0
PB,Terrorist,-1668,471,-63.96875,Knife,100,0,0,0,0,False,False,False,325.8984,0
PB,Terrorist,-1668,471,-63.96875,Knife,100,0,0,0,0,False,False,False,325.8984,0
PB,Terrorist,-1668,471,-63.96875,Knife,100,0,0,0,0,False,False,False,325.8984,0
PB,Terrorist,-1668,471,-63.96875,Knife,100,0,0,0,0,False,False,False,325.8984,0
PB,Terrorist,-1668,471,-63.96875,Knife,100,0,0,0,0,False,False,False,325.8984,0
PB,Terrorist,-1668,471,-63.96875,Knife,100,0,0,0,0,False,False,False,325.8984,0
PB,Terrorist,-1668,471,-63.96875,Knife,100,0,0,0,0,False,False,False,325.8984,0
PB,Terrorist,-1668,471,-63.96875,Knife,100,0,0,0,0,False,False,False,325.8984,0
PB,Terrorist,-1668,471,-63.96875,Knife,100,0,0,0,0,False,False,False,325.8984,0
PB,Terrorist,-1668,471,-63.96875,Knife,100,0,0,0,0,False,False,False,325.8984,0
PB,Terrorist,-1668,471,-63.96875,Knife,100,0,0,0,0,False,False,False,325.8984,0
PB,Terrorist,-1668,471,-63.96875,Knife,100,0,0,0,0,False,False,False,325.8984,0
PB,Terrorist,-1668,471,-63.96875,Knife,100,0,0,0,0,False,False,False,325.8984,0
PB,Terrorist,-1668,471,-63.96875,Knife,100,0,0,0,0,False,False,False,325.8984,0
PB,Terrorist,-1668,471,-63.96875,Knife,100,0,0,0,0,False,False,False,325.8984,0
PB,Terrorist,-1668,471,-63.96875,Knife,100,0,0,0,0,False,False,False,325.8984,0
PB,Terrorist,-1668,471,-63.96875,Knife,100,0,0,0,0,False,False,False,325.8984,0
PB,Terrorist,-1668,471,-63.96875,Knife,100,0,0,0,0,False,False,False,325.8984,0
PB,Terrorist,-1668,471,-63.96875,Knife,100,0,0,0,0,False,False,False,325.8984,0
PB,Terrorist,-1668,471,-63.96875,Knife,100,0,0,0,0,False,False,False,325.8984,0
PB,Terrorist,-1668,471,-63.96875,Knife,100,0,0,0,0,False,False,False,325.8984,0
PB,Terrorist,-1668,471,-63.96875,Knife,100,0,0,0,0,False,False,False,325.8984,0
PB,Terrorist,-1668,471,-63.96875,Knife,100,0,0,0,0,False,False,False,325.8984,0
PB,Terrorist,-1668,471,-63.96875,Knife,100,0,0,0,0,False,False,False,325.8984,0
PB,Terrorist,-1668,471,-63.96875,Knife,100,0,0,0,0,False,False,False,325.8984,0
PB,Terrorist,-1668,471,-63.96875,Knife,100,0,0,0,0,False,False,False,325.8984,0
PB,Terrorist,-1668,471,-63.96875,Knife,100,0,0,0,0,False,False,False,325.8984,0
PB,Terrorist,-1668,471,-63.96875,Knife,100,0,0,0,0,False,False,False,325.8984,0
PB,Terrorist,-1668,471,-63.96875,Knife,100,0,0,0,0,False,False,False,325.8984,0
PB,Terrorist,-1668,471,-63.96875,Knife,100,0,0,0,0,False,False,False,325.8984,0
PB,Terrorist,-1668,471,-63.96875,Knife,100,0,0,0,0,False,False,False,325.8984,0
PB,Terrorist,-1668,471,-63.96875,Knife,100,0,0,0,0,False,False,False,325.8984,0
PB,Terrorist,-1668,471,-63.96875,Knife,100,0,0,0,0,False,False,False,325.8984,0
PB,Terrorist,-1668,471,-63.96875,Knife,100,0,0,0,0,False,False,False,325.8984,0
PB,Terrorist,-1668,471,-63.96875,Knife,100,0,0,0,0,False,False,False,325.8984,0
PB,Terrorist,-1668,471,-63.96875,Knife,100,0,0,0,0,False,False,False,325.8984,0
PB,Terrorist,-1668,471,-63.96875,Knife,100,0,0,0,0,False,False,False,325.8984,0
PB,Terrorist,-1668,471,-63.96875,Knife,100,0,0,0,0,False,False,False,325.8984,0
PB,Terrorist,-1668,471,-63.96875,Knife,100,0,0,0,0,False,False,False,325.8984,0
PB,Terrorist,-1668,471,-63.96875,Knife,100,0,0,0,0,False,False,False,325.8984,0
PB,Terrorist,-1668,471,-63.96875,Knife,100,0,0,0,0,False,False,False,325.8984,0
PB,Terrorist,-1668,471,-63.96875,Knife,100,0,0,0,0,False,False,False,325.8984,0
PB,Terrorist,-1668,471,-63.96875,Knife,100,0,0,0,0,False,False,False,325.8984,0
PB,Terrorist,-1668,471,-63.96875,Knife,100,0,0,0,0,False,False,False,325.8984,0
PB,Terrorist,-1668,471,-63.96875,Knife,100,0,0,0,0,False,False,False,325.8984,0
PB,Terrorist,-1668,471,-63.96875,Knife,100,0,0,0,0,False,False,False,325.8984,0
PB,Terrorist,-1668,471,-63.96875,Knife,100,0,0,0,0,False,False,False,325.8984,0
PB,Terrorist,-1668,471,-63.96875,Knife,100,0,0,0,0,False,False,False,325.8984,0
PB,Terrorist,-1668,471,-63.96875,Knife,100,0,0,0,0,False,False,False,325.8984,0
PB,Terrorist,-1668,471,-63.96875,Knife,100,0,0,0,0,False,False,False,325.8984,0
PB,Terrorist,-1668,471,-63.96875,Knife,100,0,0,0,0,False,False,False,325.8984,0
PB,Terrorist,-1668,471,-63.96875,Knife,100,0,0,0,0,False,False,False,325.8984,0
PB,Terrorist,-1668,471,-63.96875,Knife,100,0,0,0,0,False,False,False,325.8984,0
PB,Terrorist,-1668,471,-63.96875,Knife,100,0,0,0,0,False,False,False,325.8984,0
PB,Terrorist,-1668,471,-63.96875,Knife,100,0,0,0,0,False,False,False,325.8984,0
PB,Terrorist,-1668,471,-63.96875,Knife,100,0,0,0,0,False,False,False,325.8984,0
PB,Terrorist,-1668,471,-63.96875,Knife,100,0,0,0,0,False,False,False,325.8984,0
PB,Terrorist,-1668,471,-63.96875,Knife,100,0,0,0,0,False,False,False,325.8984,0
PB,Terrorist,-1668,471,-63.96875,Knife,100,0,0,0,0,False,False,False,325.8984,0
PB,Terrorist,-1668,471,-63.96875,Knife,100,0,0,0,0,False,False,False,325.8984,0
PB,Terrorist,-1668,471,-63.96875,Knife,100,0,0,0,0,False,False,False,325.8984,0
PB,Terrorist,-1668,471,-63.96875,Knife,100,0,0,0,0,False,False,False,325.8984,0
PB,Terrorist,-1668,471,-63.96875,Knife,100,0,0,0,0,False,False,False,325.8984,0
PB,Terrorist,-1668,471,-63.96875,Knife,100,0,0,0,0,False,False,False,325.8984,0
PB,Terrorist,-1668,471,-63.96875,Knife,100,0,0,0,0,False,False,False,325.8984,0
PB,Terrorist,-1668,471,-63.96875,Knife,100,0,0,0,0,False,False,False,325.8984,0
PB,Terrorist,-1668,471,-63.96875,Knife,100,0,0,0,0,False,False,False,325.8984,0
PB,Terrorist,-1668,471,-63.96875,Knife,100,0,0,0,0,False,False,False,325.8984,0
PB,Terrorist,-1668,471,-63.96875,Knife,100,0,0,0,0,False,False,False,325.8984,0
PB,Terrorist,-1668,471,-63.96875,Knife,100,0,0,0,0,False,False,False,325.8984,0
PB,Terrorist,-1668,471,-63.96875,Knife,100,0,0,0,0,False,False,False,325.8984,0
PB,Terrorist,-1668,471,-63.96875,Knife,100,0,0,0,0,False,False,False,325.8984,0
PB,Terrorist,-1668,471,-63.96875,Knife,100,0,0,0,0,False,False,False,325.8984,0
PB,Terrorist,-1668,471,-63.96875,Knife,100,0,0,0,0,False,False,False,325.8984,0
PB,Terrorist,-1668,471,-63.96875,Knife,100,0,0,0,0,False,False,False,325.8984,0
PB,Terrorist,-1668,471,-63.96875,Knife,100,0,0,0,0,False,False,False,325.8984,0
PB,Terrorist,-1668,471,-63.96875,Knife,100,0,0,0,0,False,False,False,325.8984,0
PB,Terrorist,-1668,471,-63.96875,Knife,100,0,0,0,0,False,False,False,325.8984,0
PB,Terrorist,-1668,471,-63.96875,Knife,100,0,0,0,0,False,False,False,325.8984,0
PB,Terrorist,-1668,471,-63.96875,Knife,100,0,0,0,0,False,False,False,325.8984,0
PB,Terrorist,-1668,471,-63.96875,Knife,100,0,0,0,0,False,False,False,325.8984,0
PB,Terrorist,-1668,471,-63.96875,Knife,100,0,0,0,0,False,False,False,325.8984,0
PB,Terrorist,-1668,471,-63.96875,Knife,100,0,0,0,0,False,False,False,325.8984,0
PB,Terrorist,-1668,471,-63.96875,Knife,100,0,0,0,0,False,False,False,325.8984,0
PB,Terrorist,-1668,471,-63.96875,Knife,100,0,0,0,0,False,False,False,325.8984,0
PB,Terrorist,-1668,471,-63.96875,Knife,100,0,0,0,0,False,False,False,325.8984,0
PB,Terrorist,-1668,471,-63.96875,Knife,100,0,0,0,0,False,False,False,325.8984,0
PB,Terrorist,-1668,471,-63.96875,Knife,100,0,0,0,0,False,False,False,325.8984,0
PB,Terrorist,-1668,471,-63.96875,Knife,100,0,0,0,0,False,False,False,325.8984,0
PB,Terrorist,-1668,471,-63.96875,Knife,100,0,0,0,0,False,False,False,325.8984,0
PB,Terrorist,-1668,471,-63.96875,Knife,100,0,0,0,0,False,False,False,325.8984,0
PB,Terrorist,-1668,471,-63.96875,Knife,100,0,0,0,0,False,False,False,325.8984,0
PB,Terrorist,-1668,471,-63.96875,Knife,100,0,0,0,0,False,False,False,325.8984,0
PB,Terrorist,-1668,471,-63.96875,Knife,100,0,0,0,0,False,False,False,325.8984,0
PB,Terrorist,-1668,471,-63.96875,Knife,100,0,0,0,0,False,False,False,325.8984,0
PB,Terrorist,-1668,471,-63.96875,Knife,100,0,0,0,0,False,False,False,325.8984,0
PB,Terrorist,-1668,471,-63.96875,Knife,100,0,0,0,0,False,False,False,325.8984,0
PB,Terrorist,-1668,471,-63.96875,Knife,100,0,0,0,0,False,False,False,325.8984,0
PB,Terrorist,-1668,471,-63.96875,Knife,100,0,0,0,0,False,False,False,325.8984,0
PB,Terrorist,-1668,471,-63.96875,Knife,100,0,0,0,0,False,False,False,325.8984,0
PB,Terrorist,-1668,471,-63.96875,Knife,100,0,0,0,0,False,False,False,325.8984,0
PB,Terrorist,-1668,471,-63.96875,Knife,100,0,0,0,0,False,False,False,325.8984,0
PB,Terrorist,-1668,471,-63.96875,Knife,100,0,0,0,0,False,False,False,325.8984,0
PB,Terrorist,-1668,471,-63.96875,Knife,100,0,0,0,0,False,False,False,325.8984,0
PB,Terrorist,-1668,471,-63.96875,Knife,100,0,0,0,0,False,False,False,325.8984,0
PB,Terrorist,-1668,471,-63.96875,Knife,100,0,0,0,0,False,False,False,325.8984,0
PB,Terrorist,-1668,471,-63.96875,Knife,100,0,0,0,0,False,False,False,325.8984,0
PB,Terrorist,-1668,471,-63.96875,Knife,100,0,0,0,0,False,False,False,325.8984,0
PB,Terrorist,-1668,471,-63.96875,Knife,100,0,0,0,0,False,False,False,325.8984,0
PB,Terrorist,-1668,471,-63.96875,Knife,100,0,0,0,0,False,False,False,325.8984,0
PB,Terrorist,-1668,471,-63.96875,Knife,100,0,0,0,0,False,False,False,325.8984,0
PB,Terrorist,-1668,471,-63.96875,Knife,100,0,0,0,0,False,False,False,325.8984,0
PB,Terrorist,-1668,471,-63.96875,Knife,100,0,0,0,0,False,False,False,325.8984,0
PB,Terrorist,-1668,471,-63.96875,Knife,100,0,0,0,0,False,False,False,325.8984,0
PB,Terrorist,-1668,471,-63.96875,Knife,100,0,0,0,0,False,False,False,325.8984,0
PB,Terrorist,-1668,471,-63.96875,Knife,100,0,0,0,0,False,False,False,325.8984,0
PB,Terrorist,-1668,471,-63.96875,Knife,100,0,0,0,0,False,False,False,325.8984,0
PB,Terrorist,-1668,471,-63.96875,Knife,100,0,0,0,0,False,False,False,325.8984,0
PB,Terrorist,-1668,471,-63.96875,Knife,100,0,0,0,0,False,False,False,325.8984,0
PB,Terrorist,-1668,471,-63.96875,Knife,100,0,0,0,0,False,False,False,325.8984,0
PB,Terrorist,-1668,471,-63.96875,Knife,100,0,0,0,0,False,False,False,325.8984,0
PB,Terrorist,-1668,471,-63.96875,Knife,100,0,0,0,0,False,False,False,325.8984,0
PB,Terrorist,-1668,471,-63.96875,Knife,100,0,0,0,0,False,False,False,325.8984,0
PB,Terrorist,-1668,471,-63.96875,Knife,100,0,0,0,0,False,False,False,325.8984,0
PB,Terrorist,-1668,471,-63.96875,Knife,100,0,0,0,0,False,False,False,325.8984,0
PB,Terrorist,-1668,471,-63.96875,Knife,100,0,0,0,0,False,False,False,325.8984,0
PB,Terrorist,-1668,471,-63.96875,Knife,100,0,0,0,0,False,False,False,325.8984,0
PB,Terrorist,-1668,471,-63.96875,Knife,100,0,0,0,0,False,False,False,325.8984,0
PB,Terrorist,-1668,471,-63.96875,Knife,100,0,0,0,0,False,False,False,325.8984,0
PB,Terrorist,-1668,471,-63.96875,Knife,100,0,0,0,0,False,False,False,325.8984,0
PB,Terrorist,-1668,471,-63.96875,Knife,100,0,0,0,0,False,False,False,325.8984,0
PB,Terrorist,-1668,471,-63.96875,Knife,100,0,0,0,0,False,False,False,325.8984,0
PB,Terrorist,-1668,471,-63.96875,Knife,100,0,0,0,0,False,False,False,325.8984,0
PB,Terrorist,-1668,471,-63.96875,Knife,100,0,0,0,0,False,False,False,325.8984,0
PB,Terrorist,-1668,471,-63.96875,Knife,100,0,0,0,0,False,False,False,325.8984,0
PB,Terrorist,-1668,471,-63.96875,Knife,100,0,0,0,0,False,False,False,325.8984,0
PB,Terrorist,-1668,471,-63.96875,Knife,100,0,0,0,0,False,False,False,325.8984,0
PB,Terrorist,-1668,471,-63.96875,Knife,100,0,0,0,0,False,False,False,325.8984,0
PB,Terrorist,-1668,471,-63.96875,Knife,100,0,0,0,0,False,False,False,325.8984,0
PB,Terrorist,-1668,471,-63.96875,Knife,100,0,0,0,0,False,False,False,325.8984,0
PB,Terrorist,-1668,471,-63.96875,Knife,100,0,0,0,0,False,False,False,325.8984,0
PB,Terrorist,-1668,471,-63.96875,Knife,100,0,0,0,0,False,False,False,325.8984,0
PB,Terrorist,-1668,471,-63.96875,Knife,100,0,0,0,0,False,False,False,325.8984,0
PB,Terrorist,-1668,471,-63.96875,Knife,100,0,0,0,0,False,False,False,325.8984,0
PB,Terrorist,-1668,471,-63.96875,Knife,100,0,0,0,0,False,False,False,325.8984,0
PB,Terrorist,-1668,471,-63.96875,Knife,100,0,0,0,0,False,False,False,325.8984,0
PB,Terrorist,-1668,471,-63.96875,Knife,100,0,0,0,0,False,False,False,325.8984,0
PB,Terrorist,-1668,471,-63.96875,Knife,100,0,0,0,0,False,False,False,325.8984,0
PB,Terrorist,-1668,471,-63.96875,Knife,100,0,0,0,0,False,False,False,325.8984,0
PB,Terrorist,-1668,471,-63.96875,Knife,100,0,0,0,0,False,False,False,325.8984,0
PB,Terrorist,-1668,471,-63.96875,Knife,100,0,0,0,0,False,False,False,325.8984,0
PB,Terrorist,-1668,471,-63.96875,Knife,100,0,0,0,0,False,False,False,325.8984,0
PB,Terrorist,-1668,471,-63.96875,Knife,100,0,0,0,0,False,False,False,325.8984,0
PB,Terrorist,-1668,471,-63.96875,Knife,100,0,0,0,0,False,False,False,325.8984,0
PB,Terrorist,-1668,471,-63.96875,Knife,100,0,0,0,0,False,False,False,325.8984,0
PB,Terrorist,-1668,471,-63.96875,Knife,100,0,0,0,0,False,False,False,325.8984,0
PB,Terrorist,-1668,471,-63.96875,Knife,100,0,0,0,0,False,False,False,325.8984,0
PB,Terrorist,-1668,471,-63.96875,Knife,100,0,0,0,0,False,False,False,325.8984,0
PB,Terrorist,-1668,471,-63.96875,Knife,100,0,0,0,0,False,False,False,325.8984,0
PB,Terrorist,-1668,471,-63.96875,Knife,100,0,0,0,0,False,False,False,325.8984,0
PB,Terrorist,-1668,471,-63.96875,Knife,100,0,0,0,0,False,False,False,325.8984,0
PB,Terrorist,-1668,471,-63.96875,Knife,100,0,0,0,0,False,False,False,325.8984,0
PB,Terrorist,-1668,471,-63.96875,Knife,100,0,0,0,0,False,False,False,325.8984,0
PB,Terrorist,-1668,471,-63.96875,Knife,100,0,0,0,0,False,False,False,325.8984,0
PB,Terrorist,-1668,471,-63.96875,Knife,100,0,0,0,0,False,False,False,325.8984,0
PB,Terrorist,-1668,471,-63.96875,Knife,100,0,0,0,0,False,False,False,325.8984,0
PB,Terrorist,-1668,471,-63.96875,Knife,100,0,0,0,0,False,False,False,325.8984,0
PB,Terrorist,-1668,471,-63.96875,Knife,100,0,0,0,0,False,False,False,325.8984,0
PB,Terrorist,-1668,471,-63.96875,Knife,100,0,0,0,0,False,False,False,325.8984,0
PB,Terrorist,-1668,471,-63.96875,Knife,100,0,0,0,0,False,False,False,325.8984,0
PB,Terrorist,-1668,471,-63.96875,Knife,100,0,0,0,0,False,False,False,325.8984,0
PB,Terrorist,-1668,471,-63.96875,Knife,100,0,0,0,0,False,False,False,325.8984,0
PB,Terrorist,-1668,471,-63.96875,Knife,100,0,0,0,0,False,False,False,325.8984,0
PB,Terrorist,-1668,471,-63.96875,Knife,100,0,0,0,0,False,False,False,325.8984,0
PB,Terrorist,-1668,471,-63.96875,Knife,100,0,0,0,0,False,False,False,325.8984,0
PB,Terrorist,-1668,471,-63.96875,Knife,100,0,0,0,0,False,False,False,325.8984,0
PB,Terrorist,-1668,471,-63.96875,Knife,100,0,0,0,0,False,False,False,325.8984,0
PB,Terrorist,-1668,471,-63.96875,Knife,100,0,0,0,0,False,False,False,325.8984,0
PB,Terrorist,-1668,471,-63.96875,Knife,100,0,0,0,0,False,False,False,325.8984,0
PB,Terrorist,-1668,471,-63.96875,Knife,100,0,0,0,0,False,False,False,325.8984,0
PB,Terrorist,-1668,471,-63.96875,Knife,100,0,0,0,0,False,False,False,325.8984,0
PB,Terrorist,-1668,471,-63.96875,Knife,100,0,0,0,0,False,False,False,325.8984,0
PB,Terrorist,-1668,471,-63.96875,Knife,100,0,0,0,0,False,False,False,325.8984,0
PB,Terrorist,-1668,471,-63.96875,Knife,100,0,0,0,0,False,False,False,325.8984,0
PB,Terrorist,-1668,471,-63.96875,Knife,100,0,0,0,0,False,False,False,325.8984,0
PB,Terrorist,-1668,471,-63.96875,Knife,100,0,0,0,0,False,False,False,325.8984,0
PB,Terrorist,-1668,471,-63.96875,Knife,100,0,0,0,0,False,False,False,325.8984,0
PB,Terrorist,-1668,471,-63.96875,Knife,100,0,0,0,0,False,False,False,325.8984,0
PB,Terrorist,-1668,471,-63.96875,Knife,100,0,0,0,0,False,False,False,325.8984,0
PB,Terrorist,-1668,471,-63.96875,Knife,100,0,0,0,0,False,False,False,325.8984,0
PB,Terrorist,-1668,471,-63.96875,Knife,100,0,0,0,0,False,False,False,325.8984,0
PB,Terrorist,-1668,471,-63.96875,Knife,100,0,0,0,0,False,False,False,325.8984,0
PB,Terrorist,-1668,471,-63.96875,Knife,100,0,0,0,0,False,False,False,325.8984,0
PB,Terrorist,-1668,471,-63.96875,Knife,100,0,0,0,0,False,False,False,325.8984,0
PB,Terrorist,-1668,471,-63.96875,Knife,100,0,0,0,0,False,False,False,325.8984,0
PB,Terrorist,-1668,471,-63.96875,Knife,100,0,0,0,0,False,False,False,325.8984,0
PB,Terrorist,-1668,471,-63.96875,Knife,100,0,0,0,0,False,False,False,325.8984,0
PB,Terrorist,-1668,471,-63.96875,Knife,100,0,0,0,0,False,False,False,325.8984,0
PB,Terrorist,-1668,471,-63.96875,Knife,100,0,0,0,0,False,False,False,325.8984,0
PB,Terrorist,-1668,471,-63.96875,Knife,100,0,0,0,0,False,False,False,325.8984,0
PB,Terrorist,-1668,471,-63.96875,Knife,100,0,0,0,0,False,False,False,325.8984,0
PB,Terrorist,-1668,471,-63.96875,Knife,100,0,0,0,0,False,False,False,325.8984,0
PB,Terrorist,-1668,471,-63.96875,Knife,100,0,0,0,0,False,False,False,325.8984,0
PB,Terrorist,-1668,471,-63.96875,Knife,100,0,0,0,0,False,False,False,325.8984,0
PB,Terrorist,-1668,471,-63.96875,Knife,100,0,0,0,0,False,False,False,325.8984,0
PB,Terrorist,-1668,471,-63.96875,Knife,100,0,0,0,0,False,False,False,325.8984,0
PB,Terrorist,-1668,471,-63.96875,Knife,100,0,0,0,0,False,False,False,325.8984,0
PB,Terrorist,-1668,471,-63.96875,Knife,100,0,0,0,0,False,False,False,325.8984,0
PB,Terrorist,-1668,471,-63.96875,Knife,100,0,0,0,0,False,False,False,325.8984,0
PB,Terrorist,-1668,471,-63.96875,Knife,100,0,0,0,0,False,False,False,325.8984,0
PB,Terrorist,-1668,471,-63.96875,Knife,100,0,0,0,0,False,False,False,325.8984,0
PB,Terrorist,-1668,471,-63.96875,Knife,100,0,0,0,0,False,False,False,325.8984,0
PB,Terrorist,-1668,471,-63.96875,Knife,100,0,0,0,0,False,False,False,325.8984,0
PB,Terrorist,-1668,471,-63.96875,Knife,100,0,0,0,0,False,False,False,325.8984,0
PB,Terrorist,-1668,471,-63.96875,Knife,100,0,0,0,0,False,False,False,325.8984,0
PB,Terrorist,-1668,471,-63.96875,Knife,100,0,0,0,0,False,False,False,325.8984,0
PB,Terrorist,-1668,471,-63.96875,Knife,100,0,0,0,0,False,False,False,325.8984,0
PB,Terrorist,-1668,471,-63.96875,Knife,100,0,0,0,0,False,False,False,325.8984,0
PB,Terrorist,-1668,471,-63.96875,Knife,100,0,0,0,0,False,False,False,325.8984,0
PB,Terrorist,-1668,471,-63.96875,Knife,100,0,0,0,0,False,False,False,325.8984,0
PB,Terrorist,-1668,471,-63.96875,Knife,100,0,0,0,0,False,False,False,325.8984,0
PB,Terrorist,-1668,471,-63.96875,Knife,100,0,0,0,0,False,False,False,325.8984,0
PB,Terrorist,-1668,471,-63.96875,Knife,100,0,0,0,0,False,False,False,325.8984,0
PB,Terrorist,-1668,471,-63.96875,Knife,100,0,0,0,0,False,False,False,325.8984,0
PB,Terrorist,-1668,471,-63.96875,Knife,100,0,0,0,0,False,False,False,325.8984,0
PB,Terrorist,-1668,471,-63.96875,Knife,100,0,0,0,0,False,False,False,325.8984,0
PB,Terrorist,-1668,471,-63.96875,Knife,100,0,0,0,0,False,False,False,325.8984,0
PB,Terrorist,-1668,471,-63.96875,Knife,100,0,0,0,0,False,False,False,325.8984,0
PB,Terrorist,-1668,471,-63.96875,Knife,100,0,0,0,0,False,False,False,325.8984,0
PB,Terrorist,-1668,471,-63.96875,Knife,100,0,0,0,0,False,False,False,325.8984,0
PB,Terrorist,-1668,471,-63.96875,Knife,100,0,0,0,0,False,False,False,325.8984,0
PB,Terrorist,-1668,471,-63.96875,Knife,100,0,0,0,0,False,False,False,325.8984,0
PB,Terrorist,-1668,471,-63.96875,Knife,100,0,0,0,0,False,False,False,325.8984,0
PB,Terrorist,-1668,471,-63.96875,Knife,100,0,0,0,0,False,False,False,325.8984,0
PB,Terrorist,-1668,471,-63.96875,Knife,100,0,0,0,0,False,False,False,325.8984,0
PB,Terrorist,-1668,471,-63.96875,Knife,100,0,0,0,0,False,False,False,325.8984,0
PB,Terrorist,-1668,471,-63.96875,Knife,100,0,0,0,0,False,False,False,325.8984,0
PB,Terrorist,-1668,471,-63.96875,Knife,100,0,0,0,0,False,False,False,325.8984,0
PB,Terrorist,-1668,471,-63.96875,Knife,100,0,0,0,0,False,False,False,325.8984,0
PB,Terrorist,-1668,471,-63.96875,Knife,100,0,0,0,0,False,False,False,325.8984,0
PB,Terrorist,-1668,471,-63.96875,Knife,100,0,0,0,0,False,False,False,325.8984,0
PB,Terrorist,-1668,471,-63.96875,Knife,100,0,0,0,0,False,False,False,325.8984,0
PB,Terrorist,-1668,471,-63.96875,Knife,100,0,0,0,0,False,False,False,325.8984,0
PB,Terrorist,-1668,471,-63.96875,Knife,100,0,0,0,0,False,False,False,325.8984,0
PB,Terrorist,-1668,471,-63.96875,Knife,100,0,0,0,0,False,False,False,325.8984,0
PB,Terrorist,-1668,471,-63.96875,Knife,100,0,0,0,0,False,False,False,325.8984,0
PB,Terrorist,-1668,471,-63.96875,Knife,100,0,0,0,0,False,False,False,325.8984,0
PB,Terrorist,-1668,471,-63.96875,Knife,100,0,0,0,0,False,False,False,325.8984,0
PB,Terrorist,-1668,471,-63.96875,Knife,100,0,0,0,0,False,False,False,325.8984,0
PB,Terrorist,-1668,471,-63.96875,Knife,100,0,0,0,0,False,False,False,325.8984,0
PB,Terrorist,-1668,471,-63.96875,Knife,100,0,0,0,0,False,False,False,325.8984,0
PB,Terrorist,-1668,471,-63.96875,Knife,100,0,0,0,0,False,False,False,325.8984,0
PB,Terrorist,-1668,471,-63.96875,Knife,100,0,0,0,0,False,False,False,325.8984,0
PB,Terrorist,-1668,471,-63.96875,Knife,100,0,0,0,0,False,False,False,325.8984,0
PB,Terrorist,-1668,471,-63.96875,Knife,100,0,0,0,0,False,False,False,325.8984,0
PB,Terrorist,-1668,471,-63.96875,Knife,100,0,0,0,0,False,False,False,325.8984,0
PB,Terrorist,-1668,471,-63.96875,Knife,100,0,0,0,0,False,False,False,325.8984,0
PB,Terrorist,-1668,471,-63.96875,Knife,100,0,0,0,0,False,False,False,325.8984,0
PB,Terrorist,-1668,471,-63.96875,Knife,100,0,0,0,0,False,False,False,325.8984,0
PB,Terrorist,-1668,471,-63.96875,Knife,100,0,0,0,0,False,False,False,325.8984,0
PB,Terrorist,-1668,471,-63.96875,Knife,100,0,0,0,0,False,False,False,325.8984,0
PB,Terrorist,-1668,471,-63.96875,Knife,100,0,0,0,0,False,False,False,325.8984,0
PB,Terrorist,-1668,471,-63.96875,Knife,100,0,0,0,0,False,False,False,325.8984,0
PB,Terrorist,-1668,471,-63.96875,Knife,100,0,0,0,0,False,False,False,325.8984,0
PB,Terrorist,-1668,471,-63.96875,Knife,100,0,0,0,0,False,False,False,325.8984,0
PB,Terrorist,-1668,471,-63.96875,Knife,100,0,0,0,0,False,False,False,325.8984,0
PB,Terrorist,-1668,471,-63.96875,Knife,100,0,0,0,0,False,False,False,325.8984,0
PB,Terrorist,-1668,471,-63.96875,Knife,100,0,0,0,0,False,False,False,325.8984,0
PB,Terrorist,-1668,471,-63.96875,Knife,100,0,0,0,0,False,False,False,325.8984,0
PB,Terrorist,-1668,471,-63.96875,Knife,100,0,0,0,0,False,False,False,325.8984,0
PB,Terrorist,-1668,471,-63.96875,Knife,100,0,0,0,0,False,False,False,325.8984,0
PB,Terrorist,-1668,471,-63.96875,Knife,100,0,0,0,0,False,False,False,325.8984,0
PB,Terrorist,-1668,471,-63.96875,Knife,100,0,0,0,0,False,False,False,325.8984,0
PB,Terrorist,-1668,471,-63.96875,Knife,100,0,0,0,0,False,False,False,325.8984,0
PB,Terrorist,-1668,471,-63.96875,Knife,100,0,0,0,0,False,False,False,325.8984,0
PB,Terrorist,-1668,471,-63.96875,Knife,100,0,0,0,0,False,False,False,325.8984,0
PB,Terrorist,-1668,471,-63.96875,Knife,100,0,0,0,0,False,False,False,325.8984,0
PB,Terrorist,-1668,471,-63.96875,Knife,100,0,0,0,0,False,False,False,325.8984,0
PB,Terrorist,-1668,471,-63.96875,Knife,100,0,0,0,0,False,False,False,325.8984,0
PB,Terrorist,-1668,471,-63.96875,Knife,100,0,0,0,0,False,False,False,325.8984,0
PB,Terrorist,-1668,471,-63.96875,Knife,100,0,0,0,0,False,False,False,325.8984,0
PB,Terrorist,-1668,471,-63.96875,Knife,100,0,0,0,0,False,False,False,325.8984,0
PB,Terrorist,-1668,471,-63.96875,Knife,100,0,0,0,0,False,False,False,325.8984,0
PB,Terrorist,-1668,471,-63.96875,Knife,100,0,0,0,0,False,False,False,325.8984,0
PB,Terrorist,-1668,471,-63.96875,Knife,100,0,0,0,0,False,False,False,325.8984,0
PB,Terrorist,-1668,471,-63.96875,Knife,100,0,0,0,0,False,False,False,325.8984,0
PB,Terrorist,-1668,471,-63.96875,Knife,100,0,0,0,0,False,False,False,325.8984,0
PB,Terrorist,-1668,471,-63.96875,Knife,100,0,0,0,0,False,False,False,325.8984,0
PB,Terrorist,-1668,471,-63.96875,Knife,100,0,0,0,0,False,False,False,325.8984,0
PB,Terrorist,-1668,471,-63.96875,Knife,100,0,0,0,0,False,False,False,325.8984,0
PB,Terrorist,-1668,471,-63.96875,Knife,100,0,0,0,0,False,False,False,325.8984,0
PB,Terrorist,-1668,471,-63.96875,Knife,100,0,0,0,0,False,False,False,325.8984,0
PB,Terrorist,-1668,471,-63.96875,Knife,100,0,0,0,0,False,False,False,325.8984,0
PB,Terrorist,-1668,471,-63.96875,Knife,100,0,0,0,0,False,False,False,325.8984,0
PB,Terrorist,-1668,471,-63.96875,Knife,100,0,0,0,0,False,False,False,325.8984,0
PB,Terrorist,-1668,471,-63.96875,Knife,100,0,0,0,0,False,False,False,325.8984,0
PB,Terrorist,-1668,471,-63.96875,Knife,100,0,0,0,0,False,False,False,325.8984,0
PB,Terrorist,-1668,471,-63.96875,Knife,100,0,0,0,0,False,False,False,325.8984,0
PB,Terrorist,-1668,471,-63.96875,Knife,100,0,0,0,0,False,False,False,325.8984,0
PB,Terrorist,-1668,471,-63.96875,Knife,100,0,0,0,0,False,False,False,325.8984,0
PB,Terrorist,-1668,471,-63.96875,Knife,100,0,0,0,0,False,False,False,325.8984,0
PB,Terrorist,-1668,471,-63.96875,Knife,100,0,0,0,0,False,False,False,325.8984,0
PB,Terrorist,-1668,471,-63.96875,Knife,100,0,0,0,0,False,False,False,325.8984,0
PB,Terrorist,-1668,471,-63.96875,Knife,100,0,0,0,0,False,False,False,325.8984,0
PB,Terrorist,-1668,471,-63.96875,Knife,100,0,0,0,0,False,False,False,325.8984,0
PB,Terrorist,-1668,471,-63.96875,Knife,100,0,0,0,0,False,False,False,325.8984,0
PB,Terrorist,-1668,471,-63.96875,Knife,100,0,0,0,0,False,False,False,325.8984,0
PB,Terrorist,-1668,471,-63.96875,Knife,100,0,0,0,0,False,False,False,325.8984,0
PB,Terrorist,-1668,471,-63.96875,Knife,100,0,0,0,0,False,False,False,325.8984,0
PB,Terrorist,-1668,471,-63.96875,Knife,100,0,0,0,0,False,False,False,325.8984,0
PB,Terrorist,-1668,471,-63.96875,Knife,100,0,0,0,0,False,False,False,325.8984,0
PB,Terrorist,-1668,471,-63.96875,Knife,100,0,0,0,0,False,False,False,325.8984,0
PB,Terrorist,-1668,471,-63.96875,Knife,100,0,0,0,0,False,False,False,325.8984,0
PB,Terrorist,-1668,471,-63.96875,Knife,100,0,0,0,0,False,False,False,325.8984,0
PB,Terrorist,-1668,471,-63.96875,Knife,100,0,0,0,0,False,False,False,325.8984,0
PB,Terrorist,-1668,471,-63.96875,Knife,100,0,0,0,0,False,False,False,325.8984,0
PB,Terrorist,-1668,471,-63.96875,Knife,100,0,0,0,0,False,False,False,325.8984,0
PB,Terrorist,-1668,471,-63.96875,Knife,100,0,0,0,0,False,False,False,325.8984,0
PB,Terrorist,-1668,471,-63.96875,Knife,100,0,0,0,0,False,False,False,325.8984,0
PB,Terrorist,-1668,471,-63.96875,Knife,100,0,0,0,0,False,False,False,325.8984,0
PB,Terrorist,-1668,471,-63.96875,Knife,100,0,0,0,0,False,False,False,325.8984,0
PB,Terrorist,-1668,471,-63.96875,Knife,100,0,0,0,0,False,False,False,325.8984,0
PB,Terrorist,-1668,471,-63.96875,Knife,100,0,0,0,0,False,False,False,325.8984,0
PB,Terrorist,-1668,471,-63.96875,Knife,100,0,0,0,0,False,False,False,325.8984,0
PB,Terrorist,-1668,471,-63.96875,Knife,100,0,0,0,0,False,False,False,325.8984,0
PB,Terrorist,-1668,471,-63.96875,Knife,100,0,0,0,0,False,False,False,325.8984,0
PB,Terrorist,-1668,471,-63.96875,Knife,100,0,0,0,0,False,False,False,325.8984,0
PB,Terrorist,-1668,471,-63.96875,Knife,100,0,0,0,0,False,False,False,325.8984,0
PB,Terrorist,-1668,471,-63.96875,Knife,100,0,0,0,0,False,False,False,325.8984,0
PB,Terrorist,-1668,471,-63.96875,Knife,100,0,0,0,0,False,False,False,325.8984,0
PB,Terrorist,-1668,471,-63.96875,Knife,100,0,0,0,0,False,False,False,325.8984,0
PB,Terrorist,-1668,471,-63.96875,Knife,100,0,0,0,0,False,False,False,325.8984,0
PB,Terrorist,-1668,471,-63.96875,Knife,100,0,0,0,0,False,False,False,325.8984,0
PB,Terrorist,-1668,471,-63.96875,Knife,100,0,0,0,0,False,False,False,325.8984,0
PB,Terrorist,-1668,471,-63.96875,Knife,100,0,0,0,0,False,False,False,325.8984,0
PB,Terrorist,-1668,471,-63.96875,Knife,100,0,0,0,0,False,False,False,325.8984,0
PB,Terrorist,-1668,471,-63.96875,Knife,100,0,0,0,0,False,False,False,325.8984,0
PB,Terrorist,-1668,471,-63.96875,Knife,100,0,0,0,0,False,False,False,325.8984,0
PB,Terrorist,-1668,471,-63.96875,Knife,100,0,0,0,0,False,False,False,325.8984,0
PB,Terrorist,-1668,471,-63.96875,Knife,100,0,0,0,0,False,False,False,325.8984,0
PB,Terrorist,-1668,471,-63.96875,Knife,100,0,0,0,0,False,False,False,325.8984,0
PB,Terrorist,-1668,471,-63.96875,Knife,100,0,0,0,0,False,False,False,325.8984,0
PB,Terrorist,-1668,471,-63.96875,Knife,100,0,0,0,0,False,False,False,325.8984,0
PB,Terrorist,-1668,471,-63.96875,Knife,100,0,0,0,0,False,False,False,325.8984,0
PB,Terrorist,-1668,471,-63.96875,Knife,100,0,0,0,0,False,False,False,325.8984,0
PB,Terrorist,-1668,471,-63.96875,Knife,100,0,0,0,0,False,False,False,325.8984,0
PB,Terrorist,-1668,471,-63.96875,Knife,100,0,0,0,0,False,False,False,325.8984,0
PB,Terrorist,-1668,471,-63.96875,Knife,100,0,0,0,0,False,False,False,325.8984,0
PB,Terrorist,-1668,471,-63.96875,Knife,100,0,0,0,0,False,False,False,325.8984,0
PB,Terrorist,-1668,471,-63.96875,Knife,100,0,0,0,0,False,False,False,325.8984,0
PB,Terrorist,-1668,471,-63.96875,Knife,100,0,0,0,0,False,False,False,325.8984,0
PB,Terrorist,-1668,471,-63.96875,Knife,100,0,0,0,0,False,False,False,325.8984,0
PB,Terrorist,-1668,471,-63.96875,Knife,100,0,0,0,0,False,False,False,325.8984,0
PB,Terrorist,-1668,471,-63.96875,Knife,100,0,0,0,0,False,False,False,325.8984,0
PB,Terrorist,-1668,471,-63.96875,Knife,100,0,0,0,0,False,False,False,325.8984,0
PB,Terrorist,-1668,471,-63.96875,Knife,100,0,0,0,0,False,False,False,325.8984,0
PB,Terrorist,-1668,471,-63.96875,Knife,100,0,0,0,0,False,False,False,325.8984,0
PB,Terrorist,-1668,471,-63.96875,Knife,100,0,0,0,0,False,False,False,325.8984,0
PB,Terrorist,-1668,471,-63.96875,Knife,100,0,0,0,0,False,False,False,325.8984,0
PB,Terrorist,-1668,471,-63.96875,Knife,100,0,0,0,0,False,False,False,325.8984,0
PB,Terrorist,-1668,471,-63.96875,Knife,100,0,0,0,0,False,False,False,325.8984,0
PB,Terrorist,-1668,471,-63.96875,Knife,100,0,0,0,0,False,False,False,325.8984,0
PB,Terrorist,-1668,471,-63.96875,Knife,100,0,0,0,0,False,False,False,325.8984,0
PB,Terrorist,-1668,471,-63.96875,Knife,100,0,0,0,0,False,False,False,325.8984,0
PB,Terrorist,-1668,471,-63.96875,Knife,100,0,0,0,0,False,False,False,325.8984,0
PB,Terrorist,-1668,471,-63.96875,Knife,100,0,0,0,0,False,False,False,325.8984,0
PB,Terrorist,-1668,471,-63.96875,Knife,100,0,0,0,0,False,False,False,325.8984,0
PB,Terrorist,-1668,471,-63.96875,Knife,100,0,0,0,0,False,False,False,325.8984,0
PB,Terrorist,-1668,471,-63.96875,Knife,100,0,0,0,0,False,False,False,325.8984,0
PB,Terrorist,-1668,471,-63.96875,Knife,100,0,0,0,0,False,False,False,325.8984,0
PB,Terrorist,-1668,471,-63.96875,Knife,100,0,0,0,0,False,False,False,325.8984,0
PB,Terrorist,-1668,471,-63.96875,Knife,100,0,0,0,0,False,False,False,325.8984,0
PB,Terrorist,-1668,471,-63.96875,Knife,100,0,0,0,0,False,False,False,325.8984,0
PB,Terrorist,-1668,471,-63.96875,Knife,100,0,0,0,0,False,False,False,325.8984,0
PB,Terrorist,-1668,471,-63.96875,Knife,100,0,0,0,0,False,False,False,325.8984,0
PB,Terrorist,-1668,471,-63.96875,Knife,100,0,0,0,0,False,False,False,325.8984,0
PB,Terrorist,-1668,471,-63.96875,Knife,100,0,0,0,0,False,False,False,325.8984,0
PB,Terrorist,-1668,471,-63.96875,Knife,100,0,0,0,0,False,False,False,325.8984,0
PB,Terrorist,-1668,471,-63.96875,Knife,100,0,0,0,0,False,False,False,325.8984,0
PB,Terrorist,-1668,471,-63.96875,Knife,100,0,0,0,0,False,False,False,325.8984,0
PB,Terrorist,-1668,471,-63.96875,Knife,100,0,0,0,0,False,False,False,325.8984,0
PB,Terrorist,-1668,471,-63.96875,Knife,100,0,0,0,0,False,False,False,325.8984,0
PB,Terrorist,-1668,471,-63.96875,Knife,100,0,0,0,0,False,False,False,325.8984,0
PB,Terrorist,-1668,471,-63.96875,Knife,100,0,0,0,0,False,False,False,325.8984,0
PB,Terrorist,-1668,471,-63.96875,Knife,100,0,0,0,0,False,False,False,325.8984,0
PB,Terrorist,-1668,471,-63.96875,Knife,100,0,0,0,0,False,False,False,325.8984,0
PB,Terrorist,-1668,471,-63.96875,Knife,100,0,0,0,0,False,False,False,325.8984,0
PB,Terrorist,-1668,471,-63.96875,Knife,100,0,0,0,0,False,False,False,325.8984,0
PB,Terrorist,-1668,471,-63.96875,Knife,100,0,0,0,0,False,False,False,325.8984,0
PB,Terrorist,-1668,471,-63.96875,Knife,100,0,0,0,0,False,False,False,325.8984,0
PB,Terrorist,-1668,471,-63.96875,Knife,100,0,0,0,0,False,False,False,325.8984,0
PB,Terrorist,-1668,471,-63.96875,Knife,100,0,0,0,0,False,False,False,325.8984,0
PB,Terrorist,-1668,471,-63.96875,Knife,100,0,0,0,0,False,False,False,325.8984,0
PB,Terrorist,-1668,471,-63.96875,Knife,100,0,0,0,0,False,False,False,325.8984,0
PB,Terrorist,-1668,471,-63.96875,Knife,100,0,0,0,0,False,False,False,325.8984,0
PB,Terrorist,-1668,471,-63.96875,Knife,100,0,0,0,0,False,False,False,325.8984,0
PB,Terrorist,-1668,471,-63.96875,Knife,100,0,0,0,0,False,False,False,325.8984,0
PB,Terrorist,-1668,471,-63.96875,Knife,100,0,0,0,0,False,False,False,325.8984,0
PB,Terrorist,-1668,471,-63.96875,Knife,100,0,0,0,0,False,False,False,325.8984,0
PB,Terrorist,-1668,471,-63.96875,Knife,100,0,0,0,0,False,False,False,325.8984,0
PB,Terrorist,-1668,471,-63.96875,Knife,100,0,0,0,0,False,False,False,325.8984,0
PB,Terrorist,-1668,471,-63.96875,Knife,100,0,0,0,0,False,False,False,325.8984,0
PB,Terrorist,-1668,471,-63.96875,Knife,100,0,0,0,0,False,False,False,325.8984,0
PB,Terrorist,-1668,471,-63.96875,Knife,100,0,0,0,0,False,False,False,325.8984,0
PB,Terrorist,-1668,471,-63.96875,Knife,100,0,0,0,0,False,False,False,325.8984,0
PB,Terrorist,-1668,471,-63.96875,Knife,100,0,0,0,0,False,False,False,325.8984,0
PB,Terrorist,-1668,471,-63.96875,Knife,100,0,0,0,0,False,False,False,325.8984,0
PB,Terrorist,-1668,471,-63.96875,Knife,100,0,0,0,0,False,False,False,325.8984,0
PB,Terrorist,-1668,471,-63.96875,Knife,100,0,0,0,0,False,False,False,325.8984,0
PB,Terrorist,-1668,471,-63.96875,Knife,100,0,0,0,0,False,False,False,325.8984,0
PB,Terrorist,-1668,471,-63.96875,Knife,100,0,0,0,0,False,False,False,325.8984,0
PB,Terrorist,-1668,471,-63.96875,Knife,100,0,0,0,0,False,False,False,325.8984,0
PB,Terrorist,-1668,471,-63.96875,Knife,100,0,0,0,0,False,False,False,325.8984,0
PB,Terrorist,-1668,471,-63.96875,Knife,100,0,0,0,0,False,False,False,325.8984,0
PB,Terrorist,-1668,471,-63.96875,Knife,100,0,0,0,0,False,False,False,325.8984,0
PB,Terrorist,-1668,471,-63.96875,Knife,100,0,0,0,0,False,False,False,325.8984,0
PB,Terrorist,-1668,471,-63.96875,Knife,100,0,0,0,0,False,False,False,325.8984,0
PB,Terrorist,-1668,471,-63.96875,Knife,100,0,0,0,0,False,False,False,325.8984,0
PB,Terrorist,-1668,471,-63.96875,Knife,100,0,0,0,0,False,False,False,325.8984,0
PB,Terrorist,-1668,471,-63.96875,Knife,100,0,0,0,0,False,False,False,325.8984,0
PB,Terrorist,-1668,471,-63.96875,Knife,100,0,0,0,0,False,False,False,325.8984,0
PB,Terrorist,-1668,471,-63.96875,Knife,100,0,0,0,0,False,False,False,325.8984,0
PB,Terrorist,-1668,471,-63.96875,Knife,100,0,0,0,0,False,False,False,325.8984,0
PB,Terrorist,-1668,471,-63.96875,Knife,100,0,0,0,0,False,False,False,325.8984,0
PB,Terrorist,-1668,471,-63.96875,Knife,100,0,0,0,0,False,False,False,325.8984,0
PB,Terrorist,-1668,471,-63.96875,Knife,100,0,0,0,0,False,False,False,325.8984,0
PB,Terrorist,-1668,471,-63.96875,Knife,100,0,0,0,0,False,False,False,325.8984,0
PB,Terrorist,-1668,471,-63.96875,Knife,100,0,0,0,0,False,False,False,325.8984,0
PB,Terrorist,-1668,471,-63.96875,Knife,100,0,0,0,0,False,False,False,325.8984,0
PB,Terrorist,-1668,471,-63.96875,Knife,100,0,0,0,0,False,False,False,325.8984,0
PB,Terrorist,-1668,471,-63.96875,Knife,100,0,0,0,0,False,False,False,325.8984,0
PB,Terrorist,-1668,471,-63.96875,Knife,100,0,0,0,0,False,False,False,325.8984,0
PB,Terrorist,-1668,471,-63.96875,Knife,100,0,0,0,0,False,False,False,325.8984,0
PB,Terrorist,-1668,471,-63.96875,Knife,100,0,0,0,0,False,False,False,325.8984,0
PB,Terrorist,-1668,471,-63.96875,Knife,100,0,0,0,0,False,False,False,325.8984,0
PB,Terrorist,-1668,471,-63.96875,Knife,100,0,0,0,0,False,False,False,325.8984,0
PB,Terrorist,-1668,471,-63.96875,Knife,100,0,0,0,0,False,False,False,325.8984,0
PB,Terrorist,-1668,471,-63.96875,Knife,100,0,0,0,0,False,False,False,325.8984,0
PB,Terrorist,-1668,471,-63.96875,Knife,100,0,0,0,0,False,False,False,325.8984,0
PB,Terrorist,-1668,471,-63.96875,Knife,100,0,0,0,0,False,False,False,325.8984,0
PB,Terrorist,-1668,471,-63.96875,Knife,100,0,0,0,0,False,False,False,325.8984,0
PB,Terrorist,-1668,471,-63.96875,Knife,100,0,0,0,0,False,False,False,325.8984,0
PB,Terrorist,-1668,471,-63.96875,Knife,100,0,0,0,0,False,False,False,325.8984,0
PB,Terrorist,-1668,471,-63.96875,Knife,100,0,0,0,0,False,False,False,325.8984,0
PB,Terrorist,-1668,471,-63.96875,Knife,100,0,0,0,0,False,False,False,325.8984,0
PB,Terrorist,-1668,471,-63.96875,Knife,100,0,0,0,0,False,False,False,325.8984,0
PB,Terrorist,-1668,471,-63.96875,Knife,100,0,0,0,0,False,False,False,325.8984,0
PB,Terrorist,-1668,471,-63.96875,Knife,100,0,0,0,0,False,False,False,325.8984,0
PB,Terrorist,-1668,471,-63.96875,Knife,100,0,0,0,0,False,False,False,325.8984,0
PB,Terrorist,-1668,471,-63.96875,Knife,100,0,0,0,0,False,False,False,325.8984,0
PB,Terrorist,-1668,471,-63.96875,Knife,100,0,0,0,0,False,False,False,325.8984,0
PB,Terrorist,-1668,471,-63.96875,Knife,100,0,0,0,0,False,False,False,325.8984,0
PB,Terrorist,-1668,471,-63.96875,Knife,100,0,0,0,0,False,False,False,325.8984,0
PB,Terrorist,-1668,471,-63.96875,Knife,100,0,0,0,0,False,False,False,325.8984,0
PB,Terrorist,-1668,471,-63.96875,Knife,100,0,0,0,0,False,False,False,325.8984,0
PB,Terrorist,-1668,471,-63.96875,Knife,100,0,0,0,0,False,False,False,325.8984,0
PB,Terrorist,-1668,471,-63.96875,Knife,100,0,0,0,0,False,False,False,325.8984,0
PB,Terrorist,-1668,471,-63.96875,Knife,100,0,0,0,0,False,False,False,325.8984,0
PB,Terrorist,-1668,471,-63.96875,Knife,100,0,0,0,0,False,False,False,325.8984,0
PB,Terrorist,-1668,471,-63.96875,Knife,100,0,0,0,0,False,False,False,325.8984,0
PB,Terrorist,-1668,471,-63.96875,Knife,100,0,0,0,0,False,False,False,325.8984,0
PB,Terrorist,-1668,471,-63.96875,Knife,100,0,0,0,0,False,False,False,325.8984,0
PB,Terrorist,-1668,471,-63.96875,Knife,100,0,0,0,0,False,False,False,325.8984,0
PB,Terrorist,-1668,471,-63.96875,Knife,100,0,0,0,0,False,False,False,325.8984,0
PB,Terrorist,-1668,471,-63.96875,Knife,100,0,0,0,0,False,False,False,325.8984,0
PB,Terrorist,-1668,471,-63.96875,Knife,100,0,0,0,0,False,False,False,325.8984,0
PB,Terrorist,-1668,471,-63.96875,Knife,100,0,0,0,0,False,False,False,325.8984,0
PB,Terrorist,-1668,471,-63.96875,Knife,100,0,0,0,0,False,False,False,325.8984,0
PB,Terrorist,-1668,471,-63.96875,Knife,100,0,0,0,0,False,False,False,325.8984,0
PB,Terrorist,-1668,471,-63.96875,Knife,100,0,0,0,0,False,False,False,325.8984,0
PB,Terrorist,-1668,471,-63.96875,Knife,100,0,0,0,0,False,False,False,325.8984,0
PB,Terrorist,-1668,471,-63.96875,Knife,100,0,0,0,0,False,False,False,325.8984,0
PB,Terrorist,-1668,471,-63.96875,Knife,100,0,0,0,0,False,False,False,325.8984,0
PB,Terrorist,-1668,471,-63.96875,Knife,100,0,0,0,0,False,False,False,325.8984,0
PB,Terrorist,-1668,471,-63.96875,Knife,100,0,0,0,0,False,False,False,325.8984,0
PB,Terrorist,-1668,471,-63.96875,Knife,100,0,0,0,0,False,False,False,325.8984,0
PB,Terrorist,-1668,471,-63.96875,Knife,100,0,0,0,0,False,False,False,325.8984,0
PB,Terrorist,-1668,471,-63.96875,Knife,100,0,0,0,0,False,False,False,325.8984,0
PB,Terrorist,-1668,471,-63.96875,Knife,100,0,0,0,0,False,False,False,325.8984,0
PB,Terrorist,-1668,471,-63.96875,Knife,100,0,0,0,0,False,False,False,325.8984,0
PB,Terrorist,-1668,471,-63.96875,Knife,100,0,0,0,0,False,False,False,325.8984,0
PB,Terrorist,-1668,471,-63.96875,Knife,100,0,0,0,0,False,False,False,325.8984,0
PB,Terrorist,-1668,471,-63.96875,Knife,100,0,0,0,0,False,False,False,325.8984,0
PB,Terrorist,-1668,471,-63.96875,Knife,100,0,0,0,0,False,False,False,325.8984,0
PB,Terrorist,-1668,471,-63.96875,Knife,100,0,0,0,0,False,False,False,325.8984,0
PB,Terrorist,-1668,471,-63.96875,Knife,100,0,0,0,0,False,False,False,325.8984,0
PB,Terrorist,-1668,471,-63.96875,Knife,100,0,0,0,0,False,False,False,325.8984,0
PB,Terrorist,-1668,471,-63.96875,Knife,100,0,0,0,0,False,False,False,325.8984,0
PB,Terrorist,-1668,471,-63.96875,Knife,100,0,0,0,0,False,False,False,325.8984,0
PB,Terrorist,-1668,471,-63.96875,Knife,100,0,0,0,0,False,False,False,325.8984,0
PB,Terrorist,-1668,471,-63.96875,Knife,100,0,0,0,0,False,False,False,325.8984,0
PB,Terrorist,-1668,471,-63.96875,Knife,100,0,0,0,0,False,False,False,325.8984,0
PB,Terrorist,-1668,471,-63.96875,Knife,100,0,0,0,0,False,False,False,325.8984,0
PB,Terrorist,-1668,471,-63.96875,Knife,100,0,0,0,0,False,False,False,325.8984,0
PB,Terrorist,-1668,471,-63.96875,Knife,100,0,0,0,0,False,False,False,325.8984,0
PB,Terrorist,-1668,471,-63.96875,Knife,100,0,0,0,0,False,False,False,325.8984,0
PB,Terrorist,-1668,471,-63.96875,Knife,100,0,0,0,0,False,False,False,325.8984,0
PB,Terrorist,-1668,471,-63.96875,Knife,100,0,0,0,0,False,False,False,325.8984,0
PB,Terrorist,-1668,471,-63.96875,Knife,100,0,0,0,0,False,False,False,325.8984,0
PB,Terrorist,-1668,471,-63.96875,Knife,100,0,0,0,0,False,False,False,325.8984,0
PB,Terrorist,-1668,471,-63.96875,Knife,100,0,0,0,0,False,False,False,325.8984,0
PB,Terrorist,-1668,471,-63.96875,Knife,100,0,0,0,0,False,False,False,325.8984,0
PB,Terrorist,-1668,471,-63.96875,Knife,100,0,0,0,0,False,False,False,325.8984,0
PB,Terrorist,-1668,471,-63.96875,Knife,100,0,0,0,0,False,False,False,325.8984,0
PB,Terrorist,-1668,471,-63.96875,Knife,100,0,0,0,0,False,False,False,325.8984,0
PB,Terrorist,-1668,471,-63.96875,Knife,100,0,0,0,0,False,False,False,325.8984,0
PB,Terrorist,-1668,471,-63.96875,Knife,100,0,0,0,0,False,False,False,325.8984,0
PB,Terrorist,-1668,471,-63.96875,Knife,100,0,0,0,0,False,False,False,325.8984,0
PB,Terrorist,-1668,471,-63.96875,Knife,100,0,0,0,0,False,False,False,325.8984,0
PB,Terrorist,-1668,471,-63.96875,Knife,100,0,0,0,0,False,False,False,325.8984,0
PB,Terrorist,-1668,471,-63.96875,Knife,100,0,0,0,0,False,False,False,325.8984,0
PB,Terrorist,-1668,471,-63.96875,Knife,100,0,0,0,0,False,False,False,325.8984,0
PB,Terrorist,-1668,471,-63.96875,Knife,100,0,0,0,0,False,False,False,325.8984,0
PB,Terrorist,-1668,471,-63.96875,Knife,100,0,0,0,0,False,False,False,325.8984,0
PB,Terrorist,-1668,471,-63.96875,Knife,100,0,0,0,0,False,False,False,325.8984,0
PB,Terrorist,-1668,471,-63.96875,Knife,100,0,0,0,0,False,False,False,325.8984,0
PB,Terrorist,-1668,471,-63.96875,Knife,100,0,0,0,0,False,False,False,325.8984,0
PB,Terrorist,-1668,471,-63.96875,Knife,100,0,0,0,0,False,False,False,325.8984,0
PB,Terrorist,-1668,471,-63.96875,Knife,100,0,0,0,0,False,False,False,325.8984,0
PB,Terrorist,-1668,471,-63.96875,Knife,100,0,0,0,0,False,False,False,325.8984,0
PB,Terrorist,-1668,471,-63.96875,Knife,100,0,0,0,0,False,False,False,325.8984,0
PB,Terrorist,-1668,471,-63.96875,Knife,100,0,0,0,0,False,False,False,325.8984,0
PB,Terrorist,-1668,471,-63.96875,Knife,100,0,0,0,0,False,False,False,325.8984,0
PB,Terrorist,-1668,471,-63.96875,Knife,100,0,0,0,0,False,False,False,325.8984,0
PB,Terrorist,-1668,471,-63.96875,Knife,100,0,0,0,0,False,False,False,325.8984,0
PB,Terrorist,-1668,471,-63.96875,Knife,100,0,0,0,0,False,False,False,325.8984,0
PB,Terrorist,-1668,471,-63.96875,Knife,100,0,0,0,0,False,False,False,325.8984,0
PB,Terrorist,-1668,471,-63.96875,Knife,100,0,0,0,0,False,False,False,325.8984,0
PB,Terrorist,-1668,471,-63.96875,Knife,100,0,0,0,0,False,False,False,325.8984,0
PB,Terrorist,-1668,471,-63.96875,Knife,100,0,0,0,0,False,False,False,325.8984,0
PB,Terrorist,-1668,471,-63.96875,Knife,100,0,0,0,0,False,False,False,325.8984,0
PB,Terrorist,-1668,471,-63.96875,Knife,100,0,0,0,0,False,False,False,325.8984,0
PB,Terrorist,-1668,471,-63.96875,Knife,100,0,0,0,0,False,False,False,325.8984,0
PB,Terrorist,-1668,471,-63.96875,Knife,100,0,0,0,0,False,False,False,325.8984,0
PB,Terrorist,-1668,471,-63.96875,Knife,100,0,0,0,0,False,False,False,325.8984,0
PB,Terrorist,-1668,471,-63.96875,Knife,100,0,0,0,0,False,False,False,325.8984,0
PB,Terrorist,-1668,471,-63.96875,Knife,100,0,0,0,0,False,False,False,325.8984,0
PB,Terrorist,-1668,471,-63.96875,Knife,100,0,0,0,0,False,False,False,325.8984,0
PB,Terrorist,-1668,471,-63.96875,Knife,100,0,0,0,0,False,False,False,325.8984,0
PB,Terrorist,-1668,471,-63.96875,Knife,100,0,0,0,0,False,False,False,325.8984,0
PB,Terrorist,-1668,471,-63.96875,Knife,100,0,0,0,0,False,False,False,325.8984,0
PB,Terrorist,-1668,471,-63.96875,Knife,100,0,0,0,0,False,False,False,325.8984,0
PB,Terrorist,-1668,471,-63.96875,Knife,100,0,0,0,0,False,False,False,325.8984,0
PB,Terrorist,-1668,471,-63.96875,Knife,100,0,0,0,0,False,False,False,325.8984,0
PB,Terrorist,-1668,471,-63.96875,Knife,100,0,0,0,0,False,False,False,325.8984,0
PB,Terrorist,-1668,471,-63.96875,Knife,100,0,0,0,0,False,False,False,325.8984,0
PB,Terrorist,-1668,471,-63.96875,Knife,100,0,0,0,0,False,False,False,325.8984,0
PB,Terrorist,-1668,471,-63.96875,Knife,100,0,0,0,0,False,False,False,325.8984,0
PB,Terrorist,-1668,471,-63.96875,Knife,100,0,0,0,0,False,False,False,325.8984,0
PB,Terrorist,-1668,471,-63.96875,Knife,100,0,0,0,0,False,False,False,325.8984,0
PB,Terrorist,-1668,471,-63.96875,Knife,100,0,0,0,0,False,False,False,325.8984,0
PB,Terrorist,-1668,471,-63.96875,Knife,100,0,0,0,0,False,False,False,325.8984,0
PB,Terrorist,-1668,471,-63.96875,Knife,100,0,0,0,0,False,False,False,325.8984,0
PB,Terrorist,-1668,471,-63.96875,Knife,100,0,0,0,0,False,False,False,325.8984,0
PB,Terrorist,-1668,471,-63.96875,Knife,100,0,0,0,0,False,False,False,325.8984,0
PB,Terrorist,-1668,471,-63.96875,Knife,100,0,0,0,0,False,False,False,325.8984,0
PB,Terrorist,-1668,471,-63.96875,Knife,100,0,0,0,0,False,False,False,325.8984,0
PB,Terrorist,-1668,471,-63.96875,Knife,100,0,0,0,0,False,False,False,325.8984,0
PB,Terrorist,-1668,471,-63.96875,Knife,100,0,0,0,0,False,False,False,325.8984,0
PB,Terrorist,-1668,471,-63.96875,Knife,100,0,0,0,0,False,False,False,325.8984,0
PB,Terrorist,-1668,471,-63.96875,Knife,100,0,0,0,0,False,False,False,325.8984,0
PB,Terrorist,-1668,471,-63.96875,Knife,100,0,0,0,0,False,False,False,325.8984,0
PB,Terrorist,-1668,471,-63.96875,Knife,100,0,0,0,0,False,False,False,325.8984,0
PB,Terrorist,-1668,471,-63.96875,Knife,100,0,0,0,0,False,False,False,325.8984,0
PB,Terrorist,-1668,471,-63.96875,Knife,100,0,0,0,0,False,False,False,325.8984,0
PB,Terrorist,-1668,471,-63.96875,Knife,100,0,0,0,0,False,False,False,325.8984,0
PB,Terrorist,-1668,471,-63.96875,Knife,100,0,0,0,0,False,False,False,325.8984,0
PB,Terrorist,-1668,471,-63.96875,Knife,100,0,0,0,0,False,False,False,325.8984,0
PB,Terrorist,-1668,471,-63.96875,Knife,100,0,0,0,0,False,False,False,325.8984,0
PB,Terrorist,-1668,471,-63.96875,Knife,100,0,0,0,0,False,False,False,325.8984,0
PB,Terrorist,-1668,471,-63.96875,Knife,100,0,0,0,0,False,False,False,325.8984,0
PB,Terrorist,-1668,471,-63.96875,Knife,100,0,0,0,0,False,False,False,325.8984,0
PB,Terrorist,-1668,471,-63.96875,Knife,100,0,0,0,0,False,False,False,325.8984,0
PB,Terrorist,-1668,471,-63.96875,Knife,100,0,0,0,0,False,False,False,325.8984,0
PB,Terrorist,-1668,471,-63.96875,Knife,100,0,0,0,0,False,False,False,325.8984,0
PB,Terrorist,-1668,471,-63.96875,Knife,100,0,0,0,0,False,False,False,325.8984,0
PB,Terrorist,-1668,471,-63.96875,Knife,100,0,0,0,0,False,False,False,325.8984,0
PB,Terrorist,-1668,471,-63.96875,Knife,100,0,0,0,0,False,False,False,325.8984,0
PB,Terrorist,-1668,471,-63.96875,Knife,100,0,0,0,0,False,False,False,325.8984,0
PB,Terrorist,-1668,471,-63.96875,Knife,100,0,0,0,0,False,False,False,325.8984,0
PB,Terrorist,-1668,471,-63.96875,Knife,100,0,0,0,0,False,False,False,325.8984,0
PB,Terrorist,-1668,471,-63.96875,Knife,100,0,0,0,0,False,False,False,325.8984,0
PB,Terrorist,-1668,471,-63.96875,Knife,100,0,0,0,0,False,False,False,325.8984,0
PB,Terrorist,-1668,471,-63.96875,Knife,100,0,0,0,0,False,False,False,325.8984,0
PB,Terrorist,-1668,471,-63.96875,Knife,100,0,0,0,0,False,False,False,325.8984,0
PB,Terrorist,-1668,471,-63.96875,Knife,100,0,0,0,0,False,False,False,325.8984,0
PB,Terrorist,-1668,471,-63.96875,Knife,100,0,0,0,0,False,False,False,325.8984,0
PB,Terrorist,-1668,471,-63.96875,Knife,100,0,0,0,0,False,False,False,325.8984,0
PB,Terrorist,-1668,471,-63.96875,Knife,100,0,0,0,0,False,False,False,325.8984,0
PB,Terrorist,-1668,471,-63.96875,Knife,100,0,0,0,0,False,False,False,325.8984,0
PB,Terrorist,-1668,471,-63.96875,Knife,100,0,0,0,0,False,False,False,325.8984,0
PB,Terrorist,-1668,471,-63.96875,Knife,100,0,0,0,0,False,False,False,325.8984,0
PB,Terrorist,-1668,471,-63.96875,Knife,100,0,0,0,0,False,False,False,325.8984,0
PB,Terrorist,-1668,471,-63.96875,Knife,100,0,0,0,0,False,False,False,325.8984,0
PB,Terrorist,-1668,471,-63.96875,Knife,100,0,0,0,0,False,False,False,325.8984,0
PB,Terrorist,-1668,471,-63.96875,Knife,100,0,0,0,0,False,False,False,325.8984,0
PB,Terrorist,-1668,471,-63.96875,Knife,100,0,0,0,0,False,False,False,325.8984,0
PB,Terrorist,-1668,471,-63.96875,Knife,100,0,0,0,0,False,False,False,325.8984,0
PB,Terrorist,-1668,471,-63.96875,Knife,100,0,0,0,0,False,False,False,325.8984,0
PB,Terrorist,-1668,471,-63.96875,Knife,100,0,0,0,0,False,False,False,325.8984,0
PB,Terrorist,-1668,471,-63.96875,Knife,100,0,0,0,0,False,False,False,325.8984,0
PB,Terrorist,-1668,471,-63.96875,Knife,100,0,0,0,0,False,False,False,325.8984,0
PB,Terrorist,-1668,471,-63.96875,Knife,100,0,0,0,0,False,False,False,325.8984,0
PB,Terrorist,-1668,471,-63.96875,Knife,100,0,0,0,0,False,False,False,325.8984,0
PB,Terrorist,-1668,471,-63.96875,Knife,100,0,0,0,0,False,False,False,325.8984,0
PB,Terrorist,-1668,471,-63.96875,Knife,100,0,0,0,0,False,False,False,325.8984,0
PB,Terrorist,-1668,471,-63.96875,Knife,100,0,0,0,0,False,False,False,325.8984,0
PB,Terrorist,-1668,471,-63.96875,Knife,100,0,0,0,0,False,False,False,325.8984,0
PB,Terrorist,-1668,471,-63.96875,Knife,100,0,0,0,0,False,False,False,325.8984,0
PB,Terrorist,-1668,471,-63.96875,Knife,100,0,0,0,0,False,False,False,325.8984,0
PB,Terrorist,-1668,471,-63.96875,Knife,100,0,0,0,0,False,False,False,325.8984,0
PB,Terrorist,-1668,471,-63.96875,Knife,100,0,0,0,0,False,False,False,325.8984,0
PB,Terrorist,-1668,471,-63.96875,Knife,100,0,0,0,0,False,False,False,325.8984,0
PB,Terrorist,-1668,471,-63.96875,Knife,100,0,0,0,0,False,False,False,325.8984,0
PB,Terrorist,-1668,471,-63.96875,Knife,100,0,0,0,0,False,False,False,325.8984,0
PB,Terrorist,-1668,471,-63.96875,Knife,100,0,0,0,0,False,False,False,325.8984,0
PB,Terrorist,-1668,471,-63.96875,Knife,100,0,0,0,0,False,False,False,325.8984,0
PB,Terrorist,-1668,471,-63.96875,Knife,100,0,0,0,0,False,False,False,325.8984,0
PB,Terrorist,-1668,471,-63.96875,Knife,100,0,0,0,0,False,False,False,325.8984,0
PB,Terrorist,-1668,471,-63.96875,Knife,100,0,0,0,0,False,False,False,325.8984,0
PB,Terrorist,-1668,471,-63.96875,Knife,100,0,0,0,0,False,False,False,325.8984,0
PB,Terrorist,-1668,471,-63.96875,Knife,100,0,0,0,0,False,False,False,325.8984,0
PB,Terrorist,-1668,471,-63.96875,Knife,100,0,0,0,0,False,False,False,325.8984,0
PB,Terrorist,-1668,471,-63.96875,Knife,100,0,0,0,0,False,False,False,325.8984,0
PB,Terrorist,-1668,471,-63.96875,Knife,100,0,0,0,0,False,False,False,325.8984,0
PB,Terrorist,-1668,471,-63.96875,Knife,100,0,0,0,0,False,False,False,325.8984,0
PB,Terrorist,-1668,471,-63.96875,Knife,100,0,0,0,0,False,False,False,325.8984,0
PB,Terrorist,-1668,471,-63.96875,Knife,100,0,0,0,0,False,False,False,325.8984,0
PB,Terrorist,-1668,471,-63.96875,Knife,100,0,0,0,0,False,False,False,325.8984,0
PB,Terrorist,-1668,471,-63.96875,Knife,100,0,0,0,0,False,False,False,325.8984,0
PB,Terrorist,-1668,471,-63.96875,Knife,100,0,0,0,0,False,False,False,325.8984,0
PB,Terrorist,-1668,471,-63.96875,Knife,100,0,0,0,0,False,False,False,325.8984,0
PB,Terrorist,-1668,471,-63.96875,Knife,100,0,0,0,0,False,False,False,325.8984,0
PB,Terrorist,-1668,471,-63.96875,Knife,100,0,0,0,0,False,False,False,325.8984,0
PB,Terrorist,-1668,471,-63.96875,Knife,100,0,0,0,0,False,False,False,325.8984,0
PB,Terrorist,-1668,471,-63.96875,Knife,100,0,0,0,0,False,False,False,325.8984,0
PB,Terrorist,-1668,471,-63.96875,Knife,100,0,0,0,0,False,False,False,325.8984,0
PB,Terrorist,-1668,471,-63.96875,Knife,100,0,0,0,0,False,False,False,325.8984,0
PB,Terrorist,-1668,471,-63.96875,Knife,100,0,0,0,0,False,False,False,325.8984,0
PB,Terrorist,-1668,471,-63.96875,Knife,100,0,0,0,0,False,False,False,325.8984,0
PB,Terrorist,-1668,471,-63.96875,Knife,100,0,0,0,0,False,False,False,325.8984,0
PB,Terrorist,-1668,471,-63.96875,Knife,100,0,0,0,0,False,False,False,325.8984,0
PB,Terrorist,-1668,471,-63.96875,Knife,100,0,0,0,0,False,False,False,325.8984,0
PB,Terrorist,-1668,471,-63.96875,Knife,100,0,0,0,0,False,False,False,325.8984,0
PB,Terrorist,-1668,471,-63.96875,Knife,100,0,0,0,0,False,False,False,325.8984,0
PB,Terrorist,-1668,471,-63.96875,Knife,100,0,0,0,0,False,False,False,325.8984,0
PB,Terrorist,-1668,471,-63.96875,Knife,100,0,0,0,0,False,False,False,325.8984,0
PB,Terrorist,-1668,471,-63.96875,Knife,100,0,0,0,0,False,False,False,325.8984,0
PB,Terrorist,-1668,471,-63.96875,Knife,100,0,0,0,0,False,False,False,325.8984,0
PB,Terrorist,-1668,471,-63.96875,Knife,100,0,0,0,0,False,False,False,325.8984,0
PB,Terrorist,-1668,471,-63.96875,Knife,100,0,0,0,0,False,False,False,325.8984,0
PB,Terrorist,-1668,471,-63.96875,Knife,100,0,0,0,0,False,False,False,325.8984,0
PB,Terrorist,-1668,471,-63.96875,Knife,100,0,0,0,0,False,False,False,325.8984,0
PB,Terrorist,-1668,471,-63.96875,Knife,100,0,0,0,0,False,False,False,325.8984,0
PB,Terrorist,-1668,471,-63.96875,Knife,100,0,0,0,0,False,False,False,325.8984,0
PB,Terrorist,-1668,471,-63.96875,Knife,100,0,0,0,0,False,False,False,325.8984,0
PB,Terrorist,-1668,471,-63.96875,Knife,100,0,0,0,0,False,False,False,325.8984,0
PB,Terrorist,-1668,471,-63.96875,Knife,100,0,0,0,0,False,False,False,325.8984,0
PB,Terrorist,-1668,471,-63.96875,Knife,100,0,0,0,0,False,False,False,325.8984,0
PB,Terrorist,-1668,471,-63.96875,Knife,100,0,0,0,0,False,False,False,325.8984,0
PB,Terrorist,-1668,471,-63.96875,Knife,100,0,0,0,0,False,False,False,325.8984,0
PB,Terrorist,-1668,471,-63.96875,Knife,100,0,0,0,0,False,False,False,325.8984,0
PB,Terrorist,-1668,471,-63.96875,Knife,100,0,0,0,0,False,False,False,325.8984,0
PB,Terrorist,-1668,471,-63.96875,Knife,100,0,0,0,0,False,False,False,325.8984,0
PB,Terrorist,-1668,471,-63.96875,Knife,100,0,0,0,0,False,False,False,325.8984,0
PB,Terrorist,-1668,471,-63.96875,Knife,100,0,0,0,0,False,False,False,325.8984,0
PB,Terrorist,-1668,471,-63.96875,Knife,100,0,0,0,0,False,False,False,325.8984,0
PB,Terrorist,-1668,471,-63.96875,Knife,100,0,0,0,0,False,False,False,325.8984,0
PB,Terrorist,-1668,471,-63.96875,Knife,100,0,0,0,0,False,False,False,325.8984,0
PB,Terrorist,-1668,471,-63.96875,Knife,100,0,0,0,0,False,False,False,325.8984,0
PB,Terrorist,-1668,471,-63.96875,Knife,100,0,0,0,0,False,False,False,325.8984,0
PB,Terrorist,-1668,471,-63.96875,Knife,100,0,0,0,0,False,False,False,325.8984,0
PB,Terrorist,-1668,471,-63.96875,Knife,100,0,0,0,0,False,False,False,325.8984,0
PB,Terrorist,-1668,471,-63.96875,Knife,100,0,0,0,0,False,False,False,325.8984,0
PB,Terrorist,-1668,471,-63.96875,Knife,100,0,0,0,0,False,False,False,325.8984,0
PB,Terrorist,-1668,471,-63.96875,Knife,100,0,0,0,0,False,False,False,325.8984,0
PB,Terrorist,-1668,471,-63.96875,Knife,100,0,0,0,0,False,False,False,325.8984,0
PB,Terrorist,-1668,471,-63.96875,Knife,100,0,0,0,0,False,False,False,325.8984,0
PB,Terrorist,-1668,471,-63.96875,Knife,100,0,0,0,0,False,False,False,325.8984,0
PB,Terrorist,-1668,471,-63.96875,Knife,100,0,0,0,0,False,False,False,325.8984,0
PB,Terrorist,-1668,471,-63.96875,Knife,100,0,0,0,0,False,False,False,325.8984,0
PB,Terrorist,-1668,471,-63.96875,Knife,100,0,0,0,0,False,False,False,325.8984,0
PB,Terrorist,-1668,471,-63.96875,Knife,100,0,0,0,0,False,False,False,325.8984,0
PB,Terrorist,-1668,471,-63.96875,Knife,100,0,0,0,0,False,False,False,325.8984,0
PB,Terrorist,-1668,471,-63.96875,Knife,100,0,0,0,0,False,False,False,325.8984,0
PB,Terrorist,-1668,471,-63.96875,Knife,100,0,0,0,0,False,False,False,325.8984,0
PB,Terrorist,-1668,471,-63.96875,Knife,100,0,0,0,0,False,False,False,325.8984,0
PB,Terrorist,-1668,471,-63.96875,Knife,100,0,0,0,0,False,False,False,325.8984,0
PB,Terrorist,-1668,471,-63.96875,Knife,100,0,0,0,0,False,False,False,325.8984,0
PB,Terrorist,-1668,471,-63.96875,Knife,100,0,0,0,0,False,False,False,325.8984,0
PB,Terrorist,-1668,471,-63.96875,Knife,100,0,0,0,0,False,False,False,325.8984,0
PB,Terrorist,-1668,471,-63.96875,Knife,100,0,0,0,0,False,False,False,325.8984,0
PB,Terrorist,-1668,471,-63.96875,Knife,100,0,0,0,0,False,False,False,325.8984,0
PB,Terrorist,-1668,471,-63.96875,Knife,100,0,0,0,0,False,False,False,325.8984,0
PB,Terrorist,-1668,471,-63.96875,Knife,100,0,0,0,0,False,False,False,325.8984,0
PB,Terrorist,-1668,471,-63.96875,Knife,100,0,0,0,0,False,False,False,325.8984,0
PB,Terrorist,-1668,471,-63.96875,Knife,100,0,0,0,0,False,False,False,325.8984,0
PB,Terrorist,-1668,471,-63.96875,Knife,100,0,0,0,0,False,False,False,325.8984,0
PB,Terrorist,-1668,471,-63.96875,Knife,100,0,0,0,0,False,False,False,325.8984,0
PB,Terrorist,-1668,471,-63.96875,Knife,100,0,0,0,0,False,False,False,325.8984,0
PB,Terrorist,-1668,471,-63.96875,Knife,100,0,0,0,0,False,False,False,325.8984,0
PB,Terrorist,-1668,471,-63.96875,Knife,100,0,0,0,0,False,False,False,325.8984,0
PB,Terrorist,-1668,471,-63.96875,Knife,100,0,0,0,0,False,False,False,325.8984,0
PB,Terrorist,-1668,471,-63.96875,Knife,100,0,0,0,0,False,False,False,325.8984,0
PB,Terrorist,-1668,471,-63.96875,Knife,100,0,0,0,0,False,False,False,325.8984,0
PB,Terrorist,-1668,471,-63.96875,Knife,100,0,0,0,0,False,False,False,325.8984,0
PB,Terrorist,-1668,471,-63.96875,Knife,100,0,0,0,0,False,False,False,325.8984,0
PB,Terrorist,-1668,471,-63.96875,Knife,100,0,0,0,0,False,False,False,325.8984,0
PB,Terrorist,-1668,471,-63.96875,Knife,100,0,0,0,0,False,False,False,325.8984,0
PB,Terrorist,-1668,471,-63.96875,Knife,100,0,0,0,0,False,False,False,325.8984,0
PB,Terrorist,-1668,471,-63.96875,Knife,100,0,0,0,0,False,False,False,325.8984,0
PB,Terrorist,-1668,471,-63.96875,Knife,100,0,0,0,0,False,False,False,325.8984,0
PB,Terrorist,-1668,471,-63.96875,Knife,100,0,0,0,0,False,False,False,325.8984,0
PB,Terrorist,-1668,471,-63.96875,Knife,100,0,0,0,0,False,False,False,325.8984,0
PB,Terrorist,-1668,471,-63.96875,Knife,100,0,0,0,0,False,False,False,325.8984,0
PB,Terrorist,-1668,471,-63.96875,Knife,100,0,0,0,0,False,False,False,325.8984,0
PB,Terrorist,-1668,471,-63.96875,Knife,100,0,0,0,0,False,False,False,325.8984,0
PB,Terrorist,-1668,471,-63.96875,Knife,100,0,0,0,0,False,False,False,325.8984,0
PB,Terrorist,-1668,471,-63.96875,Knife,100,0,0,0,0,False,False,False,325.8984,0
PB,Terrorist,-1668,471,-63.96875,Knife,100,0,0,0,0,False,False,False,325.8984,0
PB,Terrorist,-1668,471,-63.96875,Knife,100,0,0,0,0,False,False,False,325.8984,0
PB,Terrorist,-1668,471,-63.96875,Knife,100,0,0,0,0,False,False,False,325.8984,0
PB,Terrorist,-1668,471,-63.96875,Knife,100,0,0,0,0,False,False,False,325.8984,0
PB,Terrorist,-1668,471,-63.96875,Knife,100,0,0,0,0,False,False,False,325.8984,0
PB,Terrorist,-1668,471,-63.96875,Knife,100,0,0,0,0,False,False,False,325.8984,0
PB,Terrorist,-1668,471,-63.96875,Knife,100,0,0,0,0,False,False,False,325.8984,0
PB,Terrorist,-1668,471,-63.96875,Knife,100,0,0,0,0,False,False,False,325.8984,0
PB,Terrorist,-1668,471,-63.96875,Knife,100,0,0,0,0,False,False,False,325.8984,0
PB,Terrorist,-1668,471,-63.96875,Knife,100,0,0,0,0,False,False,False,325.8984,0
PB,Terrorist,-1668,471,-63.96875,Knife,100,0,0,0,0,False,False,False,325.8984,0
PB,Terrorist,-1668,471,-63.96875,Knife,100,0,0,0,0,False,False,False,325.8984,0
PB,Terrorist,-1668,471,-63.96875,Knife,100,0,0,0,0,False,False,False,325.8984,0
PB,Terrorist,-1668,471,-63.96875,Knife,100,0,0,0,0,False,False,False,325.8984,0
PB,Terrorist,-1668,471,-63.96875,Knife,100,0,0,0,0,False,False,False,325.8984,0
PB,Terrorist,-1668,471,-63.96875,Knife,100,0,0,0,0,False,False,False,325.8984,0
PB,Terrorist,-1668,471,-63.96875,Knife,100,0,0,0,0,False,False,False,325.8984,0
PB,Terrorist,-1668,471,-63.96875,Knife,100,0,0,0,0,False,False,False,325.8984,0
PB,Terrorist,-1668,471,-63.96875,Knife,100,0,0,0,0,False,False,False,325.8984,0
PB,Terrorist,-1668,471,-63.96875,Knife,100,0,0,0,0,False,False,False,325.8984,0
PB,Terrorist,-1668,471,-63.96875,Knife,100,0,0,0,0,False,False,False,325.8984,0
PB,Terrorist,-1668,471,-63.96875,Knife,100,0,0,0,0,False,False,False,325.8984,0
PB,Terrorist,-1668,471,-63.96875,Knife,100,0,0,0,0,False,False,False,325.8984,0
PB,Terrorist,-1668,471,-63.96875,Knife,100,0,0,0,0,False,False,False,325.8984,0
PB,Terrorist,-1668,471,-63.96875,Knife,100,0,0,0,0,False,False,False,325.8984,0
PB,Terrorist,-1668,471,-63.96875,Knife,100,0,0,0,0,False,False,False,325.8984,0
PB,Terrorist,-1668,471,-63.96875,Knife,100,0,0,0,0,False,False,False,325.8984,0
PB,Terrorist,-1668,471,-63.96875,Knife,100,0,0,0,0,False,False,False,325.8984,0
PB,Terrorist,-1668,471,-63.96875,Knife,100,0,0,0,0,False,False,False,325.8984,0
PB,Terrorist,-1668,471,-63.96875,Knife,100,0,0,0,0,False,False,False,325.8984,0
PB,Terrorist,-1668,471,-63.96875,Knife,100,0,0,0,0,False,False,False,325.8984,0
PB,Terrorist,-1668,471,-63.96875,Knife,100,0,0,0,0,False,False,False,325.8984,0
PB,Terrorist,-1668,471,-63.96875,Knife,100,0,0,0,0,False,False,False,325.8984,0
PB,Terrorist,-1668,471,-63.96875,Knife,100,0,0,0,0,False,False,False,325.8984,0
PB,Terrorist,-1668,471,-63.96875,Knife,100,0,0,0,0,False,False,False,325.8984,0
PB,Terrorist,-1668,471,-63.96875,Knife,100,0,0,0,0,False,False,False,325.8984,0
PB,Terrorist,-1668,471,-63.96875,Knife,100,0,0,0,0,False,False,False,325.8984,0
PB,Terrorist,-1668,471,-63.96875,Knife,100,0,0,0,0,False,False,False,325.8984,0
PB,Terrorist,-1668,471,-63.96875,Knife,100,0,0,0,0,False,False,False,325.8984,0
PB,Terrorist,-1668,471,-63.96875,Knife,100,0,0,0,0,False,False,False,325.8984,0
PB,Terrorist,-1668,471,-63.96875,Knife,100,0,0,0,0,False,False,False,325.8984,0
PB,Terrorist,-1668,471,-63.96875,Knife,100,0,0,0,0,False,False,False,325.8984,0
PB,Terrorist,-1668,471,-63.96875,Knife,100,0,0,0,0,False,False,False,325.8984,0
PB,Terrorist,-1668,471,-63.96875,Knife,100,0,0,0,0,False,False,False,325.8984,0
PB,Terrorist,-1668,471,-63.96875,Knife,100,0,0,0,0,False,False,False,325.8984,0
PB,Terrorist,-1668,471,-63.96875,Knife,100,0,0,0,0,False,False,False,325.8984,0
PB,Terrorist,-1668,471,-63.96875,Knife,100,0,0,0,0,False,False,False,325.8984,0
PB,Terrorist,-1668,471,-63.96875,Knife,100,0,0,0,0,False,False,False,325.8984,0
PB,Terrorist,-1668,471,-63.96875,Knife,100,0,0,0,0,False,False,False,325.8984,0
PB,Terrorist,-1668,471,-63.96875,Knife,100,0,0,0,0,False,False,False,325.8984,0
PB,Terrorist,-1668,471,-63.96875,Knife,100,0,0,0,0,False,False,False,325.8984,0
PB,Terrorist,-1668,471,-63.96875,Knife,100,0,0,0,0,False,False,False,325.8984,0
PB,Terrorist,-1668,471,-63.96875,Knife,100,0,0,0,0,False,False,False,325.8984,0
PB,Terrorist,-1668,471,-63.96875,Knife,100,0,0,0,0,False,False,False,325.8984,0
PB,Terrorist,-1668,471,-63.96875,Knife,100,0,0,0,0,False,False,False,325.8984,0
PB,Terrorist,-1668,471,-63.96875,Knife,100,0,0,0,0,False,False,False,325.8984,0
PB,Terrorist,-1668,471,-63.96875,Knife,100,0,0,0,0,False,False,False,325.8984,0
PB,Terrorist,-1668,471,-63.96875,Knife,100,0,0,0,0,False,False,False,325.8984,0
PB,Terrorist,-1668,471,-63.96875,Knife,100,0,0,0,0,False,False,False,325.8984,0
PB,Terrorist,-1668,471,-63.96875,Knife,100,0,0,0,0,False,False,False,325.8984,0
PB,Terrorist,-1668,471,-63.96875,Knife,100,0,0,0,0,False,False,False,325.8984,0
PB,Terrorist,-1668,471,-63.96875,Knife,100,0,0,0,0,False,False,False,325.8984,0
PB,Terrorist,-1668,471,-63.96875,Knife,100,0,0,0,0,False,False,False,325.8984,0
PB,Terrorist,-1668,471,-63.96875,Knife,100,0,0,0,0,False,False,False,325.8984,0
PB,Terrorist,-1668,471,-63.96875,Knife,100,0,0,0,0,False,False,False,325.8984,0
PB,Terrorist,-1668,471,-63.96875,Knife,100,0,0,0,0,False,False,False,325.8984,0
PB,Terrorist,-1668,471,-63.96875,Knife,100,0,0,0,0,False,False,False,325.8984,0
PB,Terrorist,-1668,471,-63.96875,Knife,100,0,0,0,0,False,False,False,325.8984,0
PB,Terrorist,-1668,471,-63.96875,Knife,100,0,0,0,0,False,False,False,325.8984,0
PB,Terrorist,-1668,471,-63.96875,Knife,100,0,0,0,0,False,False,False,325.8984,0
PB,Terrorist,-1668,471,-63.96875,Knife,100,0,0,0,0,False,False,False,325.8984,0
PB,Terrorist,-1668,471,-63.96875,Knife,100,0,0,0,0,False,False,False,325.8984,0
PB,Terrorist,-1668,471,-63.96875,Knife,100,0,0,0,0,False,False,False,325.8984,0
PB,Terrorist,-1668,471,-63.96875,Knife,100,0,0,0,0,False,False,False,325.8984,0
PB,Terrorist,-1668,471,-63.96875,Knife,100,0,0,0,0,False,False,False,325.8984,0
PB,Terrorist,-1668,471,-63.96875,Knife,100,0,0,0,0,False,False,False,325.8984,0
PB,Terrorist,-1668,471,-63.96875,Knife,100,0,0,0,0,False,False,False,325.8984,0
PB,Terrorist,-1668,471,-63.96875,Knife,100,0,0,0,0,False,False,False,325.8984,0
PB,Terrorist,-1668,471,-63.96875,Knife,100,0,0,0,0,False,False,False,325.8984,0
PB,Terrorist,-1668,471,-63.96875,Knife,100,0,0,0,0,False,False,False,325.8984,0
PB,Terrorist,-1668,471,-63.96875,Knife,100,0,0,0,0,False,False,False,325.8984,0
PB,Terrorist,-1668,471,-63.96875,Knife,100,0,0,0,0,False,False,False,325.8984,0
PB,Terrorist,-1668,471,-63.96875,Knife,100,0,0,0,0,False,False,False,325.8984,0
PB,Terrorist,-1668,471,-63.96875,Knife,100,0,0,0,0,False,False,False,325.8984,0
PB,Terrorist,-1668,471,-63.96875,Knife,100,0,0,0,0,False,False,False,325.8984,0
PB,Terrorist,-1668,471,-63.96875,Knife,100,0,0,0,0,False,False,False,325.8984,0
PB,Terrorist,-1668,471,-63.96875,Knife,100,0,0,0,0,False,False,False,325.8984,0
PB,Terrorist,-1668,471,-63.96875,Knife,100,0,0,0,0,False,False,False,325.8984,0
PB,Terrorist,-1668,471,-63.96875,Knife,100,0,0,0,0,False,False,False,325.8984,0
PB,Terrorist,-1668,471,-63.96875,Knife,100,0,0,0,0,False,False,False,325.8984,0
PB,Terrorist,-1668,471,-63.96875,Knife,100,0,0,0,0,False,False,False,325.8984,0
PB,Terrorist,-1668,471,-63.96875,Knife,100,0,0,0,0,False,False,False,325.8984,0
PB,Terrorist,-1668,471,-63.96875,Knife,100,0,0,0,0,False,False,False,325.8984,0
PB,Terrorist,-1668,471,-63.96875,Knife,100,0,0,0,0,False,False,False,325.8984,0
PB,Terrorist,-1668,471,-63.96875,Knife,100,0,0,0,0,False,False,False,325.8984,0
PB,Terrorist,-1668,471,-63.96875,Knife,100,0,0,0,0,False,False,False,325.8984,0
PB,Terrorist,-1668,471,-63.96875,Knife,100,0,0,0,0,False,False,False,325.8984,0
PB,Terrorist,-1668,471,-63.96875,Knife,100,0,0,0,0,False,False,False,325.8984,0
PB,Terrorist,-1668,471,-63.96875,Knife,100,0,0,0,0,False,False,False,325.8984,0
PB,Terrorist,-1668,471,-63.96875,Knife,100,0,0,0,0,False,False,False,325.8984,0
PB,Terrorist,-1668,471,-63.96875,Knife,100,0,0,0,0,False,False,False,325.8984,0
PB,Terrorist,-1668,471,-63.96875,Knife,100,0,0,0,0,False,False,False,325.8984,0
PB,Terrorist,-1668,471,-63.96875,Knife,100,0,0,0,0,False,False,False,325.8984,0
PB,Terrorist,-1668,471,-63.96875,Knife,100,0,0,0,0,False,False,False,325.8984,0
PB,Terrorist,-1668,471,-63.96875,Knife,100,0,0,0,0,False,False,False,325.8984,0
PB,Terrorist,-1668,471,-63.96875,Knife,100,0,0,0,0,False,False,False,325.8984,0
PB,Terrorist,-1668,471,-63.96875,Knife,100,0,0,0,0,False,False,False,325.8984,0
PB,Terrorist,-1668,471,-63.96875,Knife,100,0,0,0,0,False,False,False,325.8984,0
PB,Terrorist,-1668,471,-63.96875,Knife,100,0,0,0,0,False,False,False,325.8984,0
PB,Terrorist,-1668,471,-63.96875,Knife,100,0,0,0,0,False,False,False,325.8984,0
PB,Terrorist,-1668,471,-63.96875,Knife,100,0,0,0,0,False,False,False,325.8984,0
PB,Terrorist,-1668,471,-63.96875,Knife,100,0,0,0,0,False,False,False,325.8984,0
PB,Terrorist,-1668,471,-63.96875,Knife,100,0,0,0,0,False,False,False,325.8984,0
PB,Terrorist,-1668,471,-63.96875,Knife,100,0,0,0,0,False,False,False,325.8984,0
PB,Terrorist,-1668,471,-63.96875,Knife,100,0,0,0,0,False,False,False,325.8984,0
PB,Terrorist,-1668,471,-63.96875,Knife,100,0,0,0,0,False,False,False,325.8984,0
PB,Terrorist,-1668,471,-63.96875,Knife,100,0,0,0,0,False,False,False,325.8984,0
PB,Terrorist,-1668,471,-63.96875,Knife,100,0,0,0,0,False,False,False,325.8984,0
PB,Terrorist,-1668,471,-63.96875,Knife,100,0,0,0,0,False,False,False,325.8984,0
PB,Terrorist,-1668,471,-63.96875,Knife,100,0,0,0,0,False,False,False,325.8984,0
PB,Terrorist,-1668,471,-63.96875,Knife,100,0,0,0,0,False,False,False,325.8984,0
PB,Terrorist,-1668,471,-63.96875,Knife,100,0,0,0,0,False,False,False,325.8984,0
PB,Terrorist,-1668,471,-63.96875,Knife,100,0,0,0,0,False,False,False,325.8984,0
PB,Terrorist,-1668,471,-63.96875,Knife,100,0,0,0,0,False,False,False,325.8984,0
PB,Terrorist,-1668,471,-63.96875,Knife,100,0,0,0,0,False,False,False,325.8984,0
PB,Terrorist,-1668,471,-63.96875,Knife,100,0,0,0,0,False,False,False,325.8984,0
PB,Terrorist,-1668,471,-63.96875,Knife,100,0,0,0,0,False,False,False,325.8984,0
PB,Terrorist,-1668,471,-63.96875,Knife,100,0,0,0,0,False,False,False,325.8984,0
PB,Terrorist,-1668,471,-63.96875,Knife,100,0,0,0,0,False,False,False,325.8984,0
PB,Terrorist,-1668,471,-63.96875,Knife,100,0,0,0,0,False,False,False,325.8984,0
PB,Terrorist,-1668,471,-63.96875,Knife,100,0,0,0,0,False,False,False,325.8984,0
PB,Terrorist,-1668,471,-63.96875,Knife,100,0,0,0,0,False,False,False,325.8984,0
PB,Terrorist,-1668,471,-63.96875,Knife,100,0,0,0,0,False,False,False,325.8984,0
PB,Terrorist,-1668,471,-63.96875,Knife,100,0,0,0,0,False,False,False,325.8984,0
PB,Terrorist,-1668,471,-63.96875,Knife,100,0,0,0,0,False,False,False,325.8984,0
PB,Terrorist,-1668,471,-63.96875,Knife,100,0,0,0,0,False,False,False,325.8984,0
PB,Terrorist,-1668,471,-63.96875,Knife,100,0,0,0,0,False,False,False,325.8984,0
PB,Terrorist,-1668,471,-63.96875,Knife,100,0,0,0,0,False,False,False,325.8984,0
PB,Terrorist,-1668,471,-63.96875,Knife,100,0,0,0,0,False,False,False,325.8984,0
PB,Terrorist,-1668,471,-63.96875,Knife,100,0,0,0,0,False,False,False,325.8984,0
PB,Terrorist,-1668,471,-63.96875,Knife,100,0,0,0,0,False,False,False,325.8984,0
PB,Terrorist,-1668,471,-63.96875,Knife,100,0,0,0,0,False,False,False,325.8984,0
PB,Terrorist,-1668,471,-63.96875,Knife,100,0,0,0,0,False,False,False,325.8984,0
PB,Terrorist,-1668,471,-63.96875,Knife,100,0,0,0,0,False,False,False,325.8984,0
PB,Terrorist,-1668,471,-63.96875,Knife,100,0,0,0,0,False,False,False,325.8984,0
PB,Terrorist,-1668,471,-63.96875,Knife,100,0,0,0,0,False,False,False,325.8984,0
PB,Terrorist,-1668,471,-63.96875,Knife,100,0,0,0,0,False,False,False,325.8984,0
PB,Terrorist,-1668,471,-63.96875,Knife,100,0,0,0,0,False,False,False,325.8984,0
PB,Terrorist,-1668,471,-63.96875,Knife,100,0,0,0,0,False,False,False,325.8984,0
PB,Terrorist,-1668,471,-63.96875,Knife,100,0,0,0,0,False,False,False,325.8984,0
PB,Terrorist,-1668,471,-63.96875,Knife,100,0,0,0,0,False,False,False,325.8984,0
PB,Terrorist,-1668,471,-63.96875,Knife,100,0,0,0,0,False,False,False,325.8984,0
PB,Terrorist,-1668,471,-63.96875,Knife,100,0,0,0,0,False,False,False,325.8984,0
PB,Terrorist,-1668,471,-63.96875,Knife,100,0,0,0,0,False,False,False,325.8984,0
PB,Terrorist,-1668,471,-63.96875,Knife,100,0,0,0,0,False,False,False,325.8984,0
PB,Terrorist,-1668,471,-63.96875,Knife,100,0,0,0,0,False,False,False,325.8984,0
PB,Terrorist,-1668,471,-63.96875,Knife,100,0,0,0,0,False,False,False,325.8984,0
PB,Terrorist,-1668,471,-63.96875,Knife,100,0,0,0,0,False,False,False,325.8984,0
PB,Terrorist,-1668,471,-63.96875,Knife,100,0,0,0,0,False,False,False,325.8984,0
PB,Terrorist,-1668,471,-63.96875,Knife,100,0,0,0,0,False,False,False,325.8984,0
PB,Terrorist,-1668,471,-63.96875,Knife,100,0,0,0,0,False,False,False,325.8984,0
PB,Terrorist,-1668,471,-63.96875,Knife,100,0,0,0,0,False,False,False,325.8984,0
PB,Terrorist,-1668,471,-63.96875,Knife,100,0,0,0,0,False,False,False,325.8984,0
PB,Terrorist,-1668,471,-63.96875,Knife,100,0,0,0,0,False,False,False,325.8984,0
PB,Terrorist,-1668,471,-63.96875,Knife,100,0,0,0,0,False,False,False,325.8984,0
PB,Terrorist,-1668,471,-63.96875,Knife,100,0,0,0,0,False,False,False,325.8984,0
PB,Terrorist,-1668,471,-63.96875,Knife,100,0,0,0,0,False,False,False,325.8984,0
PB,Terrorist,-1668,471,-63.96875,Knife,100,0,0,0,0,False,False,False,325.8984,0
PB,Terrorist,-1668,471,-63.96875,Knife,100,0,0,0,0,False,False,False,325.8984,0
PB,Terrorist,-1668,471,-63.96875,Knife,100,0,0,0,0,False,False,False,325.8984,0
PB,Terrorist,-1668,471,-63.96875,Knife,100,0,0,0,0,False,False,False,325.8984,0
PB,Terrorist,-1668,471,-63.96875,Knife,100,0,0,0,0,False,False,False,325.8984,0
PB,Terrorist,-1668,471,-63.96875,Knife,100,0,0,0,0,False,False,False,325.8984,0
PB,Terrorist,-1668,471,-63.96875,Knife,100,0,0,0,0,False,False,False,325.8984,0
PB,Terrorist,-1668,471,-63.96875,Knife,100,0,0,0,0,False,False,False,325.8984,0
PB,Terrorist,-1668,471,-63.96875,Knife,100,0,0,0,0,False,False,False,325.8984,0
PB,Terrorist,-1668,471,-63.96875,Knife,100,0,0,0,0,False,False,False,325.8984,0
PB,Terrorist,-1668,471,-63.96875,Knife,100,0,0,0,0,False,False,False,325.8984,0
PB,Terrorist,-1668,471,-63.96875,Knife,100,0,0,0,0,False,False,False,325.8984,0
PB,Terrorist,-1668,471,-63.96875,Knife,100,0,0,0,0,False,False,False,325.8984,0
PB,Terrorist,-1668,471,-63.96875,Knife,100,0,0,0,0,False,False,False,325.8984,0
PB,Terrorist,-1668,471,-63.96875,Knife,100,0,0,0,0,False,False,False,325.8984,0
PB,Terrorist,-1668,471,-63.96875,Knife,100,0,0,0,0,False,False,False,325.8984,0
PB,Terrorist,-1668,471,-63.96875,Knife,100,0,0,0,0,False,False,False,325.8984,0
PB,Terrorist,-1668,471,-63.96875,Knife,100,0,0,0,0,False,False,False,325.8984,0
PB,Terrorist,-1668,471,-63.96875,Knife,100,0,0,0,0,False,False,False,325.8984,0
PB,Terrorist,-1668,471,-63.96875,Knife,100,0,0,0,0,False,False,False,325.8984,0
PB,Terrorist,-1668,471,-63.96875,Knife,100,0,0,0,0,False,False,False,325.8984,0
PB,Terrorist,-1668,471,-63.96875,Knife,100,0,0,0,0,False,False,False,325.8984,0
PB,Terrorist,-1668,471,-63.96875,Knife,100,0,0,0,0,False,False,False,325.8984,0
PB,Terrorist,-1668,471,-63.96875,Knife,100,0,0,0,0,False,False,False,325.8984,0
PB,Terrorist,-1668,471,-63.96875,Knife,100,0,0,0,0,False,False,False,325.8984,0
PB,Terrorist,-1668,471,-63.96875,Knife,100,0,0,0,0,False,False,False,325.8984,0
PB,Terrorist,-1668,471,-63.96875,Knife,100,0,0,0,0,False,False,False,325.8984,0
PB,Terrorist,-1668,471,-63.96875,Knife,100,0,0,0,0,False,False,False,325.8984,0
PB,Terrorist,-1668,471,-63.96875,Knife,100,0,0,0,0,False,False,False,325.8984,0
PB,Terrorist,-1668,471,-63.96875,Knife,100,0,0,0,0,False,False,False,325.8984,0
PB,Terrorist,-1668,471,-63.96875,Knife,100,0,0,0,0,False,False,False,325.8984,0
PB,Terrorist,-1668,471,-63.96875,Knife,100,0,0,0,0,False,False,False,325.8984,0
PB,Terrorist,-1668,471,-63.96875,Knife,100,0,0,0,0,False,False,False,325.8984,0
PB,Terrorist,-1668,471,-63.96875,Knife,100,0,0,0,0,False,False,False,325.8984,0
PB,Terrorist,-1668,471,-63.96875,Knife,100,0,0,0,0,False,False,False,325.8984,0
PB,Terrorist,-1668,471,-63.96875,Knife,100,0,0,0,0,False,False,False,325.8984,0
PB,Terrorist,-1668,471,-63.96875,Knife,100,0,0,0,0,False,False,False,325.8984,0
PB,Terrorist,-1668,471,-63.96875,Knife,100,0,0,0,0,False,False,False,325.8984,0
PB,Terrorist,-1668,471,-63.96875,Knife,100,0,0,0,0,False,False,False,325.8984,0
PB,Terrorist,-1668,471,-63.96875,Knife,100,0,0,0,0,False,False,False,325.8984,0
PB,Terrorist,-1668,471,-63.96875,Knife,100,0,0,0,0,False,False,False,325.8984,0
PB,Terrorist,-1668,471,-63.96875,Knife,100,0,0,0,0,False,False,False,325.8984,0
PB,Terrorist,-1668,471,-63.96875,Knife,100,0,0,0,0,False,False,False,325.8984,0
PB,Terrorist,-1668,471,-63.96875,Knife,100,0,0,0,0,False,False,False,325.8984,0
PB,Terrorist,-1668,471,-63.96875,Knife,100,0,0,0,0,False,False,False,325.8984,0
PB,Terrorist,-1668,471,-63.96875,Knife,100,0,0,0,0,False,False,False,325.8984,0
PB,Terrorist,-1668,471,-63.96875,Knife,100,0,0,0,0,False,False,False,325.8984,0
PB,Terrorist,-1668,471,-63.96875,Knife,100,0,0,0,0,False,False,False,325.8984,0
PB,Terrorist,-1668,471,-63.96875,Knife,100,0,0,0,0,False,False,False,325.8984,0
PB,Terrorist,-1668,471,-63.96875,Knife,100,0,0,0,0,False,False,False,325.8984,0
PB,Terrorist,-1668,471,-63.96875,Knife,100,0,0,0,0,False,False,False,325.8984,0
PB,Terrorist,-1668,471,-63.96875,Knife,100,0,0,0,0,False,False,False,325.8984,0
PB,Terrorist,-1668,471,-63.96875,Knife,100,0,0,0,0,False,False,False,325.8984,0
PB,Terrorist,-1668,471,-63.96875,Knife,100,0,0,0,0,False,False,False,325.8984,0
PB,Terrorist,-1668,471,-63.96875,Knife,100,0,0,0,0,False,False,False,325.8984,0
PB,Terrorist,-1668,471,-63.96875,Knife,100,0,0,0,0,False,False,False,325.8984,0
PB,Terrorist,-1668,471,-63.96875,Knife,100,0,0,0,0,False,False,False,325.8984,0
PB,Terrorist,-1668,471,-63.96875,Knife,100,0,0,0,0,False,False,False,325.8984,0
PB,Terrorist,-1668,471,-63.96875,Knife,100,0,0,0,0,False,False,False,325.8984,0
PB,Terrorist,-1668,471,-63.96875,Knife,100,0,0,0,0,False,False,False,325.8984,0
PB,Terrorist,-1668,471,-63.96875,Knife,100,0,0,0,0,False,False,False,325.8984,0
PB,Terrorist,-1668,471,-63.96875,Knife,100,0,0,0,0,False,False,False,325.8984,0
PB,Terrorist,-1668,471,-63.96875,Knife,100,0,0,0,0,False,False,False,325.8984,0
PB,Terrorist,-1668,471,-63.96875,Knife,100,0,0,0,0,False,False,False,325.8984,0
PB,Terrorist,-1668,471,-63.96875,Knife,100,0,0,0,0,False,False,False,325.8984,0
PB,Terrorist,-1668,471,-63.96875,Knife,100,0,0,0,0,False,False,False,325.8984,0
PB,Terrorist,-1668,471,-63.96875,Knife,100,0,0,0,0,False,False,False,325.8984,0
PB,Terrorist,-1668,471,-63.96875,Knife,100,0,0,0,0,False,False,False,325.8984,0
PB,Terrorist,-1668,471,-63.96875,Knife,100,0,0,0,0,False,False,False,325.8984,0
PB,Terrorist,-1668,471,-63.96875,Knife,100,0,0,0,0,False,False,False,325.8984,0
PB,Terrorist,-1668,471,-63.96875,Knife,100,0,0,0,0,False,False,False,325.8984,0
PB,Terrorist,-1668,471,-63.96875,Knife,100,0,0,0,0,False,False,False,325.8984,0
PB,Terrorist,-1668,471,-63.96875,Knife,100,0,0,0,0,False,False,False,325.8984,0
PB,Terrorist,-1668,471,-63.96875,Knife,100,0,0,0,0,False,False,False,325.8984,0
PB,Terrorist,-1668,471,-63.96875,Knife,100,0,0,0,0,False,False,False,325.8984,0
PB,Terrorist,-1668,471,-63.96875,Knife,100,0,0,0,0,False,False,False,325.8984,0
PB,Terrorist,-1668,471,-63.96875,Knife,100,0,0,0,0,False,False,False,325.8984,0
PB,Terrorist,-1668,471,-63.96875,Knife,100,0,0,0,0,False,False,False,325.8984,0
PB,Terrorist,-1668,471,-63.96875,Knife,100,0,0,0,0,False,False,False,325.8984,0
PB,Terrorist,-1668,471,-63.96875,Knife,100,0,0,0,0,False,False,False,325.8984,0
PB,Terrorist,-1668,471,-63.96875,Knife,100,0,0,0,0,False,False,False,325.8984,0
PB,Terrorist,-1668,471,-63.96875,Knife,100,0,0,0,0,False,False,False,325.8984,0
PB,Terrorist,-1668,471,-63.96875,Knife,100,0,0,0,0,False,False,False,325.8984,0
PB,Terrorist,-1668,471,-63.96875,Knife,100,0,0,0,0,False,False,False,325.8984,0
PB,Terrorist,-1668,471,-63.96875,Knife,100,0,0,0,0,False,False,False,325.8984,0
PB,Terrorist,-1668,471,-63.96875,Knife,100,0,0,0,0,False,False,False,325.8984,0
PB,Terrorist,-1668,471,-63.96875,Knife,100,0,0,0,0,False,False,False,325.8984,0
PB,Terrorist,-1668,471,-63.96875,Knife,100,0,0,0,0,False,False,False,325.8984,0
PB,Terrorist,-1668,471,-63.96875,Knife,100,0,0,0,0,False,False,False,325.8984,0
PB,Terrorist,-1668,471,-63.96875,Knife,100,0,0,0,0,False,False,False,325.8984,0
PB,Terrorist,-1668,471,-63.96875,Knife,100,0,0,0,0,False,False,False,325.8984,0
PB,Terrorist,-1668,471,-63.96875,Knife,100,0,0,0,0,False,False,False,325.8984,0
PB,Terrorist,-1668,471,-63.96875,Knife,100,0,0,0,0,False,False,False,325.8984,0
PB,Terrorist,-1668,471,-63.96875,Knife,100,0,0,0,0,False,False,False,325.8984,0
PB,Terrorist,-1668,471,-63.96875,Knife,100,0,0,0,0,False,False,False,325.8984,0
PB,Terrorist,-1668,471,-63.96875,Knife,100,0,0,0,0,False,False,False,325.8984,0
PB,Terrorist,-1668,471,-63.96875,Knife,100,0,0,0,0,False,False,False,325.8984,0
PB,Terrorist,-1668,471,-63.96875,Knife,100,0,0,0,0,False,False,False,325.8984,0
PB,Terrorist,-1668,471,-63.96875,Knife,100,0,0,0,0,False,False,False,325.8984,0
PB,Terrorist,-1668,471,-63.96875,Knife,100,0,0,0,0,False,False,False,325.8984,0
PB,Terrorist,-1668,471,-63.96875,Knife,100,0,0,0,0,False,False,False,325.8984,0
PB,Terrorist,-1668,471,-63.96875,Knife,100,0,0,0,0,False,False,False,325.8984,0
PB,Terrorist,-1668,471,-63.96875,Knife,100,0,0,0,0,False,False,False,325.8984,0
PB,Terrorist,-1668,471,-63.96875,Knife,100,0,0,0,0,False,False,False,325.8984,0
PB,Terrorist,-1668,471,-63.96875,Knife,100,0,0,0,0,False,False,False,325.8984,0
PB,Terrorist,-1668,471,-63.96875,Knife,100,0,0,0,0,False,False,False,325.8984,0
PB,Terrorist,-1668,471,-63.96875,Knife,100,0,0,0,0,False,False,False,325.8984,0
PB,Terrorist,-1668,471,-63.96875,Knife,100,0,0,0,0,False,False,False,325.8984,0
PB,Terrorist,-1668,471,-63.96875,Knife,100,0,0,0,0,False,False,False,325.8984,0
PB,Terrorist,-1668,471,-63.96875,Knife,100,0,0,0,0,False,False,False,325.8984,0
PB,Terrorist,-1668,471,-63.96875,Knife,100,0,0,0,0,False,False,False,325.8984,0
PB,Terrorist,-1668,471,-63.96875,Knife,100,0,0,0,0,False,False,False,325.8984,0
PB,Terrorist,-1668,471,-63.96875,Knife,100,0,0,0,0,False,False,False,325.8984,0
PB,Terrorist,-1668,471,-63.96875,Knife,100,0,0,0,0,False,False,False,325.8984,0
PB,Terrorist,-1668,471,-63.96875,Knife,100,0,0,0,0,False,False,False,325.8984,0
PB,Terrorist,-1668,471,-63.96875,Knife,100,0,0,0,0,False,False,False,325.8984,0
PB,Terrorist,-1668,471,-63.96875,Knife,100,0,0,0,0,False,False,False,325.8984,0
PB,Terrorist,-1668,471,-63.96875,Knife,100,0,0,0,0,False,False,False,325.8984,0
PB,Terrorist,-1668,471,-63.96875,Knife,100,0,0,0,0,False,False,False,325.8984,0
PB,Terrorist,-1668,471,-63.96875,Knife,100,0,0,0,0,False,False,False,325.8984,0
PB,Terrorist,-1668,471,-63.96875,Knife,100,0,0,0,0,False,False,False,325.8984,0
PB,Terrorist,-1668,471,-63.96875,Knife,100,0,0,0,0,False,False,False,325.8984,0
PB,Terrorist,-1668,471,-63.96875,Knife,100,0,0,0,0,False,False,False,325.8984,0
PB,Terrorist,-1668,471,-63.96875,Knife,100,0,0,0,0,False,False,False,325.8984,0
PB,Terrorist,-1668,471,-63.96875,Knife,100,0,0,0,0,False,False,False,325.8984,0
PB,Terrorist,-1668,471,-63.96875,Knife,100,0,0,0,0,False,False,False,325.8984,0
PB,Terrorist,-1668,471,-63.96875,Knife,100,0,0,0,0,False,False,False,325.8984,0
PB,Terrorist,-1668,471,-63.96875,Knife,100,0,0,0,0,False,False,False,325.8984,0
PB,Terrorist,-1668,471,-63.96875,Knife,100,0,0,0,0,False,False,False,325.8984,0
PB,Terrorist,-1668,471,-63.96875,Knife,100,0,0,0,0,False,False,False,325.8984,0
PB,Terrorist,-1668,471,-63.96875,Knife,100,0,0,0,0,False,False,False,325.8984,0
PB,Terrorist,-1668,471,-63.96875,Knife,100,0,0,0,0,False,False,False,325.8984,0
PB,Terrorist,-1668,471,-63.96875,Knife,100,0,0,0,0,False,False,False,322.7344,0
PB,Terrorist,-1668,471,-63.96875,Knife,100,0,0,0,0,False,False,False,309.375,0
PB,Terrorist,-1668,471,-63.96875,Knife,100,0,0,0,0,False,False,False,306.2109,0
PB,Terrorist,-1668,471,-63.96875,Knife,100,0,0,0,0,False,False,False,306.2109,0
PB,Terrorist,-1668,471,-63.96875,Knife,100,0,0,0,0,False,False,False,306.2109,0
PB,Terrorist,-1668,471,-63.96875,Knife,100,0,0,0,0,False,False,False,306.2109,0
PB,Terrorist,-1668,471,-63.96875,Glock,100,0,0,0,0,False,False,False,306.2109,0
PB,Terrorist,-1668,471,-63.96875,Glock,100,0,0,0,0,False,False,False,306.2109,0
PB,Terrorist,-1668,471,-63.96875,Glock,100,0,0,0,0,False,False,False,306.2109,0
PB,Terrorist,-1668,471,-63.96875,Glock,100,0,0,0,0,False,False,False,306.2109,0
PB,Terrorist,-1668,471,-63.96875,Glock,100,0,0,0,0,False,False,False,306.2109,0
PB,Terrorist,-1668,471,-63.96875,Glock,100,0,0,0,0,False,False,False,306.2109,0
PB,Terrorist,-1668,471,-63.96875,Glock,100,0,0,0,0,False,False,False,306.2109,0
PB,Terrorist,-1668,471,-63.96875,Glock,100,0,0,0,0,False,False,False,306.2109,0
PB,Terrorist,-1668,471,-63.96875,Glock,100,0,0,0,0,False,False,False,306.2109,0
PB,Terrorist,-1668,471,-63.96875,Glock,100,0,0,0,0,False,False,False,306.2109,0
PB,Terrorist,-1668,471,-63.96875,Glock,100,0,0,0,0,False,False,False,306.2109,0
PB,Terrorist,-1668,471,-63.96875,Glock,100,0,0,0,0,False,False,False,306.2109,0
PB,Terrorist,-1668,471,-63.96875,Glock,100,0,0,0,0,False,False,False,306.2109,0
PB,Terrorist,-1668,471,-63.96875,Glock,100,0,0,0,0,False,False,False,306.2109,0
PB,Terrorist,-1668,471,-63.96875,Glock,100,0,0,0,0,False,False,False,306.2109,0
PB,Terrorist,-1668,471,-63.96875,Glock,100,0,0,0,0,False,False,False,306.2109,0
PB,Terrorist,-1668,471,-63.96875,Glock,100,0,0,0,0,False,False,False,306.2109,0
PB,Terrorist,-1668,471,-63.96875,Glock,100,0,0,0,0,False,False,False,306.2109,0
PB,Terrorist,-1668,471,-63.96875,Glock,100,0,0,0,0,False,False,False,306.2109,0
PB,Terrorist,-1668,471,-63.96875,Glock,100,0,0,0,0,False,False,False,306.2109,0
PB,Terrorist,-1668,471,-63.96875,Glock,100,0,0,0,0,False,False,False,306.2109,0
PB,Terrorist,-1668,471,-63.96875,Glock,100,0,0,0,0,False,False,False,306.2109,0
PB,Terrorist,-1668,471,-63.96875,Glock,100,0,0,0,0,False,False,False,306.2109,0
PB,Terrorist,-1668,471,-63.96875,Glock,100,0,0,0,0,False,False,False,306.2109,0
PB,Terrorist,-1668,471,-63.96875,Glock,100,0,0,0,0,False,False,False,306.2109,0
PB,Terrorist,-1668,471,-63.96875,Knife,100,0,0,0,0,False,False,False,306.2109,0
PB,Terrorist,-1668,471,-63.96875,Knife,100,0,0,0,0,False,False,False,306.2109,0
PB,Terrorist,-1668,471,-63.96875,Knife,100,0,0,0,0,False,False,False,306.2109,0
PB,Terrorist,-1668,471,-63.96875,Knife,100,0,0,0,0,False,False,False,306.2109,0
PB,Terrorist,-1668,471,-63.96875,Knife,100,0,0,0,0,False,False,False,306.2109,0
PB,Terrorist,-1668,471,-63.96875,Knife,100,0,0,0,0,False,False,False,306.2109,0
PB,Terrorist,-1668,471,-63.96875,Knife,100,0,0,0,0,False,False,False,306.2109,0
PB,Terrorist,-1668,471,-63.96875,Knife,100,0,0,0,0,False,False,False,306.2109,0
PB,Terrorist,-1668,471,-63.96875,Knife,100,0,0,0,0,False,False,False,306.2109,0
PB,Terrorist,-1668,471,-63.96875,Knife,100,0,0,0,0,False,False,False,306.2109,0
PB,Terrorist,-1668,471,-63.96875,Knife,100,0,0,0,0,False,False,False,306.2109,0
PB,Terrorist,-1668,471,-63.96875,Knife,100,0,0,0,0,False,False,False,306.2109,0
PB,Terrorist,-1668,471,-63.96875,Knife,100,0,0,0,0,False,False,False,306.2109,0
PB,Terrorist,-1668,471,-63.96875,Knife,100,0,0,0,0,False,False,False,306.2109,0
PB,Terrorist,-1668,471,-63.96875,Knife,100,0,0,0,0,False,False,False,306.2109,0
PB,Terrorist,-1668,471,-63.96875,Knife,100,0,0,0,0,False,False,False,306.2109,0
PB,Terrorist,-1668,471,-63.96875,Knife,100,0,0,0,0,False,False,False,306.2109,0
PB,Terrorist,-1668,471,-63.96875,Knife,100,0,0,0,0,False,False,False,306.2109,0
PB,Terrorist,-1668,471,-63.96875,Knife,100,0,0,0,0,False,False,False,306.2109,0
PB,Terrorist,-1668,471,-63.96875,Knife,100,0,0,0,0,False,False,False,306.2109,0
PB,Terrorist,-1668,471,-63.96875,Knife,100,0,0,0,0,False,False,False,306.2109,0
PB,Terrorist,-1668,471,-63.96875,Knife,100,0,0,0,0,False,False,False,306.2109,0
PB,Terrorist,-1668,471,-63.96875,Knife,100,0,0,0,0,False,False,False,306.2109,0
PB,Terrorist,-1668,471,-63.96875,Knife,100,0,0,0,0,False,False,False,306.2109,0
PB,Terrorist,-1668,471,-63.96875,Knife,100,0,0,0,0,False,False,False,306.2109,0
PB,Terrorist,-1668,471,-63.96875,Knife,100,0,0,0,0,False,False,False,306.2109,0
PB,Terrorist,-1668,471,-63.96875,Knife,100,0,0,0,0,False,False,False,306.2109,0
PB,Terrorist,-1668,471,-63.96875,Knife,100,0,0,0,0,False,False,False,306.2109,0
PB,Terrorist,-1668,471,-63.96875,Knife,100,0,0,0,0,False,False,False,306.2109,0
PB,Terrorist,-1668,471,-63.96875,Knife,100,0,0,0,0,False,False,False,306.2109,0
PB,Terrorist,-1668,471,-63.96875,Knife,100,0,0,0,0,False,False,False,306.2109,0
PB,Terrorist,-1668,471,-63.96875,Knife,100,0,0,0,0,False,False,False,306.2109,0
PB,Terrorist,-1668,471,-63.96875,Knife,100,0,0,0,0,False,False,False,306.2109,0
PB,Terrorist,-1668,471,-63.96875,Knife,100,0,0,0,0,False,False,False,306.2109,0
PB,Terrorist,-1668,471,-63.96875,Knife,100,0,0,0,0,False,False,False,306.2109,0
PB,Terrorist,-1668,471,-63.96875,Knife,100,0,0,0,0,False,False,False,306.2109,0
PB,Terrorist,-1668,471,-63.96875,Knife,100,0,0,0,0,False,False,False,306.2109,0
PB,Terrorist,-1668,471,-63.96875,Knife,100,0,0,0,0,False,False,False,306.2109,0
PB,Terrorist,-1668,471,-63.96875,Knife,100,0,0,0,0,False,False,False,306.2109,0
PB,Terrorist,-1668,471,-63.96875,Knife,100,0,0,0,0,False,False,False,306.2109,0
PB,Terrorist,-1668,471,-63.96875,Knife,100,0,0,0,0,False,False,False,306.2109,0
PB,Terrorist,-1668,471,-63.96875,Knife,100,0,0,0,0,False,False,False,306.2109,0
PB,Terrorist,-1668,471,-63.96875,Knife,100,0,0,0,0,False,False,False,306.2109,0
PB,Terrorist,-1668,471,-63.96875,Knife,100,0,0,0,0,False,False,False,306.2109,0
PB,Terrorist,-1668,471,-63.96875,Knife,100,0,0,0,0,False,False,False,306.2109,0
PB,Terrorist,-1668,471,-63.96875,Knife,100,0,0,0,0,False,False,False,306.2109,0
PB,Terrorist,-1668,471,-63.96875,Knife,100,0,0,0,0,False,False,False,306.2109,0
PB,Terrorist,-1668,471,-63.96875,Knife,100,0,0,0,0,False,False,False,306.2109,0
PB,Terrorist,-1668,471,-63.96875,Knife,100,0,0,0,0,False,False,False,306.2109,0
PB,Terrorist,-1668,471,-63.96875,Knife,100,0,0,0,0,False,False,False,306.2109,0
PB,Terrorist,-1668,471,-63.96875,Knife,100,0,0,0,0,False,False,False,306.2109,0
PB,Terrorist,-1668,471,-63.96875,Knife,100,0,0,0,0,False,False,False,306.2109,0
PB,Terrorist,-1668,471,-63.96875,Knife,100,0,0,0,0,False,False,False,306.2109,0
PB,Terrorist,-1668,471,-63.96875,Knife,100,0,0,0,0,False,False,False,306.2109,0
PB,Terrorist,-1668,471,-63.96875,Knife,100,0,0,0,0,False,False,False,306.2109,0
PB,Terrorist,-1668,471,-63.96875,Knife,100,0,0,0,0,False,False,False,306.2109,0
PB,Terrorist,-1668,471,-63.96875,Knife,100,0,0,0,0,False,False,False,306.2109,0
PB,Terrorist,-1668,471,-63.96875,Knife,100,0,0,0,0,False,False,False,306.2109,0
PB,Terrorist,-1668,471,-63.96875,Knife,100,0,0,0,0,False,False,False,306.2109,0
PB,Terrorist,-1668,471,-63.96875,Knife,100,0,0,0,0,False,False,False,306.2109,0
PB,Terrorist,-1668,471,-63.96875,Knife,100,0,0,0,0,False,False,False,306.2109,0
PB,Terrorist,-1668,471,-63.96875,Knife,100,0,0,0,0,False,False,False,306.2109,0
PB,Terrorist,-1668,471,-63.96875,Knife,100,0,0,0,0,False,False,False,306.2109,0
PB,Terrorist,-1668,471,-63.96875,Knife,100,0,0,0,0,False,False,False,306.2109,0
PB,Terrorist,-1668,471,-63.96875,Knife,100,0,0,0,0,False,False,False,306.2109,0
PB,Terrorist,-1668,471,-63.96875,Knife,100,0,0,0,0,False,False,False,306.2109,0
PB,Terrorist,-1668,471,-63.96875,Knife,100,0,0,0,0,False,False,False,306.2109,0
PB,Terrorist,-1668,471,-63.96875,Knife,100,0,0,0,0,False,False,False,306.2109,0
PB,Terrorist,-1668,471,-63.96875,Knife,100,0,0,0,0,False,False,False,306.2109,0
PB,Terrorist,-1668,471,-63.96875,Knife,100,0,0,0,0,False,False,False,306.2109,0
PB,Terrorist,-1668,471,-63.96875,Knife,100,0,0,0,0,False,False,False,306.2109,0
PB,Terrorist,-1668,471,-63.96875,Knife,100,0,0,0,0,False,False,False,306.2109,0
PB,Terrorist,-1668,471,-63.96875,Knife,100,0,0,0,0,False,False,False,306.2109,0
PB,Terrorist,-1668,471,-63.96875,Knife,100,0,0,0,0,False,False,False,306.2109,0
PB,Terrorist,-1668,471,-63.96875,Knife,100,0,0,0,0,False,False,False,306.2109,0
PB,Terrorist,-1668,471,-63.96875,Knife,100,0,0,0,0,False,False,False,306.2109,0
PB,Terrorist,-1668,471,-63.96875,Knife,100,0,0,0,0,False,False,False,306.2109,0
PB,Terrorist,-1668,471,-63.96875,Knife,100,0,0,0,0,False,False,False,306.2109,0
PB,Terrorist,-1668,471,-63.96875,Knife,100,0,0,0,0,False,False,False,306.2109,0
PB,Terrorist,-1668,471,-63.96875,Knife,100,0,0,0,0,False,False,False,306.2109,0
PB,Terrorist,-1668,471,-63.96875,Knife,100,0,0,0,0,False,False,False,306.2109,0
PB,Terrorist,-1668,471,-63.96875,Knife,100,0,0,0,0,False,False,False,306.2109,0
PB,Terrorist,-1668,471,-63.96875,Knife,100,0,0,0,0,False,False,False,306.2109,0
PB,Terrorist,-1668,471,-63.96875,Knife,100,0,0,0,0,False,False,False,306.2109,0
PB,Terrorist,-1668,471,-63.96875,Knife,100,0,0,0,0,False,False,False,306.2109,0
PB,Terrorist,-1668,471,-63.96875,Knife,100,0,0,0,0,False,False,False,306.2109,0
PB,Terrorist,-1668,471,-63.96875,Knife,100,0,0,0,0,False,False,False,306.2109,0
PB,Terrorist,-1668,471,-63.96875,Knife,100,0,0,0,0,False,False,False,306.2109,0
PB,Terrorist,-1668,471,-63.96875,Knife,100,0,0,0,0,False,False,False,306.2109,0
PB,Terrorist,-1668,471,-63.96875,Knife,100,0,0,0,0,False,False,False,306.2109,0
PB,Terrorist,-1668,471,-63.96875,Knife,100,0,0,0,0,False,False,False,306.2109,0
PB,Terrorist,-1668,471,-63.96875,Knife,100,0,0,0,0,False,False,False,306.2109,0
PB,Terrorist,-1668,471,-63.96875,Knife,100,0,0,0,0,False,False,False,306.2109,0
PB,Terrorist,-1668,471,-63.96875,Knife,100,0,0,0,0,False,False,False,306.2109,0
PB,Terrorist,-1668,471,-63.96875,Knife,100,0,0,0,0,False,False,False,306.2109,0
PB,Terrorist,-1668,471,-63.96875,Knife,100,0,0,0,0,False,False,False,306.2109,0
PB,Terrorist,-1668,471,-63.96875,Knife,100,0,0,0,0,False,False,False,306.2109,0
PB,Terrorist,-1668,471,-63.96875,Knife,100,0,0,0,0,False,False,False,306.2109,0
PB,Terrorist,-1668,471,-63.96875,Knife,100,0,0,0,0,False,False,False,306.2109,0
PB,Terrorist,-1668,471,-63.96875,Knife,100,0,0,0,0,False,False,False,306.2109,0
PB,Terrorist,-1668,471,-63.96875,Knife,100,0,0,0,0,False,False,False,306.2109,0
PB,Terrorist,-1668,471,-63.96875,Knife,100,0,0,0,0,False,False,False,306.2109,0
PB,Terrorist,-1668,471,-63.96875,Knife,100,0,0,0,0,False,False,False,306.2109,0
PB,Terrorist,-1668,471,-63.96875,Knife,100,0,0,0,0,False,False,False,306.2109,0
PB,Terrorist,-1668,471,-63.96875,Knife,100,0,0,0,0,False,False,False,306.2109,0
PB,Terrorist,-1668,471,-63.96875,Knife,100,0,0,0,0,False,False,False,306.2109,0
PB,Terrorist,-1668,471,-63.96875,Knife,100,0,0,0,0,False,False,False,306.2109,0
PB,Terrorist,-1668,471,-63.96875,Knife,100,0,0,0,0,False,False,False,306.2109,0
PB,Terrorist,-1668,471,-63.96875,Knife,100,0,0,0,0,False,False,False,306.2109,0
PB,Terrorist,-1668,471,-63.96875,Knife,100,0,0,0,0,False,False,False,306.2109,0
PB,Terrorist,-1668,471,-63.96875,Knife,100,0,0,0,0,False,False,False,306.2109,0
PB,Terrorist,-1668,471,-63.96875,Knife,100,0,0,0,0,False,False,False,306.2109,0
PB,Terrorist,-1668,471,-63.96875,Knife,100,0,0,0,0,False,False,False,306.2109,0
PB,Terrorist,-1668,471,-63.96875,Knife,100,0,0,0,0,False,False,False,306.2109,0
PB,Terrorist,-1668,471,-63.96875,Knife,100,0,0,0,0,False,False,False,306.2109,0
PB,Terrorist,-1668,471,-63.96875,Knife,100,0,0,0,0,False,False,False,306.2109,0
PB,Terrorist,-1668,471,-63.96875,Knife,100,0,0,0,0,False,False,False,306.2109,0
PB,Terrorist,-1668,471,-63.96875,Knife,100,0,0,0,0,False,False,False,306.2109,0
PB,Terrorist,-1668,471,-63.96875,Knife,100,0,0,0,0,False,False,False,306.2109,0
PB,Terrorist,-1668,471,-63.96875,Knife,100,0,0,0,0,False,False,False,306.2109,0
PB,Terrorist,-1668,471,-63.96875,Knife,100,0,0,0,0,False,False,False,306.2109,0
PB,Terrorist,-1668,471,-63.96875,Knife,100,0,0,0,0,False,False,False,306.2109,0
PB,Terrorist,-1668,471,-63.96875,Knife,100,0,0,0,0,False,False,False,306.2109,0
PB,Terrorist,-1668,471,-63.96875,Knife,100,0,0,0,0,False,False,False,306.2109,0
PB,Terrorist,-1668,471,-63.96875,Knife,100,0,0,0,0,False,False,False,306.2109,0
PB,Terrorist,-1668,471,-63.96875,Knife,100,0,0,0,0,False,False,False,306.2109,0
PB,Terrorist,-1668,471,-63.96875,Knife,100,0,0,0,0,False,False,False,306.2109,0
PB,Terrorist,-1668,471,-63.96875,Knife,100,0,0,0,0,False,False,False,306.2109,0
PB,Terrorist,-1668,471,-63.96875,Knife,100,0,0,0,0,False,False,False,306.2109,0
PB,Terrorist,-1668,471,-63.96875,Knife,100,0,0,0,0,False,False,False,306.2109,0
PB,Terrorist,-1668,471,-63.96875,Knife,100,0,0,0,0,False,False,False,306.2109,0
PB,Terrorist,-1668,471,-63.96875,Knife,100,0,0,0,0,False,False,False,306.2109,0
PB,Terrorist,-1668,471,-63.96875,Knife,100,0,0,0,0,False,False,False,306.2109,0
PB,Terrorist,-1668,471,-63.96875,Knife,100,0,0,0,0,False,False,False,306.2109,0
PB,Terrorist,-1668,471,-63.96875,Knife,100,0,0,0,0,False,False,False,306.2109,0
PB,Terrorist,-1668,471,-63.96875,Knife,100,0,0,0,0,False,False,False,306.2109,0
PB,Terrorist,-1668,471,-63.96875,Knife,100,0,0,0,0,False,False,False,306.2109,0
PB,Terrorist,-1668,471,-63.96875,Knife,100,0,0,0,0,False,False,False,306.2109,0
PB,Terrorist,-1668,471,-63.96875,Knife,100,0,0,0,0,False,False,False,306.2109,0
PB,Terrorist,-1668,471,-63.96875,Knife,100,0,0,0,0,False,False,False,306.2109,0
PB,Terrorist,-1668,471,-63.96875,Knife,100,0,0,0,0,False,False,False,306.2109,0
PB,Terrorist,-1668,471,-63.96875,Knife,100,0,0,0,0,False,False,False,306.2109,0
PB,Terrorist,-1668,471,-63.96875,Knife,100,0,0,0,0,False,False,False,306.2109,0
PB,Terrorist,-1668,471,-63.96875,Knife,100,0,0,0,0,False,False,False,306.2109,0
PB,Terrorist,-1668,471,-63.96875,Knife,100,0,0,0,0,False,False,False,306.2109,0
PB,Terrorist,-1668,471,-63.96875,Knife,100,0,0,0,0,False,False,False,306.2109,0
PB,Terrorist,-1668,471,-63.96875,Knife,100,0,0,0,0,False,False,False,306.2109,0
PB,Terrorist,-1668,471,-63.96875,Knife,100,0,0,0,0,False,False,False,306.2109,0
PB,Terrorist,-1668,471,-63.96875,Knife,100,0,0,0,0,False,False,False,306.2109,0
PB,Terrorist,-1668,471,-63.96875,Knife,100,0,0,0,0,False,False,False,306.2109,0
PB,Terrorist,-1668,471,-63.96875,Knife,100,0,0,0,0,False,False,False,306.2109,0
PB,Terrorist,-1668,471,-63.96875,Knife,100,0,0,0,0,False,False,False,306.2109,0
PB,Terrorist,-1668,471,-63.96875,Knife,100,0,0,0,0,False,False,False,306.2109,0
PB,Terrorist,-1668,471,-63.96875,Knife,100,0,0,0,0,False,False,False,306.2109,0
PB,Terrorist,-1668,471,-63.96875,Knife,100,0,0,0,0,False,False,False,306.2109,0
PB,Terrorist,-1668,471,-63.96875,Knife,100,0,0,0,0,False,False,False,306.2109,0
PB,Terrorist,-1668,471,-63.96875,Knife,100,0,0,0,0,False,False,False,306.2109,0
PB,Terrorist,-1668,471,-63.96875,Knife,100,0,0,0,0,False,False,False,306.2109,0
PB,Terrorist,-1668,471,-63.96875,Knife,100,0,0,0,0,False,False,False,306.2109,0
PB,Terrorist,-1668,471,-63.96875,Knife,100,0,0,0,0,False,False,False,306.2109,0
PB,Terrorist,-1668,471,-63.96875,Knife,100,0,0,0,0,False,False,False,306.2109,0
PB,Terrorist,-1668,471,-63.96875,Knife,100,0,0,0,0,False,False,False,306.2109,0
PB,Terrorist,-1668,471,-63.96875,Knife,100,0,0,0,0,False,False,False,306.2109,0
PB,Terrorist,-1668,471,-63.96875,Knife,100,0,0,0,0,False,False,False,306.2109,0
PB,Terrorist,-1668,471,-63.96875,Knife,100,0,0,0,0,False,False,False,306.2109,0
PB,Terrorist,-1668,471,-63.96875,Knife,100,0,0,0,0,False,False,False,306.2109,0
PB,Terrorist,-1668,471,-63.96875,Knife,100,0,0,0,0,False,False,False,306.2109,0
PB,Terrorist,-1668,471,-63.96875,Knife,100,0,0,0,0,False,False,False,306.2109,0
PB,Terrorist,-1668,471,-63.96875,Knife,100,0,0,0,0,False,False,False,306.2109,0
PB,Terrorist,-1668,471,-63.96875,Knife,100,0,0,0,0,False,False,False,306.2109,0
PB,Terrorist,-1668,471,-63.96875,Knife,100,0,0,0,0,False,False,False,306.2109,0
PB,Terrorist,-1668,471,-63.96875,Knife,100,0,0,0,0,False,False,False,306.2109,0
PB,Terrorist,-1668,471,-63.96875,AWP,100,0,0,0,0,False,False,False,306.2109,0
PB,Terrorist,-1668,471,-63.96875,AWP,100,0,0,0,0,False,False,False,306.2109,0
PB,Terrorist,-1668,471,-63.96875,AWP,100,0,0,0,0,False,False,False,306.2109,0
PB,Terrorist,-1668,471,-63.96875,AWP,100,0,0,0,0,False,False,False,306.2109,0
PB,Terrorist,-1668,471,-63.96875,AWP,100,0,0,0,0,False,False,False,306.2109,0
PB,Terrorist,-1668,471,-63.96875,AWP,100,0,0,0,0,False,False,False,306.2109,0
PB,Terrorist,-1668,471,-63.96875,AWP,100,0,0,0,0,False,False,False,306.2109,0
PB,Terrorist,-1668,471,-63.96875,AWP,100,0,0,0,0,False,False,False,306.2109,0
PB,Terrorist,-1668,471,-63.96875,AWP,100,0,0,0,0,False,False,False,306.2109,0
PB,Terrorist,-1668,471,-63.96875,AWP,100,100,0,0,0,False,False,False,306.2109,0
PB,Terrorist,-1668,471,-63.96875,AWP,100,100,0,0,0,False,False,False,306.2109,0
PB,Terrorist,-1668,471,-63.96875,AWP,100,100,0,0,0,False,False,False,306.2109,0
PB,Terrorist,-1668,471,-63.96875,AWP,100,100,0,0,0,False,False,False,306.2109,0
PB,Terrorist,-1668,471,-63.96875,AWP,100,100,0,0,0,False,False,False,306.2109,0
PB,Terrorist,-1668,471,-63.96875,AWP,100,100,0,0,0,False,False,False,306.2109,0
PB,Terrorist,-1668,471,-63.96875,AWP,100,100,0,0,0,False,False,False,306.2109,0
PB,Terrorist,-1668,471,-63.96875,AWP,100,100,0,0,0,False,False,False,306.2109,0
PB,Terrorist,-1668,471,-63.96875,Knife,100,100,0,0,0,False,False,False,306.2109,0
PB,Terrorist,-1668,471,-63.96875,Knife,100,100,0,0,0,False,False,False,306.2109,0
PB,Terrorist,-1668,471,-63.96875,Knife,100,100,0,0,0,False,False,False,306.2109,0
PB,Terrorist,-1668,471,-63.96875,Knife,100,100,0,0,0,False,False,False,306.2109,0
PB,Terrorist,-1668,471,-63.96875,Knife,100,100,0,0,0,False,False,False,306.2109,0
PB,Terrorist,-1668,471,-63.96875,Knife,100,100,0,0,0,False,False,False,306.2109,0
PB,Terrorist,-1668,471,-63.96875,Knife,100,100,0,0,0,False,False,False,306.2109,0
PB,Terrorist,-1668,471,-63.96875,Knife,100,100,0,0,0,False,False,False,306.2109,0
PB,Terrorist,-1668,471,-63.96875,Knife,100,100,0,0,0,False,False,False,306.2109,0
PB,Terrorist,-1668,471,-63.96875,Knife,100,100,0,0,0,False,False,False,306.2109,0
PB,Terrorist,-1668,471,-63.96875,Knife,100,100,0,0,0,False,False,False,306.2109,0
PB,Terrorist,-1668,471,-63.96875,Knife,100,100,0,0,0,False,False,False,306.2109,0
PB,Terrorist,-1668,471,-63.96875,Knife,100,100,0,0,0,False,False,False,306.2109,0
PB,Terrorist,-1668,471,-63.96875,Knife,100,100,0,0,0,False,False,False,306.2109,0
PB,Terrorist,-1668,471,-63.96875,Knife,100,100,0,0,0,False,False,False,306.2109,0
PB,Terrorist,-1668,471,-63.96875,Knife,100,100,0,0,0,False,False,False,306.2109,0
PB,Terrorist,-1668,471,-63.96875,Knife,100,100,0,0,0,False,False,False,306.2109,0
PB,Terrorist,-1668,471,-63.96875,Knife,100,100,0,0,0,False,False,False,306.2109,0
PB,Terrorist,-1668,471,-63.96875,AWP,100,100,0,0,0,False,False,False,306.2109,0
PB,Terrorist,-1668,471,-63.96875,AWP,100,100,0,0,0,False,False,False,306.2109,0
PB,Terrorist,-1668,471,-63.96875,AWP,100,100,0,0,0,False,False,False,306.2109,0
PB,Terrorist,-1668,471,-63.96875,Knife,100,100,0,0,0,False,False,False,306.2109,0
PB,Terrorist,-1668,471,-63.96875,Knife,100,100,0,0,0,False,False,False,306.2109,0
PB,Terrorist,-1668,471,-63.96875,Knife,100,100,0,0,0,False,False,False,306.2109,0
PB,Terrorist,-1668,471,-63.96875,AWP,100,100,0,0,0,False,False,False,306.2109,0
PB,Terrorist,-1668,471,-63.96875,AWP,100,100,0,0,0,False,False,False,306.2109,0
PB,Terrorist,-1668,471,-63.96875,AWP,100,100,0,0,0,False,False,False,306.2109,0
PB,Terrorist,-1668,471,-63.96875,AWP,100,100,0,0,0,False,False,False,306.2109,0
PB,Terrorist,-1668,471,-63.96875,AWP,100,100,0,0,0,False,False,False,306.2109,0
PB,Terrorist,-1668,471,-63.96875,AWP,100,100,0,0,0,False,False,False,306.2109,0
PB,Terrorist,-1668,471,-63.96875,AWP,100,100,0,0,0,False,False,False,306.2109,0
PB,Terrorist,-1668,471,-63.96875,Knife,100,100,0,0,0,False,False,False,306.2109,0
PB,Terrorist,-1668,471,-63.96875,Knife,100,100,0,0,0,False,False,False,306.2109,0
PB,Terrorist,-1668,471,-63.96875,Knife,100,100,0,0,0,False,False,False,306.2109,0
PB,Terrorist,-1668,471,-63.96875,Knife,100,100,0,0,0,False,False,False,306.2109,0
PB,Terrorist,-1668,471,-63.96875,Knife,100,100,0,0,0,False,False,False,306.2109,0
PB,Terrorist,-1668,471,-63.96875,Knife,100,100,0,0,0,False,False,False,306.2109,0
PB,Terrorist,-1668,471,-63.96875,Knife,100,100,0,0,0,False,False,False,306.2109,0
PB,Terrorist,-1668,471,-63.96875,Knife,100,100,0,0,0,False,False,False,306.2109,0
PB,Terrorist,-1668,471,-63.96875,Knife,100,100,0,0,0,False,False,False,306.2109,0
PB,Terrorist,-1668,471,-63.96875,Knife,100,100,0,0,0,False,False,False,306.2109,0
PB,Terrorist,-1668,471,-63.96875,Knife,100,100,0,0,0,False,False,False,306.2109,0
PB,Terrorist,-1668,471,-63.96875,Knife,100,100,0,0,0,False,False,False,306.2109,0
PB,Terrorist,-1668,471,-63.96875,Knife,100,100,0,0,0,False,False,False,306.2109,0
PB,Terrorist,-1668,471,-63.96875,Knife,100,100,0,0,0,False,False,False,306.2109,0
PB,Terrorist,-1668,471,-63.96875,Knife,100,100,0,0,0,False,False,False,306.2109,0
PB,Terrorist,-1668,471,-63.96875,Knife,100,100,0,0,0,False,False,False,306.2109,0
PB,Terrorist,-1668,471,-63.96875,Knife,100,100,0,0,0,False,False,False,306.2109,0
PB,Terrorist,-1668,471,-63.96875,Knife,100,100,0,0,0,False,False,False,306.2109,0
PB,Terrorist,-1668,471,-63.96875,Knife,100,100,0,0,0,False,False,False,306.2109,0
PB,Terrorist,-1668,471,-63.96875,Knife,100,100,0,0,0,False,False,False,306.2109,0
PB,Terrorist,-1668,471,-63.96875,Knife,100,100,0,0,0,False,False,False,306.2109,0
PB,Terrorist,-1668,471,-63.96875,Knife,100,100,0,0,0,False,False,False,306.2109,0
PB,Terrorist,-1668,471,-63.96875,Knife,100,100,0,0,0,False,False,False,306.2109,0
PB,Terrorist,-1668,471,-63.96875,Knife,100,100,0,0,0,False,False,False,306.2109,0
PB,Terrorist,-1668,471,-63.96875,Knife,100,100,0,0,0,False,False,False,306.2109,0
PB,Terrorist,-1668,471,-63.96875,Knife,100,100,0,0,0,False,False,False,306.2109,0
PB,Terrorist,-1668,471,-63.96875,Knife,100,100,0,0,0,False,False,False,306.2109,0
PB,Terrorist,-1668,471,-63.96875,Knife,100,100,0,0,0,False,False,False,306.2109,0
PB,Terrorist,-1668,471,-63.96875,Knife,100,100,0,0,0,False,False,False,306.2109,0
PB,Terrorist,-1668,471,-63.96875,Knife,100,100,0,0,0,False,False,False,306.2109,0
PB,Terrorist,-1668,471,-63.96875,Knife,100,100,0,0,0,False,False,False,306.2109,0
PB,Terrorist,-1668,471,-63.96875,Knife,100,100,0,0,0,False,False,False,306.2109,0
PB,Terrorist,-1668,471,-63.96875,Knife,100,100,0,0,0,False,False,False,306.2109,0
PB,Terrorist,-1668,471,-63.96875,Knife,100,100,0,0,0,False,False,False,306.2109,0
PB,Terrorist,-1668,471,-63.96875,Knife,100,100,0,0,0,False,False,False,306.2109,0
PB,Terrorist,-1668,471,-63.96875,Knife,100,100,0,0,0,False,False,False,306.2109,0
PB,Terrorist,-1668,471,-63.96875,Knife,100,100,0,0,0,False,False,False,306.2109,0
PB,Terrorist,-1668,471,-63.96875,Knife,100,100,0,0,0,False,False,False,306.2109,0
PB,Terrorist,-1668,471,-63.96875,Knife,100,100,0,0,0,False,False,False,306.2109,0
PB,Terrorist,-1668,471,-63.96875,Knife,100,100,0,0,0,False,False,False,306.2109,0
PB,Terrorist,-1668,471,-63.96875,Knife,100,100,0,0,0,False,False,False,306.2109,0
PB,Terrorist,-1668,471,-63.96875,Knife,100,100,0,0,0,False,False,False,306.2109,0
PB,Terrorist,-1668,471,-63.96875,Knife,100,100,0,0,0,False,False,False,306.2109,0
PB,Terrorist,-1668,471,-63.96875,Knife,100,100,0,0,0,False,False,False,306.2109,0
PB,Terrorist,-1668,471,-63.96875,Knife,100,100,0,0,0,False,False,False,306.2109,0
PB,Terrorist,-1668,471,-63.96875,Knife,100,100,0,0,0,False,False,False,306.2109,0
PB,Terrorist,-1668,471,-63.96875,Knife,100,100,0,0,0,False,False,False,306.2109,0
PB,Terrorist,-1668,471,-63.96875,Knife,100,100,0,0,0,False,False,False,306.2109,0
PB,Terrorist,-1668,471,-63.96875,Knife,100,100,0,0,0,False,False,False,306.2109,0
PB,Terrorist,-1668,471,-63.96875,Knife,100,100,0,0,0,False,False,False,306.2109,0
PB,Terrorist,-1668,471,-63.96875,Knife,100,100,0,0,0,False,False,False,306.2109,0
PB,Terrorist,-1668,471,-63.96875,Knife,100,100,0,0,0,False,False,False,306.2109,0
PB,Terrorist,-1668,471,-63.96875,Knife,100,100,0,0,0,False,False,False,306.2109,0
PB,Terrorist,-1668,471,-63.96875,Knife,100,100,0,0,0,False,False,False,306.2109,0
PB,Terrorist,-1668,471,-63.96875,Knife,100,100,0,0,0,False,False,False,306.2109,0
PB,Terrorist,-1668,471,-63.96875,Knife,100,100,0,0,0,False,False,False,306.2109,0
PB,Terrorist,-1668,471,-63.96875,Knife,100,100,0,0,0,False,False,False,306.2109,0
PB,Terrorist,-1668,471,-63.96875,Knife,100,100,0,0,0,False,False,False,306.2109,0
PB,Terrorist,-1668,471,-63.96875,Knife,100,100,0,0,0,False,False,False,306.2109,0
PB,Terrorist,-1668,471,-63.96875,Knife,100,100,0,0,0,False,False,False,306.2109,0
PB,Terrorist,-1668,471,-63.96875,Knife,100,100,0,0,0,False,False,False,306.2109,0
PB,Terrorist,-1668,471,-63.96875,Knife,100,100,0,0,0,False,False,False,306.2109,0
PB,Terrorist,-1668,471,-63.96875,Knife,100,100,0,0,0,False,False,False,306.2109,0
PB,Terrorist,-1668,471,-63.96875,Knife,100,100,0,0,0,False,False,False,306.2109,0
PB,Terrorist,-1668,471,-63.96875,Knife,100,100,0,0,0,False,False,False,306.2109,0
PB,Terrorist,-1668,471,-63.96875,Knife,100,100,0,0,0,False,False,False,306.2109,0
PB,Terrorist,-1668,471,-63.96875,Knife,100,100,0,0,0,False,False,False,306.2109,0
PB,Terrorist,-1668,471,-63.96875,Knife,100,100,0,0,0,False,False,False,306.2109,0
PB,Terrorist,-1668,471,-63.96875,Knife,100,100,0,0,0,False,False,False,306.2109,0
PB,Terrorist,-1668,471,-63.96875,Knife,100,100,0,0,0,False,False,False,306.2109,0
PB,Terrorist,-1668,471,-63.96875,Knife,100,100,0,0,0,False,False,False,306.2109,0
PB,Terrorist,-1668,471,-63.96875,Knife,100,100,0,0,0,False,False,False,306.2109,0
PB,Terrorist,-1668,471,-63.96875,Knife,100,100,0,0,0,False,False,False,306.2109,0
PB,Terrorist,-1668,471,-63.96875,Knife,100,100,0,0,0,False,False,False,306.2109,0
PB,Terrorist,-1668,471,-63.96875,Knife,100,100,0,0,0,False,False,False,306.2109,0
PB,Terrorist,-1668,471,-63.96875,Knife,100,100,0,0,0,False,False,False,306.2109,0
PB,Terrorist,-1668,471,-63.96875,Knife,100,100,0,0,0,False,False,False,306.2109,0
PB,Terrorist,-1668,471,-63.96875,Knife,100,100,0,0,0,False,False,False,306.2109,0
PB,Terrorist,-1668,471,-63.96875,Knife,100,100,0,0,0,False,False,False,306.2109,0
PB,Terrorist,-1668,471,-63.96875,Knife,100,100,0,0,0,False,False,False,306.2109,0
PB,Terrorist,-1668,471,-63.96875,Knife,100,100,0,0,0,False,False,False,306.2109,0
PB,Terrorist,-1668,471,-63.96875,Knife,100,100,0,0,0,False,False,False,306.2109,0
PB,Terrorist,-1668,471,-63.96875,Knife,100,100,0,0,0,False,False,False,306.2109,0
PB,Terrorist,-1668,471,-63.96875,Knife,100,100,0,0,0,False,False,False,306.2109,0
PB,Terrorist,-1668,471,-63.96875,Knife,100,100,0,0,0,False,False,False,306.2109,0
PB,Terrorist,-1668,471,-63.96875,Knife,100,100,0,0,0,False,False,False,306.2109,0
PB,Terrorist,-1668,471,-63.96875,Knife,100,100,0,0,0,False,False,False,306.2109,0
PB,Terrorist,-1668,471,-63.96875,Knife,100,100,0,0,0,False,False,False,306.2109,0
PB,Terrorist,-1668,471,-63.96875,Knife,100,100,0,0,0,False,False,False,306.2109,0
PB,Terrorist,-1668,471,-63.96875,Knife,100,100,0,0,0,False,False,False,306.2109,0
PB,Terrorist,-1668,471,-63.96875,Knife,100,100,0,0,0,False,False,False,306.2109,0
PB,Terrorist,-1668,471,-63.96875,Knife,100,100,0,0,0,False,False,False,306.2109,0
PB,Terrorist,-1668,471,-63.96875,Knife,100,100,0,0,0,False,False,False,306.2109,0
PB,Terrorist,-1668,471,-63.96875,Knife,100,100,0,0,0,False,False,False,306.2109,0
PB,Terrorist,-1668,471,-63.96875,Knife,100,100,0,0,0,False,False,False,306.2109,0
PB,Terrorist,-1668,471,-63.96875,Knife,100,100,0,0,0,False,False,False,306.2109,0
PB,Terrorist,-1668,471,-63.96875,Knife,100,100,0,0,0,False,False,False,306.2109,0
PB,Terrorist,-1668,471,-63.96875,Knife,100,100,0,0,0,False,False,False,306.2109,0
PB,Terrorist,-1668,471,-63.96875,Knife,100,100,0,0,0,False,False,False,306.2109,0
PB,Terrorist,-1668,471,-63.96875,Knife,100,100,0,0,0,False,False,False,306.2109,0
PB,Terrorist,-1668,471,-63.96875,Knife,100,100,0,0,0,False,False,False,306.2109,0
PB,Terrorist,-1668,471,-63.96875,Knife,100,100,0,0,0,False,False,False,306.2109,0
PB,Terrorist,-1668,471,-63.96875,Knife,100,100,0,0,0,False,False,False,306.2109,0
PB,Terrorist,-1668,471,-63.96875,Knife,100,100,0,0,0,False,False,False,306.2109,0
PB,Terrorist,-1668,471,-63.96875,Knife,100,100,0,0,0,False,False,False,306.2109,0
PB,Terrorist,-1668,471,-63.96875,Knife,100,100,0,0,0,False,False,False,306.2109,0
PB,Terrorist,-1668,471,-63.96875,Knife,100,100,0,0,0,False,False,False,306.2109,0
PB,Terrorist,-1668,471,-63.96875,Knife,100,100,0,0,0,False,False,False,306.2109,0
PB,Terrorist,-1668,471,-63.96875,Knife,100,100,0,0,0,False,False,False,306.2109,0
PB,Terrorist,-1668,471,-63.96875,Knife,100,100,0,0,0,False,False,False,306.2109,0
PB,Terrorist,-1668,471,-63.96875,Knife,100,100,0,0,0,False,False,False,306.2109,0
PB,Terrorist,-1668,471,-63.96875,Knife,100,100,0,0,0,False,False,False,306.2109,0
PB,Terrorist,-1668,471,-63.96875,Knife,100,100,0,0,0,False,False,False,306.2109,0
PB,Terrorist,-1668,471,-63.96875,Knife,100,100,0,0,0,False,False,False,306.2109,0
PB,Terrorist,-1668,471,-63.96875,Knife,100,100,0,0,0,False,False,False,306.2109,0
PB,Terrorist,-1668,471,-63.96875,Knife,100,100,0,0,0,False,False,False,306.2109,0
PB,Terrorist,-1668,471,-63.96875,Knife,100,100,0,0,0,False,False,False,306.2109,0
PB,Terrorist,-1668,471,-63.96875,Knife,100,100,0,0,0,False,False,False,306.2109,0
PB,Terrorist,-1668,471,-63.96875,Knife,100,100,0,0,0,False,False,False,306.2109,0
PB,Terrorist,-1668,471,-63.96875,Knife,100,100,0,0,0,False,False,False,306.2109,0
PB,Terrorist,-1668,471,-63.96875,Knife,100,100,0,0,0,False,False,False,306.2109,0
PB,Terrorist,-1668,471,-63.96875,Knife,100,100,0,0,0,False,False,False,306.2109,0
PB,Terrorist,-1668,471,-63.96875,Knife,100,100,0,0,0,False,False,False,306.2109,0
PB,Terrorist,-1668,471,-63.96875,Knife,100,100,0,0,0,False,False,False,306.2109,0
PB,Terrorist,-1668,471,-63.96875,Knife,100,100,0,0,0,False,False,False,306.2109,0
PB,Terrorist,-1668,471,-63.96875,Knife,100,100,0,0,0,False,False,False,306.2109,0
PB,Terrorist,-1668,471,-63.96875,Knife,100,100,0,0,0,False,False,False,306.2109,0
PB,Terrorist,-1668,471,-63.96875,Knife,100,100,0,0,0,False,False,False,306.2109,0
PB,Terrorist,-1668,471,-63.96875,Knife,100,100,0,0,0,False,False,False,306.2109,0
PB,Terrorist,-1668,471,-63.96875,Knife,100,100,0,0,0,False,False,False,306.2109,0
PB,Terrorist,-1668,471,-63.96875,Knife,100,100,0,0,0,False,False,False,306.2109,0
PB,Terrorist,-1668,471,-63.96875,Knife,100,100,0,0,0,False,False,False,306.2109,0
PB,Terrorist,-1668,471,-63.96875,Knife,100,100,0,0,0,False,False,False,306.2109,0
PB,Terrorist,-1668,471,-63.96875,Knife,100,100,0,0,0,False,False,False,306.2109,0
PB,Terrorist,-1668,471,-63.96875,Knife,100,100,0,0,0,False,False,False,306.2109,0
PB,Terrorist,-1668,471,-63.96875,Knife,100,100,0,0,0,False,False,False,306.2109,0
PB,Terrorist,-1668,471,-63.96875,Knife,100,100,0,0,0,False,False,False,306.2109,0
PB,Terrorist,-1668,471,-63.96875,Knife,100,100,0,0,0,False,False,False,306.2109,0
PB,Terrorist,-1668,471,-63.96875,Knife,100,100,0,0,0,False,False,False,306.2109,0
PB,Terrorist,-1668,471,-63.96875,Knife,100,100,0,0,0,False,False,False,306.2109,0
PB,Terrorist,-1668,471,-63.96875,Knife,100,100,0,0,0,False,False,False,306.2109,0
PB,Terrorist,-1668,471,-63.96875,Knife,100,100,0,0,0,False,False,False,306.2109,0
PB,Terrorist,-1668,471,-63.96875,Knife,100,100,0,0,0,False,False,False,306.2109,0
PB,Terrorist,-1668,471,-63.96875,Knife,100,100,0,0,0,False,False,False,306.2109,0
PB,Terrorist,-1668,471,-63.96875,Knife,100,100,0,0,0,False,False,False,306.2109,0
PB,Terrorist,-1668,471,-63.96875,Knife,100,100,0,0,0,False,False,False,306.2109,0
PB,Terrorist,-1668,471,-63.96875,Knife,100,100,0,0,0,False,False,False,306.2109,0
PB,Terrorist,-1668,471,-63.96875,Knife,100,100,0,0,0,False,False,False,306.2109,0
PB,Terrorist,-1668,471,-63.96875,Knife,100,100,0,0,0,False,False,False,306.2109,0
PB,Terrorist,-1668,471,-63.96875,Knife,100,100,0,0,0,False,False,False,306.2109,0
PB,Terrorist,-1668,471,-63.96875,Knife,100,100,0,0,0,False,False,False,306.2109,0
PB,Terrorist,-1668,471,-63.96875,Knife,100,100,0,0,0,False,False,False,306.2109,0
PB,Terrorist,-1668,471,-63.96875,Knife,100,100,0,0,0,False,False,False,306.2109,0
PB,Terrorist,-1668,471,-63.96875,Knife,100,100,0,0,0,False,False,False,306.2109,0
PB,Terrorist,-1668,471,-63.96875,Knife,100,100,0,0,0,False,False,False,306.2109,0
PB,Terrorist,-1668,471,-63.96875,Knife,100,100,0,0,0,False,False,False,306.2109,0
PB,Terrorist,-1668,471,-63.96875,Knife,100,100,0,0,0,False,False,False,306.2109,0
PB,Terrorist,-1668,471,-63.96875,Knife,100,100,0,0,0,False,False,False,306.2109,0
PB,Terrorist,-1668,471,-63.96875,Knife,100,100,0,0,0,False,False,False,306.2109,0
PB,Terrorist,-1668,471,-63.96875,Knife,100,100,0,0,0,False,False,False,306.2109,0
PB,Terrorist,-1668,471,-63.96875,Knife,100,100,0,0,0,False,False,False,306.2109,0
PB,Terrorist,-1668,471,-63.96875,Knife,100,100,0,0,0,False,False,False,306.2109,0
PB,Terrorist,-1668,471,-63.96875,Knife,100,100,0,0,0,False,False,False,306.2109,0
PB,Terrorist,-1668,471,-63.96875,Knife,100,100,0,0,0,False,False,False,306.2109,0
PB,Terrorist,-1668,471,-63.96875,Knife,100,100,0,0,0,False,False,False,306.2109,0
PB,Terrorist,-1668,471,-63.96875,Knife,100,100,0,0,0,False,False,False,306.2109,0
PB,Terrorist,-1668,471,-63.96875,Knife,100,100,0,0,0,False,False,False,306.2109,0
PB,Terrorist,-1668,471,-63.96875,Knife,100,100,0,0,0,False,False,False,306.2109,0
PB,Terrorist,-1668,471,-63.96875,Knife,100,100,0,0,0,False,False,False,306.2109,0
PB,Terrorist,-1668,471,-63.96875,Knife,100,100,0,0,0,False,False,False,306.2109,0
PB,Terrorist,-1668,471,-63.96875,Knife,100,100,0,0,0,False,False,False,306.2109,0
PB,Terrorist,-1668,471,-63.96875,Knife,100,100,0,0,0,False,False,False,306.2109,0
PB,Terrorist,-1668,471,-63.96875,Knife,100,100,0,0,0,False,False,False,306.2109,0
PB,Terrorist,-1668,471,-63.96875,Knife,100,100,0,0,0,False,False,False,306.5625,0.3515625
PB,Terrorist,-1668,471,-63.96875,Knife,100,100,0,0,0,False,False,False,307.9688,2.109375
PB,Terrorist,-1668,471,-63.96875,Knife,100,100,0,0,0,False,False,False,309.375,4.921875
PB,Terrorist,-1668,471,-63.96875,Knife,100,100,0,0,0,False,False,False,310.4297,6.328125
PB,Terrorist,-1668,471,-63.96875,Knife,100,100,0,0,0,False,False,False,311.1328,6.328125
PB,Terrorist,-1668,471,-63.96875,Knife,100,100,0,0,0,False,False,False,312.8906,5.625
PB,Terrorist,-1668,471,-63.96875,Knife,100,100,0,0,0,False,False,False,314.2969,4.21875
PB,Terrorist,-1668,471,-63.96875,Knife,100,100,0,0,0,False,False,False,315,2.8125
PB,Terrorist,-1668,471,-63.96875,Knife,100,100,0,0,0,False,False,False,315,1.757813
PB,Terrorist,-1668,471,-63.96875,Knife,100,100,0,0,0,False,False,False,315,0.703125
PB,Terrorist,-1668,471,-63.96875,Knife,100,100,0,0,0,False,False,False,314.6484,359.6484
PB,Terrorist,-1668,471,-63.96875,Knife,100,100,0,0,0,False,False,False,314.2969,358.9453
PB,Terrorist,-1668,471,-63.96875,Knife,100,100,0,0,0,False,False,False,313.9453,358.2422
PB,Terrorist,-1668,471,-63.96875,Knife,100,100,0,0,0,False,False,False,313.9453,357.8906
PB,Terrorist,-1668,471,-63.96875,Knife,100,100,0,0,0,False,False,False,313.5938,357.8906
PB,Terrorist,-1668,471,-63.96875,Knife,100,100,0,0,0,False,False,False,313.5938,357.8906
PB,Terrorist,-1668,471,-63.96875,Knife,100,100,0,0,0,False,False,False,313.5938,358.2422
PB,Terrorist,-1668,471,-63.96875,Knife,100,100,0,0,0,False,False,False,312.5391,358.5938
PB,Terrorist,-1668,471,-63.96875,Knife,100,100,0,0,0,False,False,False,311.8359,359.6484
PB,Terrorist,-1668,471,-63.96875,Knife,100,100,0,0,0,False,False,False,311.4844,0
PB,Terrorist,-1668,471,-63.96875,Knife,100,100,0,0,0,False,False,False,311.4844,0.3515625
PB,Terrorist,-1668,471,-63.96875,Knife,100,100,0,0,0,False,False,False,311.4844,0.703125
PB,Terrorist,-1668,471,-63.96875,Knife,100,100,0,0,0,False,False,False,311.4844,0.703125
PB,Terrorist,-1668,471,-63.96875,Knife,100,100,0,0,0,False,False,False,311.4844,1.054688
PB,Terrorist,-1668,471,-63.96875,Knife,100,100,0,0,0,False,False,False,311.4844,1.40625
PB,Terrorist,-1668,471,-63.96875,Knife,100,100,0,0,0,False,False,False,311.4844,1.757813
PB,Terrorist,-1668,471,-63.96875,Knife,100,100,0,0,0,False,False,False,311.4844,1.757813
PB,Terrorist,-1668,471,-63.96875,Knife,100,100,0,0,0,False,False,False,311.4844,1.757813
PB,Terrorist,-1668,471,-63.96875,Knife,100,100,0,0,0,False,False,False,311.4844,1.757813
PB,Terrorist,-1668,471,-63.96875,Knife,100,100,0,0,0,False,False,False,311.4844,1.757813
PB,Terrorist,-1668,471,-63.96875,Knife,100,100,0,0,0,False,False,False,311.4844,1.757813
PB,Terrorist,-1668,471,-63.96875,Knife,100,100,0,0,0,False,False,False,311.4844,1.757813
PB,Terrorist,-1668,471,-63.96875,Knife,100,100,0,0,0,False,False,False,311.4844,1.757813
PB,Terrorist,-1668,471,-63.96875,Knife,100,100,0,0,0,False,False,False,311.4844,1.757813
PB,Terrorist,-1668,471,-63.96875,Knife,100,100,0,0,0,False,False,False,311.4844,1.757813
PB,Terrorist,-1668,471,-63.96875,Knife,100,100,0,0,0,False,False,False,311.4844,1.757813
PB,Terrorist,-1668,471,-63.96875,Knife,100,100,0,0,0,False,False,False,311.4844,1.757813
PB,Terrorist,-1668,471,-63.96875,Knife,100,100,0,0,0,False,False,False,311.1328,1.40625
PB,Terrorist,-1668,471,-63.96875,Knife,100,100,0,0,0,False,False,False,310.7813,0.703125
PB,Terrorist,-1668,471,-63.96875,Knife,100,100,0,0,0,False,False,False,310.4297,359.2969
PB,Terrorist,-1668,471,-63.96875,Knife,100,100,0,0,0,False,False,False,310.4297,356.4844
PB,Terrorist,-1668,471,-63.96875,Knife,100,100,0,0,0,False,False,False,310.4297,354.7266
PB,Terrorist,-1668,471,-63.96875,Knife,100,100,0,0,0,False,False,False,310.7813,355.4297
PB,Terrorist,-1668,471,-63.96875,AWP,100,100,0,0,0,False,False,False,310.7813,0.3515625
PB,Terrorist,-1668,471,-63.96875,AWP,100,100,0,0,0,False,False,False,310.0781,7.734375
PB,Terrorist,-1668,471,-63.96875,AWP,100,100,0,0,0,False,False,False,309.375,15.46875
PB,Terrorist,-1668,471,-63.96875,AWP,100,100,0,0,0,False,False,False,308.6719,19.33594
PB,Terrorist,-1668,471,-63.96875,Knife,100,100,0,0,0,False,False,False,308.6719,18.98438
PB,Terrorist,-1668,471,-63.96875,Knife,100,100,0,0,0,False,False,False,308.6719,13.71094
PB,Terrorist,-1668,471,-63.96875,Knife,100,100,0,0,0,False,False,False,308.6719,8.085938
PB,Terrorist,-1668,471,-63.96875,Knife,100,100,0,0,0,False,False,False,308.6719,3.867188
PB,Terrorist,-1668,471,-63.96875,Knife,100,100,0,0,0,False,False,False,308.6719,1.40625
PB,Terrorist,-1668,471,-63.96875,Knife,100,100,0,0,0,False,False,False,308.6719,359.6484
PB,Terrorist,-1668,471,-63.96875,Glock,100,100,0,0,0,False,False,False,308.6719,359.6484
PB,Terrorist,-1668,471,-63.96875,Glock,100,100,0,0,0,False,False,False,308.6719,359.6484
PB,Terrorist,-1668,471,-63.96875,Glock,100,100,0,0,0,False,False,False,308.6719,1.054688
PB,Terrorist,-1668,471,-63.96875,Glock,100,100,0,0,0,False,False,False,308.6719,2.109375
PB,Terrorist,-1668,471,-63.96875,Glock,100,100,0,0,0,False,False,False,309.0234,2.460938
PB,Terrorist,-1668,471,-63.96875,AWP,100,100,0,0,0,False,False,False,309.0234,3.164063
PB,Terrorist,-1668,471,-63.96875,AWP,100,100,0,0,0,False,False,False,309.0234,3.515625
PB,Terrorist,-1668,471,-63.96875,AWP,100,100,0,0,0,False,False,False,309.0234,3.515625
PB,Terrorist,-1668,471,-63.96875,AWP,100,100,0,0,0,False,False,False,309.0234,3.515625
PB,Terrorist,-1668,471,-63.96875,AWP,100,100,0,0,0,False,False,False,309.0234,3.515625
PB,Terrorist,-1668,471,-63.96875,AWP,100,100,0,0,0,False,False,False,309.0234,3.515625
PB,Terrorist,-1668,471,-63.96875,AWP,100,100,0,0,0,False,False,False,309.0234,3.515625
PB,Terrorist,-1668,471,-63.96875,AWP,100,100,0,0,0,False,False,False,309.0234,3.515625
PB,Terrorist,-1668,471,-63.96875,Glock,100,100,0,0,0,False,False,False,309.0234,3.515625
PB,Terrorist,-1668,471,-63.96875,Glock,100,100,0,0,0,False,False,False,309.0234,3.515625
PB,Terrorist,-1668,471,-63.96875,Glock,100,100,0,0,0,False,False,False,309.0234,3.515625
PB,Terrorist,-1668,471,-63.96875,AWP,100,100,0,0,0,False,False,False,309.0234,3.515625
PB,Terrorist,-1668,471,-63.96875,AWP,100,100,0,0,0,False,False,False,309.0234,3.515625
PB,Terrorist,-1668,471,-63.96875,AWP,100,100,0,0,0,False,False,False,309.0234,3.515625
PB,Terrorist,-1668,471,-63.96875,AWP,100,100,0,0,0,False,False,False,309.0234,3.515625
PB,Terrorist,-1668,471,-63.96875,AWP,100,100,0,0,0,False,False,False,309.0234,3.515625
PB,Terrorist,-1668,471,-63.96875,AWP,100,100,0,0,0,False,False,False,309.0234,3.515625
PB,Terrorist,-1668,471,-63.96875,Knife,100,100,0,0,0,False,False,False,309.0234,3.515625
PB,Terrorist,-1668,471,-63.96875,Knife,100,100,0,0,0,False,False,False,309.0234,3.515625
PB,Terrorist,-1668,471,-63.96875,Knife,100,100,0,0,0,False,False,False,309.0234,3.515625
PB,Terrorist,-1668,471,-63.96875,Knife,100,100,0,0,0,False,False,False,309.0234,3.515625
PB,Terrorist,-1668,471,-63.96875,Knife,100,100,0,0,0,False,False,False,309.0234,3.515625
PB,Terrorist,-1668,471,-63.96875,Knife,100,100,0,0,0,False,False,False,309.0234,3.515625
PB,Terrorist,-1668,471,-63.96875,Knife,100,100,0,0,0,False,False,False,309.0234,3.515625
PB,Terrorist,-1668,471,-63.96875,Knife,100,100,0,0,0,False,False,False,309.0234,3.515625
PB,Terrorist,-1668,471,-63.96875,Knife,100,100,0,0,0,False,False,False,309.0234,3.515625
PB,Terrorist,-1668,471,-63.96875,Knife,100,100,0,0,0,False,False,False,309.0234,3.515625
PB,Terrorist,-1668,471,-63.96875,Knife,100,100,0,0,0,False,False,False,309.0234,3.515625
PB,Terrorist,-1668,471,-63.96875,Knife,100,100,0,0,0,False,False,False,309.0234,3.515625
PB,Terrorist,-1668,471,-63.96875,Knife,100,100,0,0,0,False,False,False,309.0234,3.515625
PB,Terrorist,-1668,471,-63.96875,Knife,100,100,0,0,0,False,False,False,309.0234,3.515625
PB,Terrorist,-1668,471,-63.96875,Knife,100,100,0,0,0,False,False,False,309.0234,3.515625
PB,Terrorist,-1668,471,-63.96875,Knife,100,100,0,0,0,False,False,False,309.0234,3.515625
PB,Terrorist,-1668,471,-63.96875,Knife,100,100,0,0,0,False,False,False,309.0234,3.515625
PB,Terrorist,-1668,471,-63.96875,Knife,100,100,0,0,0,False,False,False,309.0234,3.515625
PB,Terrorist,-1668,471,-63.96875,Knife,100,100,0,0,0,False,False,False,309.0234,3.515625
PB,Terrorist,-1668,471,-63.96875,Knife,100,100,0,0,0,False,False,False,309.0234,3.515625
PB,Terrorist,-1668,471,-63.96875,Knife,100,100,0,0,0,False,False,False,309.0234,3.515625
PB,Terrorist,-1668,471,-63.96875,Knife,100,100,0,0,0,False,False,False,309.0234,3.515625
PB,Terrorist,-1668,471,-63.96875,Knife,100,100,0,0,0,False,False,False,309.0234,3.515625
PB,Terrorist,-1668,471,-63.96875,Knife,100,100,0,0,0,False,False,False,309.0234,3.515625
PB,Terrorist,-1668,471,-63.96875,Knife,100,100,0,0,0,False,False,False,309.0234,3.515625
PB,Terrorist,-1668,471,-63.96875,Knife,100,100,0,0,0,False,False,False,309.0234,3.515625
PB,Terrorist,-1668,471,-63.96875,AWP,100,100,0,0,0,False,False,False,309.0234,3.515625
PB,Terrorist,-1668,471,-63.96875,AWP,100,100,0,0,0,False,False,False,309.0234,3.515625
PB,Terrorist,-1668,471,-63.96875,AWP,100,100,0,0,0,False,False,False,309.0234,3.515625
PB,Terrorist,-1668,471,-63.96875,Knife,100,100,0,0,0,False,False,False,309.0234,3.515625
PB,Terrorist,-1668,471,-63.96875,Knife,100,100,0,0,0,False,False,False,309.0234,3.515625
PB,Terrorist,-1668,471,-63.96875,Knife,100,100,0,0,0,False,False,False,309.0234,3.515625
PB,Terrorist,-1668,471,-63.96875,Knife,100,100,0,0,0,False,False,False,309.0234,3.515625
PB,Terrorist,-1668,471,-63.96875,Knife,100,100,0,0,0,False,False,False,309.0234,3.515625
PB,Terrorist,-1668,471,-63.96875,Knife,100,100,0,0,0,False,False,False,309.0234,3.515625
PB,Terrorist,-1668,471,-63.96875,Knife,100,100,0,0,0,False,False,False,309.0234,3.515625
PB,Terrorist,-1668,471,-63.96875,Knife,100,100,0,0,0,False,False,False,309.0234,3.515625
PB,Terrorist,-1668,471,-63.96875,Knife,100,100,0,0,0,False,False,False,309.0234,3.515625
PB,Terrorist,-1668,471,-63.96875,Knife,100,100,0,0,0,False,False,False,309.0234,3.515625
PB,Terrorist,-1668,471,-63.96875,Knife,100,100,0,0,0,False,False,False,309.0234,3.515625
PB,Terrorist,-1668,471,-63.96875,Knife,100,100,0,0,0,False,False,False,309.0234,3.515625
PB,Terrorist,-1668,471,-63.96875,Knife,100,100,0,0,0,False,False,False,309.0234,3.515625
PB,Terrorist,-1668,471,-63.96875,Knife,100,100,0,0,0,False,False,False,309.0234,3.515625
PB,Terrorist,-1668,471,-63.96875,Knife,100,100,0,0,0,False,False,False,309.0234,3.515625
PB,Terrorist,-1668,471,-63.96875,Knife,100,100,0,0,0,False,False,False,309.0234,3.515625
PB,Terrorist,-1668,471,-63.96875,Knife,100,100,0,0,0,False,False,False,309.0234,3.515625
PB,Terrorist,-1668,471,-63.96875,Knife,100,100,0,0,0,False,False,False,309.0234,3.515625
PB,Terrorist,-1668,471,-63.96875,Knife,100,100,0,0,0,False,False,False,309.0234,3.515625
PB,Terrorist,-1668,471,-63.96875,Knife,100,100,0,0,0,False,False,False,309.0234,3.515625
PB,Terrorist,-1668,471,-63.96875,Knife,100,100,0,0,0,False,False,False,309.0234,3.515625
PB,Terrorist,-1668,471,-63.96875,Knife,100,100,0,0,0,False,False,False,309.0234,3.515625
PB,Terrorist,-1668,471,-63.96875,Knife,100,100,0,0,0,False,False,False,309.0234,3.515625
PB,Terrorist,-1668,471,-63.96875,Knife,100,100,0,0,0,False,False,False,309.0234,3.515625
PB,Terrorist,-1668,471,-63.96875,Knife,100,100,0,0,0,False,False,False,309.0234,3.515625
PB,Terrorist,-1668,471,-63.96875,Knife,100,100,0,0,0,False,False,False,309.0234,3.515625
PB,Terrorist,-1668,471,-63.96875,Knife,100,100,0,0,0,False,False,False,309.0234,3.515625
PB,Terrorist,-1668,471,-63.96875,Knife,100,100,0,0,0,False,False,False,309.0234,3.515625
PB,Terrorist,-1668,471,-63.96875,AWP,100,100,0,0,0,False,False,False,309.0234,3.515625
PB,Terrorist,-1668,471,-63.96875,AWP,100,100,0,0,0,False,False,False,309.375,3.515625
PB,Terrorist,-1668,471,-63.96875,AWP,100,100,0,0,0,False,False,False,309.375,3.515625
PB,Terrorist,-1668,471,-63.96875,AWP,100,100,0,0,0,False,False,False,309.375,3.515625
PB,Terrorist,-1668,471,-63.96875,AWP,100,100,0,0,0,False,False,False,309.375,3.515625
PB,Terrorist,-1668,471,-63.96875,Knife,100,100,0,0,0,False,False,False,309.375,3.515625
PB,Terrorist,-1668,471,-63.96875,Knife,100,100,0,0,0,False,False,False,309.375,3.515625
PB,Terrorist,-1668,471,-63.96875,Knife,100,100,0,0,0,False,False,False,309.375,3.515625
PB,Terrorist,-1668,471,-63.96875,Knife,100,100,0,0,0,False,False,False,309.375,3.515625
PB,Terrorist,-1668,471,-63.96875,Knife,100,100,0,0,0,False,False,False,309.375,3.515625
PB,Terrorist,-1668,471,-63.96875,Knife,100,100,0,0,0,False,False,False,309.375,3.515625
PB,Terrorist,-1668,471,-63.96875,AWP,100,100,0,0,0,False,False,False,309.375,3.515625
PB,Terrorist,-1668,471,-63.96875,AWP,100,100,0,0,0,False,False,False,309.375,3.515625
PB,Terrorist,-1668,471,-63.96875,AWP,100,100,0,0,0,False,False,False,309.375,3.515625
PB,Terrorist,-1668,471,-63.96875,Knife,100,100,0,0,0,False,False,False,309.375,3.515625
PB,Terrorist,-1668,471,-63.96875,Knife,100,100,0,0,0,False,False,False,309.0234,3.515625
PB,Terrorist,-1668,471,-63.96875,Knife,100,100,0,0,0,False,False,False,309.0234,3.515625
PB,Terrorist,-1668,471,-63.96875,Knife,100,100,0,0,0,False,False,False,309.0234,3.515625
PB,Terrorist,-1668,471,-63.96875,Knife,100,100,0,0,0,False,False,False,309.0234,3.515625
PB,Terrorist,-1668,471,-63.96875,Knife,100,100,0,0,0,False,False,False,309.0234,3.515625
PB,Terrorist,-1668,471,-63.96875,Knife,100,100,0,0,0,False,False,False,309.0234,3.515625
PB,Terrorist,-1668,471,-63.96875,AWP,100,100,0,0,0,False,False,False,308.6719,3.515625
PB,Terrorist,-1668,471,-63.96875,AWP,100,100,0,0,0,False,False,False,308.6719,3.515625
PB,Terrorist,-1668,471,-63.96875,AWP,100,100,0,0,0,False,False,False,308.6719,3.515625
PB,Terrorist,-1668,471,-63.96875,Knife,100,100,0,0,0,False,False,False,308.6719,3.515625
PB,Terrorist,-1668,471,-63.96875,Knife,100,100,0,0,0,False,False,False,308.6719,3.515625
PB,Terrorist,-1668,471,-63.96875,Knife,100,100,0,0,0,False,False,False,308.6719,3.515625
PB,Terrorist,-1668,471,-63.96875,Knife,100,100,0,0,0,False,False,False,308.6719,3.515625
PB,Terrorist,-1668,471,-63.96875,Knife,100,100,0,0,0,False,False,False,308.6719,3.515625
PB,Terrorist,-1668,471,-63.96875,Knife,100,100,0,0,0,False,False,False,308.6719,3.515625
PB,Terrorist,-1668,471,-63.96875,Knife,100,100,0,0,0,False,False,False,308.6719,3.515625
PB,Terrorist,-1668,471,-63.96875,Knife,100,100,0,0,0,False,False,False,308.6719,3.515625
PB,Terrorist,-1668,471,-63.96875,Knife,100,100,0,0,0,False,False,False,308.6719,3.515625
PB,Terrorist,-1668,471,-63.96875,Knife,100,100,0,0,0,False,False,False,308.6719,3.515625
PB,Terrorist,-1668,471,-63.96875,Knife,100,100,0,0,0,False,False,False,308.6719,3.515625
PB,Terrorist,-1668,471,-63.96875,Knife,100,100,0,0,0,False,False,False,308.6719,3.515625
PB,Terrorist,-1668,471,-63.96875,Knife,100,100,0,0,0,False,False,False,308.6719,3.515625
PB,Terrorist,-1668,471,-63.96875,Knife,100,100,0,0,0,False,False,False,308.6719,3.515625
PB,Terrorist,-1668,471,-63.96875,Knife,100,100,0,0,0,False,False,False,308.6719,3.515625
PB,Terrorist,-1668,471,-63.96875,Knife,100,100,0,0,0,False,False,False,308.6719,3.515625
PB,Terrorist,-1668,471,-63.96875,Knife,100,100,0,0,0,False,False,False,308.6719,3.515625
PB,Terrorist,-1668,471,-63.96875,Knife,100,100,0,0,0,False,False,False,308.6719,3.515625
PB,Terrorist,-1668,471,-63.96875,Knife,100,100,0,0,0,False,False,False,308.6719,3.515625
PB,Terrorist,-1668,471,-63.96875,Knife,100,100,0,0,0,False,False,False,308.6719,3.515625
PB,Terrorist,-1668,471,-63.96875,Knife,100,100,0,0,0,False,False,False,308.6719,3.164063
PB,Terrorist,-1668,471,-63.96875,Knife,100,100,0,0,0,False,False,False,308.6719,3.164063
PB,Terrorist,-1668,471,-63.96875,Knife,100,100,0,0,0,False,False,False,308.6719,3.164063
PB,Terrorist,-1668,471,-63.96875,Knife,100,100,0,0,0,False,False,False,308.6719,3.164063
PB,Terrorist,-1668,471,-63.96875,Knife,100,100,0,0,0,False,False,False,308.6719,3.164063
PB,Terrorist,-1668,471,-63.96875,Knife,100,100,0,0,0,False,False,False,308.6719,3.164063
PB,Terrorist,-1668,471,-63.96875,Knife,100,100,0,0,0,False,False,False,308.6719,3.164063
PB,Terrorist,-1668,471,-63.96875,Knife,100,100,0,0,0,False,False,False,308.6719,3.164063
PB,Terrorist,-1668,471,-63.96875,Knife,100,100,0,0,0,False,False,False,308.6719,3.164063
PB,Terrorist,-1668,471,-63.96875,Knife,100,100,0,0,0,False,False,False,308.6719,3.164063
PB,Terrorist,-1668,471,-63.96875,Knife,100,100,0,0,0,False,False,False,308.6719,3.164063
PB,Terrorist,-1668,471,-63.96875,Knife,100,100,0,0,0,False,False,False,308.6719,3.164063
PB,Terrorist,-1668,471,-63.96875,Knife,100,100,0,0,0,False,False,False,308.6719,3.164063
PB,Terrorist,-1668,471,-63.96875,Knife,100,100,0,0,0,False,False,False,308.6719,3.164063
PB,Terrorist,-1668,471,-63.96875,Knife,100,100,0,0,0,False,False,False,308.6719,3.164063
PB,Terrorist,-1668,471,-63.96875,Knife,100,100,0,0,0,False,False,False,308.6719,3.164063
PB,Terrorist,-1667.338,470.1698,-63.96875,Knife,100,100,27.08801,-33.95668,0,False,False,False,308.6719,3.164063
PB,Terrorist,-1664.236,466.2814,-63.96875,Knife,100,100,66.42789,-83.27195,0,False,False,False,308.6719,3.164063
PB,Terrorist,-1658.967,459.6767,-63.96875,Knife,100,100,96.8446,-121.4014,0,False,False,False,308.6719,3.164063
PB,Terrorist,-1652.092,451.0579,-63.96875,Knife,100,100,119.2482,-149.4859,0,False,False,False,308.6719,3.164063
PB,Terrorist,-1642.959,439.609,-63.96875,Knife,100,100,137.4798,-172.3405,0,False,False,False,308.6719,3.164063
PB,Terrorist,-1635.102,429.7602,-63.96875,Knife,100,100,147.904,-185.4079,0,False,False,False,308.6719,3.164063
PB,Terrorist,-1625.537,417.7695,-63.96875,Knife,100,100,155.9022,-195.4341,0,False,False,False,308.6719,3.164063
PB,Terrorist,-1615.793,405.5549,-63.96875,Knife,100,100,155.9022,-195.4341,0,False,False,False,308.6719,3.164063
PB,Terrorist,-1606.049,393.3402,-63.96875,Knife,100,100,155.8966,-195.4386,0,False,False,False,308.6719,3.164063
PB,Terrorist,-1596.307,381.1236,-63.96875,Knife,100,100,155.8213,-195.4986,0,False,False,False,308.3203,2.8125
PB,Terrorist,-1586.574,368.9008,-63.96875,Knife,100,100,155.6794,-195.6117,0,False,False,False,308.3203,2.109375
PB,Terrorist,-1576.848,356.6721,-63.96875,Knife,100,100,155.5798,-195.6909,0,False,False,False,308.3203,1.757813
PB,Terrorist,-1567.127,344.4393,-63.96875,Knife,100,100,155.5064,-195.7492,0,False,False,False,308.3203,1.40625
PB,Terrorist,-1557.408,332.2045,-63.96875,Knife,100,100,155.5332,-195.7279,0,False,False,False,308.6719,1.757813
PB,Terrorist,-1547.659,319.9941,-63.96875,Knife,100,100,156.6137,-194.8644,0,False,False,False,310.7813,2.460938
PB,Terrorist,-1537.741,307.9211,-63.96875,Knife,100,100,161.0343,-191.2275,0,False,False,False,316.0547,3.164063
PB,Terrorist,-1528.692,295.2549,-63.96875,Knife,100,100,129.8341,-213.6425,0,False,False,False,322.3828,3.515625
PB,Terrorist,-1521.402,281.441,-63.96875,Knife,100,100,109.023,-224.9755,0,False,False,False,331.875,3.515625
PB,Terrorist,-1514.756,267.5899,-63.96875,Knife,100,100,106.8559,0,0,False,False,False,344.5313,3.515625
PB,Terrorist,-1507.514,265.2683,-63.96875,Knife,100,100,124.1764,-61.78745,0,False,False,False,355.4297,3.515625
PB,Terrorist,-1499.054,259.9185,-63.96875,Knife,100,100,143.4374,-102.0981,0,False,False,False,357.8906,3.515625
PB,Terrorist,-1489.557,252.4568,-63.96875,Knife,100,100,157.9156,-131.5243,0,False,False,False,357.8906,3.515625
PB,Terrorist,-1479.296,243.4406,-55.96875,Knife,100,100,168.5796,-153.1984,0,False,False,False,357.8906,3.515625
PB,Terrorist,-1468.471,233.2795,-63.96876,Knife,100,100,176.4342,-169.1626,0,False,False,False,357.8906,3.515625
PB,Terrorist,-1460.384,228.4901,-63.96877,Knife,100,100,0.0001800424,-33.57115,0,False,False,False,357.8906,3.515625
PB,Terrorist,-1460.384,224.9281,-63.96877,Knife,100,100,0.0001800426,-75.21007,0,False,False,False,357.8906,3.515625
PB,Terrorist,-1460.033,218.8158,-63.96876,Knife,100,100,6.981338,-114.1413,0,False,False,False,357.8906,3.515625
PB,Terrorist,-1457.746,210.7171,-63.96876,Knife,100,100,57.38053,-140.4203,0,False,False,False,357.8906,3.164063
PB,Terrorist,-1452.628,201.5955,-63.96876,Knife,100,100,104.8086,-136.9344,0,False,False,False,359.2969,2.460938
PB,Terrorist,-1444.272,194.4344,-63.96876,Knife,100,100,153.9403,-97.69045,0,False,False,False,4.921875,1.757813
PB,Terrorist,-1433.343,189.6402,-63.96876,Knife,100,100,189.3324,-60.56328,0,False,False,False,11.25,0.703125
PB,Terrorist,-1420.603,187.1145,-63.11843,Knife,100,100,213.7278,-25.05004,0,False,False,False,16.875,359.6484
PB,Terrorist,-1406.646,186.714,-59.62941,Knife,100,100,229.6385,7.722689,0,False,False,False,22.14844,358.9453
PB,Terrorist,-1391.929,188.2497,-55.95012,Knife,100,100,239.3273,36.94344,0,False,False,False,24.96094,358.2422
PB,Terrorist,-1376.772,191.39,-52.16072,Knife,100,100,242.8969,59.17008,0,False,False,False,25.3125,357.8906
PB,Terrorist,-1361.733,195.6219,-48.40108,Knife,100,100,238.926,73.58242,0,False,False,False,25.3125,357.8906
PB,Terrorist,-1346.92,200.5899,-47.96875,Knife,100,100,235.6367,83.51854,0,False,False,False,25.3125,357.8906
PB,Terrorist,-1332.282,206.0535,-47.96875,Knife,100,100,233.2288,90.02406,0,False,False,False,24.96094,358.5938
PB,Terrorist,-1317.984,212.1252,-47.96875,Knife,100,100,217.8191,112.4711,0,False,False,False,24.96094,359.2969
PB,Terrorist,-1305.505,220.7153,-47.96875,Knife,100,100,186.945,154.9614,0,False,False,False,24.96094,359.2969
PB,Terrorist,-1294.655,231.5491,-47.96875,Knife,100,100,164.2423,186.2441,0,False,False,False,24.96094,359.2969
PB,Terrorist,-1285.107,243.901,-47.96875,Knife,100,100,143.8919,204.4386,0,False,False,False,24.96094,359.2969
PB,Terrorist,-1276.71,257.0735,-47.96875,Knife,100,100,127.6371,214.9622,0,False,False,False,24.96094,359.2969
PB,Terrorist,-1269.171,270.7575,-47.96875,Knife,100,100,115.7133,221.6087,0,False,False,False,24.96094,359.2969
PB,Terrorist,-1262.254,284.7669,-47.96875,Knife,100,100,107.237,225.8323,0,False,False,False,24.96094,359.2969
PB,Terrorist,-1255.765,298.9805,-51.31684,Knife,100,100,101.4625,228.4849,0,False,False,False,24.96094,359.2969
PB,Terrorist,-1249.574,313.3264,-55.96875,Knife,100,100,97.39043,230.2501,0,False,False,False,24.96094,359.2969
PB,Terrorist,-1243.595,327.7621,-55.96875,Knife,100,100,94.45507,231.4697,0,False,False,False,24.96094,359.2969
PB,Terrorist,-1238.128,342.3123,-55.96875,Knife,100,100,69.7136,235.59,0,False,False,False,24.96094,359.2969
PB,Terrorist,-1235.628,357.3192,-55.96875,Knife,100,100,19.13267,243.2835,0,False,False,False,24.96094,359.2969
PB,Terrorist,-1235.735,372.735,-55.96875,Knife,100,100,-9.742756,249.2787,0,False,False,False,24.60938,359.2969
PB,Terrorist,-1235.271,388.3448,-55.96875,Knife,100,100,19.36812,249.2486,0,False,False,False,24.60938,359.2969
PB,Terrorist,-1233.292,403.8396,-55.96875,Knife,100,100,40.25159,246.7384,0,False,False,False,24.25781,358.5938
PB,Terrorist,-1229.238,418.4709,-55.96875,Knife,100,100,90.20814,219.458,0,False,False,False,23.20313,357.1875
PB,Terrorist,-1221.874,431.1643,-55.96875,Knife,100,100,137.2825,191.404,0,False,False,False,22.14844,355.4297
PB,Terrorist,-1212,442.318,-55.96875,Knife,100,100,172.6415,169.0476,0,False,False,False,20.74219,354.0234
PB,Terrorist,-1200.229,452.2121,-55.96875,Knife,100,100,199.5029,150.3994,0,False,False,False,18.98438,353.3203
PB,Terrorist,-1187.233,460.8754,-55.96875,Knife,100,100,213.6992,129.7408,0,False,False,False,16.52344,352.9688
PB,Terrorist,-1173.497,468.3129,-55.96875,Knife,100,100,224.0929,110.8258,0,False,False,False,13.35938,352.9688
PB,Terrorist,-1159.201,474.6093,-55.96875,Knife,100,100,232.0119,93.1153,0,False,False,False,10.19531,353.3203
PB,Terrorist,-1144.485,479.8519,-55.96875,Knife,100,100,237.8888,76.86961,0,False,False,False,7.382813,354.0234
PB,Terrorist,-1129.452,484.1027,-52.69121,Knife,100,100,242.3997,61.17491,0,False,False,False,3.867188,355.0781
PB,Terrorist,-1114.622,488.952,-45.27617,Knife,100,100,231.7879,93.67152,0,False,False,False,358.5938,356.4844
PB,Terrorist,-1100.507,495.6408,-39.96875,Knife,100,100,222.1134,114.7417,0,False,False,False,351.9141,357.8906
PB,Terrorist,-1086.464,502.2003,-39.96875,Knife,100,100,230.9561,84.20161,0,False,False,False,342.7734,359.2969
PB,Terrorist,-1071.626,505.6501,-39.96875,Knife,100,100,241.4724,33.62185,0,False,False,False,336.0938,0
PB,Terrorist,-1056.296,506.2693,-39.96875,Knife,100,100,247.9327,-6.756717,0,False,False,False,335.7422,0
PB,Terrorist,-1040.694,505.9019,-39.96875,Knife,100,100,249.917,6.441164,0,False,False,False,335.7422,0
PB,Terrorist,-1025.131,507.2226,-39.96875,Knife,100,100,248.0342,31.2893,0,False,False,False,335.7422,0
PB,Terrorist,-1009.727,509.8224,-39.96875,Knife,100,100,245.2106,48.70078,0,False,False,False,335.7422,0
PB,Terrorist,-994.2626,511.6807,-39.96875,Knife,100,100,249.7785,10.52195,0,False,False,False,335.7422,0
PB,Terrorist,-978.6603,511.0833,-39.96875,Knife,100,100,248.8908,-23.52356,0,False,False,False,335.7422,0
PB,Terrorist,-963.2206,508.7224,-39.96875,Knife,100,100,245.4258,-47.6046,0,False,False,False,335.7422,0
PB,Terrorist,-947.6844,507.2177,-39.96875,Knife,100,100,249.8875,-7.498941,0,False,False,False,336.0938,359.6484
PB,Terrorist,-932.0797,507.8266,-31.96875,Knife,100,100,249.0543,21.72437,0,False,False,False,336.0938,359.6484
PB,Terrorist,-914.5211,507.671,-31.96875,Knife,100,100,249.2524,-19.31925,0,False,False,False,335.3906,359.6484
PB,Terrorist,-900.9771,505.8424,-31.96875,Knife,100,100,246.2315,-43.24414,0,False,False,False,333.9844,359.6484
PB,Terrorist,-885.7577,502.3293,-31.96875,Knife,100,100,241.1658,-65.87144,0,False,False,False,330.4688,359.6484
PB,Terrorist,-870.3946,499.5517,-31.96875,Knife,100,100,248.1814,-30.10011,0,False,False,False,326.9531,359.6484
PB,Terrorist,-854.8152,498.4262,-31.96875,Knife,100,100,249.2045,-16.72318,0,False,False,False,323.4375,359.6484
PB,Terrorist,-839.4317,495.8388,-31.96875,Knife,100,100,242.9761,-58.84395,0,False,False,False,321.6797,359.6484
PB,Terrorist,-824.5753,491.0313,-31.96875,Knife,100,100,233.4786,-89.37427,0,False,False,False,321.3281,359.6484
PB,Terrorist,-810.3106,484.6675,-31.96875,Knife,100,100,224.3387,-110.3274,0,False,False,False,321.3281,359.6484
PB,Terrorist,-796.5674,477.2389,-31.96875,Knife,100,100,216.6457,-124.7583,0,False,False,False,320.9766,359.2969
PB,Terrorist,-784.663,467.8905,-31.96875,Knife,100,100,169.3126,-167.6923,0,False,False,False,319.5703,359.2969
PB,Terrorist,-775.5494,456.2159,-31.96875,Knife,100,100,128.5961,-200.2431,0,False,False,False,316.4063,359.2969
PB,Terrorist,-768.7535,442.8166,-31.96875,Knife,100,100,94.01373,-224.3126,0,False,False,False,313.2422,359.2969
PB,Terrorist,-763.9551,428.152,-31.62716,Knife,100,100,63.89052,-241.6982,0,False,False,False,309.7266,359.2969
PB,Terrorist,-760.9666,412.8239,-25.46762,Knife,100,100,35.90814,-247.4078,0,False,False,False,306.2109,359.6484
PB,Terrorist,-759.5197,397.2701,-24.54841,Knife,100,100,20.23932,-249.1794,0,False,False,False,303.75,0
PB,Terrorist,-756.9441,381.8714,-18.11189,Knife,100,100,55.39476,-243.7856,0,False,False,False,301.9922,0.3515625
PB,Terrorist,-752.6326,366.8586,-17.68098,Knife,100,100,78.0318,-237.5101,0,False,False,False,300.2344,0.703125
PB,Terrorist,-747.5868,352.0928,-12.80347,Knife,100,100,69.43691,-239.2045,0,False,False,False,299.1797,1.054688
PB,Terrorist,-744.718,336.7731,-11.92081,Knife,100,100,29.10106,-248.3005,0,False,False,False,298.125,1.40625
PB,Terrorist,-743.942,321.174,-6.553773,Knife,100,100,7.346564,-249.892,0,False,False,False,298.125,1.40625
PB,Terrorist,-742.2359,305.6538,-3.96875,Knife,100,100,41.0948,-246.5993,0,False,False,False,298.125,1.40625
PB,Terrorist,-738.7988,290.4173,-3.728691,Knife,100,100,64.55156,-241.5225,0,False,False,False,298.125,1.40625
PB,Terrorist,-734.163,275.4988,-2.949068,Knife,100,100,80.78149,-236.589,0,False,False,False,298.125,1.40625
PB,Terrorist,-730.2882,260.4204,-2.065986,Knife,100,100,43.07669,-246.1008,0,False,False,False,298.125,1.40625
PB,Terrorist,-728.8517,244.8733,-1.240747,Knife,100,100,8.904184,-249.8414,0,False,False,False,298.125,1.40625
PB,Terrorist,-729.2023,229.2581,-0.6707473,Knife,100,100,-15.66575,-249.5087,0,False,False,False,298.125,1.40625
PB,Terrorist,-729.5591,213.6541,-0.420703,Knife,100,100,11.68138,-249.7269,0,False,False,False,298.125,1.40625
PB,Terrorist,-727.6376,198.1582,-0.3680954,Knife,100,100,43.9428,-246.1078,0,False,False,False,298.125,1.40625
PB,Terrorist,-724.0554,182.9548,-0.2372438,Knife,100,100,66.51794,-240.9883,0,False,False,False,298.125,1.40625
PB,Terrorist,-721.0096,165.6668,-0.1495209,Knife,100,100,24.3264,-248.8136,0,False,False,False,298.125,1.40625
PB,Terrorist,-720.5215,152.0094,-0.1304703,Knife,100,100,-1.557293,-249.9951,0,False,False,False,298.125,1.40625
PB,Terrorist,-720.1422,136.4016,-0.1124992,Knife,100,100,21.86143,-249.0423,0,False,False,False,298.125,1.40625
PB,Terrorist,-717.6946,120.9782,-0.2755793,Knife,100,100,51.11225,-244.7193,0,False,False,False,298.125,1.40625
PB,Terrorist,-713.7451,105.8651,-0.433407,Knife,100,100,71.5196,-239.5516,0,False,False,False,298.125,1.40625
PB,Terrorist,-708.7395,91.06603,-0.2425456,Knife,100,100,86.05389,-234.7227,0,False,False,False,298.4766,1.054688
PB,Terrorist,-702.9805,76.54239,0.3333582,Knife,100,100,96.34857,-230.688,0,False,False,False,298.8281,1.054688
PB,Terrorist,-696.7449,62.21938,-0.00590384,Knife,100,100,102.6813,-227.9398,0,False,False,False,298.8281,1.054688
PB,Terrorist,-690.1479,48.05561,-0.2234216,Knife,100,100,107.5236,-225.696,0,False,False,False,298.8281,1.054688
PB,Terrorist,-683.3022,34.01023,-0.1368201,Knife,100,100,110.9237,-224.0445,0,False,False,False,298.8281,1.054688
PB,Terrorist,-676.2797,20.05232,-0.04048094,Knife,100,100,113.3609,-222.8212,0,False,False,False,298.8281,1.054688
PB,Terrorist,-669.0165,6.234742,-0.5001019,Knife,100,100,125.2848,-214.5474,0,False,False,False,298.8281,1.054688
PB,Terrorist,-659.6815,-5.860862,-1.505063,Knife,100,100,166.3736,-178.3604,0,False,False,False,300.5859,1.054688
PB,Terrorist,-648.1415,-15.90802,-2.17852,Knife,100,100,197.6525,-147.4967,0,False,False,False,304.8047,1.054688
PB,Terrorist,-634.9163,-24.07326,-2.403008,Knife,100,100,220.9427,-116.9801,0,False,False,False,311.4844,1.054688
PB,Terrorist,-620.6745,-30.48977,-2.396278,Knife,100,100,227.9325,-102.6975,0,False,False,False,323.7891,1.054688
PB,Terrorist,-606.5328,-37.13429,-2.408563,Knife,100,100,226.59,-105.6265,0,False,False,False,340.6641,1.054688
PB,Terrorist,-592.1437,-43.21364,-2.353548,Knife,100,100,233.9482,-88.13771,0,False,False,False,356.1328,0.3515625
PB,Terrorist,-577.202,-47.75241,-2.10711,Knife,100,100,242.668,-60.10172,0,False,False,False,4.570313,358.9453
PB,Terrorist,-561.8507,-50.6328,-1.663676,Knife,100,100,247.3495,-36.30721,0,False,False,False,4.921875,358.9453
PB,Terrorist,-546.3528,-52.57224,-1.112661,Knife,100,100,246.5571,-39.73908,0,False,False,False,4.921875,358.9453
PB,Terrorist,-531.2395,-56.47202,-0.7896468,Knife,100,100,237.5241,-77.98919,0,False,False,False,4.921875,358.9453
PB,Terrorist,-516.7599,-62.32327,-0.7058626,Knife,100,100,227.1983,-104.3117,0,False,False,False,4.921875,358.9453
PB,Terrorist,-502.8888,-69.50723,-0.3483242,Knife,100,100,218.1006,-122.197,0,False,False,False,4.921875,358.9453
PB,Terrorist,-489.1021,-76.77333,0.1388943,Knife,100,100,228.274,-100.2137,0,False,False,False,5.625,358.9453
PB,Terrorist,-474.3103,-81.7484,0.6451859,Knife,100,100,241.4787,-64.71503,0,False,False,False,6.328125,358.5938
PB,Terrorist,-458.9936,-84.79816,1.023996,Knife,100,100,247.1582,-37.58754,0,False,False,False,6.679688,357.8906
PB,Terrorist,-443.4569,-86.42007,1.496537,Knife,100,100,249.3564,-17.92655,0,False,False,False,6.328125,357.1875
PB,Terrorist,-427.9636,-88.16228,2.069689,Knife,100,100,245.3389,-46.34546,0,False,False,False,5.625,356.4844
PB,Terrorist,-412.9365,-92.39103,2.781346,Knife,100,100,235.9938,-82.50417,0,False,False,False,4.570313,355.7813
PB,Terrorist,-398.3268,-97.92026,3.388239,Knife,100,100,237.1437,-79.13829,0,False,False,False,4.21875,355.7813
PB,Terrorist,-383.2094,-101.8377,4.124357,Knife,100,100,244.7168,-51.12436,0,False,False,False,4.21875,355.7813
PB,Terrorist,-367.7811,-104.2821,4.968748,Knife,100,100,248.1059,-30.71613,0,False,False,False,4.21875,355.7813
PB,Terrorist,-352.219,-105.6579,5.885793,Knife,100,100,249.4901,-15.95937,0,False,False,False,4.21875,355.7813
PB,Terrorist,-336.607,-106.2694,6.851851,Knife,100,100,249.9384,-5.550729,0,False,False,False,4.21875,355.7813
PB,Terrorist,-320.9827,-106.3569,7.850122,Knife,100,100,249.9959,1.427368,0,False,False,False,4.21875,356.1328
PB,Terrorist,-305.36,-106.098,9.156145,Knife,100,100,249.9289,5.960214,0,False,False,False,3.867188,356.4844
PB,Terrorist,-289.7425,-105.6163,10.75281,Knife,100,100,249.8429,8.86189,0,False,False,False,3.867188,356.8359
PB,Terrorist,-274.1301,-104.991,12.37099,Knife,100,100,249.7664,10.80604,0,False,False,False,3.867188,356.8359
PB,Terrorist,-258.5221,-104.2633,14.00441,Knife,100,100,249.7007,12.22937,0,False,False,False,3.867188,356.8359
PB,Terrorist,-242.9177,-103.4606,15.64898,Knife,100,100,249.6473,13.27421,0,False,False,False,3.867188,356.8359
PB,Terrorist,-227.3163,-102.6028,17.3017,Knife,100,100,249.6053,14.04235,0,False,False,False,3.867188,356.8359
PB,Terrorist,-211.7172,-101.7044,18.96041,Knife,100,100,249.5729,14.60753,0,False,False,False,3.867188,356.8359
PB,Terrorist,-196.1197,-100.7761,20.17166,Knife,100,100,249.5482,15.02356,0,False,False,False,3.867188,356.8359
PB,Terrorist,-180.5236,-99.8266,21.24565,Knife,100,100,249.5321,15.2886,0,False,False,False,3.515625,356.8359
PB,Terrorist,-164.9279,-98.87011,22.32069,Knife,100,100,249.5322,15.28733,0,False,False,False,3.515625,357.1875
PB,Terrorist,-149.3862,-98.27824,23.33673,Knife,100,100,246.1032,-7.481009,0,False,False,False,3.164063,357.5391
PB,Terrorist,-134.2783,-100.5498,23.88885,Knife,100,100,238.6533,-56.60883,0,False,False,False,3.164063,357.5391
PB,Terrorist,-119.2843,-104.5288,24.17299,Knife,100,100,243.7382,-55.60292,0,False,False,False,3.164063,357.5391
PB,Terrorist,-103.9015,-107.2449,24.71945,Knife,100,100,247.5375,-35.0027,0,False,False,False,3.164063,357.5391
PB,Terrorist,-88.36552,-108.8901,26.17894,Knife,100,100,249.1736,-20.31044,0,False,False,False,3.164063,357.5391
PB,Terrorist,-77.12646,-109.754,27.24908,Knife,100,100,19.74562,-7.292093,0,False,False,False,3.164063,357.5391
PB,Terrorist,-73.59742,-109.908,27.59025,Knife,100,100,84.79906,0.1674151,0,False,False,False,3.164063,357.5391
PB,Terrorist,-66.30096,-109.736,28.31715,Knife,100,100,139.1684,4.568026,0,False,False,False,3.164063,357.5391
PB,Terrorist,-56.13238,-109.3315,29.33741,Knife,100,100,179.2145,7.809324,0,False,False,False,3.164063,357.5391
PB,Terrorist,-43.84834,-108.7557,30.57374,Knife,100,100,208.7107,10.19672,0,False,False,False,3.164063,357.5391
PB,Terrorist,-30.00613,-108.0538,31.96923,Knife,100,100,230.4363,11.95518,0,False,False,False,3.164063,357.5391
PB,Terrorist,-15.01624,-107.2591,33.48195,Knife,100,100,246.4384,13.25037,0,False,False,False,3.164063,357.5391
PB,Terrorist,0.5737579,-106.4101,35.0562,Knife,100,100,249.624,13.70604,0,False,False,False,3.164063,357.5391
PB,Terrorist,16.17486,-105.5462,36.62159,Knife,100,100,249.613,13.90505,0,False,False,False,3.164063,357.5391
PB,Terrorist,31.77537,-104.6717,37.36042,Knife,100,100,249.6048,14.05162,0,False,False,False,3.164063,357.5391
PB,Terrorist,47.37544,-103.7895,38.09958,Knife,100,100,249.5987,14.15957,0,False,False,False,3.164063,357.5391
PB,Terrorist,62.9752,-102.9016,38.83896,Knife,100,100,249.5942,14.23908,0,False,False,False,3.164063,357.5391
PB,Terrorist,78.57471,-102.0095,39.57853,Knife,100,100,249.5908,14.29764,0,False,False,False,3.164063,357.5391
PB,Terrorist,94.15173,-101.4053,40.30452,Knife,100,100,247.4664,-5.516077,0,False,False,False,3.164063,357.5391
PB,Terrorist,109.3316,-103.5731,40.89177,Knife,100,100,239.6574,-55.16155,0,False,False,False,3.164063,357.5391
PB,Terrorist,124.1515,-108.1769,41.3566,Knife,100,100,238.213,-75.85881,0,False,False,False,3.164063,357.5391
PB,Terrorist,139.302,-111.9592,41.8721,Knife,100,100,244.6171,-50.07179,0,False,False,False,3.164063,357.5391
PB,Terrorist,142.7782,-114.2812,41.91356,Knife,100,100,65.75591,-28.39383,0,False,False,False,3.164063,357.5391
PB,Terrorist,149.0623,-115.6151,42.15102,Knife,100,100,125.0531,-16.43053,0,False,False,False,3.164063,357.5391
PB,Terrorist,158.4852,-116.3199,42.54351,Knife,100,100,168.8177,-7.657295,0,False,False,False,3.164063,357.5391
PB,Terrorist,167.8336,-114.7757,43.06984,Knife,100,100,7.273654,48.46762,0,False,False,False,3.164063,357.5391
PB,Terrorist,170.0684,-110.2197,43.42905,Knife,100,100,56.01568,91.29043,0,False,False,False,3.164063,357.5391
PB,Terrorist,174.9039,-103.29,44.04566,Knife,100,100,92.35732,124.6249,0,False,False,False,3.164063,357.5391
PB,Terrorist,181.6592,-94.59933,44.85278,Knife,100,100,119.125,149.1777,0,False,False,False,3.164063,357.5391
PB,Terrorist,189.8285,-84.61164,45.8002,Knife,100,100,138.8409,167.2622,0,False,False,False,3.164063,357.5391
PB,Terrorist,199.9798,-75.61263,46.79036,Knife,100,100,178.9732,127.6428,0,False,False,False,3.164063,357.5391
PB,Terrorist,212.2511,-68.70656,47.76945,Knife,100,100,208.533,98.46078,0,False,False,False,3.164063,357.5391
PB,Terrorist,226.0839,-63.34206,48.77549,Knife,100,100,230.3054,76.96661,0,False,False,False,3.164063,357.5391
PB,Terrorist,241.0094,-59.12794,50.00024,Knife,100,100,242.6469,60.18692,0,False,False,False,3.164063,357.5391
PB,Terrorist,256.2878,-55.86411,51.68161,Knife,100,100,245.601,46.69237,0,False,False,False,3.164063,357.5391
PB,Terrorist,271.6996,-53.2975,53.29927,Knife,100,100,247.2122,37.23072,0,False,False,False,3.164063,357.5391
PB,Terrorist,287.1837,-51.20697,54.87182,Knife,100,100,248.0887,30.85454,0,False,False,False,3.164063,357.5391
PB,Terrorist,302.7089,-49.44497,56.41245,Knife,100,100,248.6157,26.27225,0,False,False,False,3.164063,357.5391
PB,Terrorist,317.7879,-47.88367,57.8926,Knife,100,100,183.1599,18.96455,0,False,False,False,2.109375,358.2422
PB,Terrorist,326.1976,-47.0158,58.71778,Knife,100,100,129.3458,13.02539,0,False,False,False,1.757813,358.2422
PB,Terrorist,334.2902,-46.29206,59.73256,Knife,100,100,129.5696,10.57004,0,False,False,False,1.757813,358.2422
PB,Terrorist,342.3933,-45.69718,60.79588,Knife,100,100,129.7028,8.785229,0,False,False,False,1.757813,358.2422
PB,Terrorist,350.5028,-45.19567,61.84556,Knife,100,100,129.7839,7.492257,0,False,False,False,1.757813,358.2422
PB,Terrorist,358.6162,-44.7621,62.55411,Knife,100,100,129.835,6.548303,0,False,False,False,1.757813,358.2422
PB,Terrorist,366.7322,-44.37983,63.17979,Knife,100,100,129.8714,5.781673,0,False,False,False,1.40625,358.5938
PB,Terrorist,374.8504,-44.04635,63.7981,Knife,100,100,129.9044,4.985705,0,False,False,False,1.054688,358.5938
PB,Terrorist,382.9703,-43.76199,64.40474,Knife,100,100,129.9315,4.221171,0,False,False,False,0.703125,358.5938
PB,Terrorist,391.0505,-43.33979,65.02207,Knife,100,100,127.3452,15.12135,0,False,False,False,0.703125,358.9453
PB,Terrorist,398.8163,-41.52263,65.83598,Knife,100,100,123.4276,35.71597,0,False,False,False,0.703125,358.9453
PB,Terrorist,406.7103,-39.64153,66.66863,Knife,100,100,127.3809,25.96371,0,False,False,False,0.703125,358.9453
PB,Terrorist,414.7205,-38.28663,67.42697,Knife,100,100,128.6471,18.70592,0,False,False,False,0.703125,358.9453
PB,Terrorist,422.7856,-37.30664,68.13047,Knife,100,100,129.2853,13.61324,0,False,False,False,0.703125,358.9453
PB,Terrorist,430.8781,-36.5829,68.79578,Knife,100,100,129.6002,10.18735,0,False,False,False,0.703125,358.9453
PB,Terrorist,438.9845,-36.03435,69.43465,Knife,100,100,129.7658,7.799434,0,False,False,False,0.703125,358.9453
PB,Terrorist,447.0984,-35.61053,70.05453,Knife,100,100,129.8596,6.041082,0,False,False,False,0.3515625,358.9453
PB,Terrorist,455.217,-35.29111,70.65843,Knife,100,100,129.926,4.386082,0,False,False,False,359.6484,359.2969
PB,Terrorist,463.339,-35.07335,71.24667,Knife,100,100,129.9697,2.806348,0,False,False,False,359.2969,359.6484
PB,Terrorist,471.463,-34.94364,71.92897,Knife,100,100,129.9906,1.564088,0,False,False,False,359.2969,359.6484
PB,Terrorist,479.5877,-34.87923,72.61082,Knife,100,100,129.9983,0.6568569,0,False,False,False,359.2969,359.6484
PB,Terrorist,487.7127,-34.86261,73.28522,Knife,100,100,130,-0.008287856,0,False,False,False,359.2969,359.6484
PB,Terrorist,495.8377,-34.88109,73.95414,Knife,100,100,129.9991,-0.4969719,0,False,False,False,359.2969,359.6484
PB,Terrorist,502.5027,-34.91288,74.50026,AWP,100,100,103.9981,-0.6212913,0,False,False,False,359.2969,359.6484
PB,Terrorist,509.0025,-34.96009,75.0303,AWP,100,100,103.9965,-0.8497813,0,False,False,False,359.2969,359.6484
PB,Terrorist,515.5021,-35.01938,75.55844,AWP,100,100,103.995,-1.017996,0,False,False,False,359.2969,359.6484
PB,Terrorist,522.0016,-35.08755,76.08519,AWP,100,100,103.9937,-1.141862,0,False,False,False,359.2969,359.6484
PB,Terrorist,528.5011,-35.16193,76.61096,AWP,100,100,103.9929,-1.219188,0,False,False,False,359.2969,359.6484
PB,Terrorist,535.0006,-35.23996,77.13616,AWP,100,100,103.9923,-1.268992,0,False,False,False,359.2969,359.6484
PB,Terrorist,541.5001,-35.31808,77.50616,AWP,100,100,103.9936,-1.156355,0,False,False,False,0,359.6484
PB,Terrorist,547.9124,-36.2793,77.74967,AWP,100,100,100.7894,-25.64159,0,False,False,False,4.921875,359.6484
PB,Terrorist,553.7427,-38.81876,77.77352,AWP,100,100,86.25954,-54.01687,0,False,False,False,17.22656,359.6484
PB,Terrorist,558.7827,-42.88422,77.57227,AWP,100,100,76.81524,-70.11005,0,False,False,False,36.21094,359.6484
PB,Terrorist,563.6025,-47.44317,77.3002,Glock,100,100,80.35728,-76.21611,0,False,False,False,48.16407,359.6484
PB,Terrorist,568.9623,-52.42311,77.0083,Glock,100,100,89.5823,-82.07194,0,False,False,False,49.57031,359.6484
PB,Terrorist,574.728,-57.63779,76.71119,Glock,100,100,92.89348,-83.34171,0,False,False,False,49.57031,359.6484
PB,Terrorist,580.5551,-62.82289,76.60007,Glock,100,100,93.46999,-82.69462,0,False,False,False,49.57031,359.6484
PB,Terrorist,585.4335,-67.11841,76.39729,AWP,100,100,78.20355,-68.55804,0,False,False,False,49.57031,359.6484
PB,Terrorist,590.331,-71.39211,76.18163,AWP,100,100,78.46947,-68.25351,0,False,False,False,49.57031,359.6484
PB,Terrorist,595.401,-75.447,76.01488,AWP,100,100,86.96789,-57.03145,0,False,False,False,49.57031,359.6484
PB,Terrorist,601.2554,-78.24072,76.11115,AWP,100,100,97.59469,-35.93434,0,False,False,False,49.57031,359.6484
PB,Terrorist,607.5291,-79.91803,76.41569,AWP,100,100,101.9466,-20.56416,0,False,False,False,49.92188,359.6484
PB,Terrorist,613.9662,-80.79788,76.8568,AWP,100,100,103.5688,-9.461083,0,False,False,False,52.03125,359.6484
PB,Terrorist,620.4591,-81.05427,77.39825,AWP,100,100,104,-0.0656535,0,False,False,False,55.89844,359.2969
PB,Terrorist,626.9498,-80.74637,78.02582,AWP,100,100,103.6313,8.749544,0,False,False,False,60.46875,358.9453
PB,Terrorist,633.3935,-79.90556,78.73068,AWP,100,100,102.6015,16.99798,0,False,False,False,64.33594,358.5938
PB,Terrorist,639.7595,-78.59818,79.49996,AWP,100,100,101.2684,23.67948,0,False,False,False,66.44531,358.2422
PB,Terrorist,646.0441,-76.94106,80.31546,AWP,100,100,100.0347,28.44407,0,False,False,False,67.14844,357.8906
PB,Terrorist,652.2618,-75.04678,81.16123,AWP,100,100,99.09286,31.56906,0,False,False,False,67.14844,357.8906
PB,Terrorist,658.4294,-72.99535,82.02657,AWP,100,100,98.39365,33.68517,0,False,False,False,67.14844,357.8906
PB,Terrorist,664.5883,-70.92311,82.89431,AWP,100,100,100.2422,27.70382,0,False,False,False,67.14844,357.8906
PB,Terrorist,671.9639,-70.3364,83.64365,AWP,100,100,130.4831,-3.458117,0,False,False,False,67.14844,357.8906
PB,Terrorist,679.9964,-70.99615,84.2611,AWP,100,100,123.7694,-14.09503,0,True,False,False,67.5,358.2422
PB,Terrorist,687.2911,-72.0719,84.74895,AWP,100,100,103.1876,-17.08053,0,True,False,False,67.85156,358.5938
PB,Terrorist,692.0948,-72.89311,84.69533,AWP,100,100,66.77418,-12.85335,0,False,False,False,67.85156,358.5938
PB,Terrorist,696.23,-73.87096,84.54569,AWP,100,100,65.72153,-17.45509,0,False,False,False,67.85156,358.5938
PB,Terrorist,700.4284,-74.58781,84.436,AWP,100,100,69.06644,-4.871947,0,False,False,False,68.55469,358.5938
PB,Terrorist,704.9055,-74.44373,84.44907,AWP,100,100,73.54292,7.508602,0,False,False,False,71.36719,358.5938
PB,Terrorist,709.634,-73.59616,84.58775,AWP,100,100,77.03232,18.0766,0,False,False,False,75.23438,358.5938
PB,Terrorist,714.5209,-72.13951,84.81065,AWP,100,100,78.93671,27.08747,0,False,False,False,77.34375,358.5938
PB,Terrorist,719.5011,-70.19501,85.10821,AWP,100,100,80.20704,33.93757,0,False,False,False,77.34375,358.5938
PB,Terrorist,724.0029,-67.97466,85.32438,AWP,100,100,56.99229,36.49502,0,True,False,False,74.53125,358.9453
PB,Terrorist,727.2567,-65.1747,85.64983,AWP,100,100,49.1992,50.48444,0,True,False,False,67.85156,359.2969
PB,Terrorist,730.0558,-61.6372,86.0631,AWP,100,100,37.32749,61.18784,0,True,False,False,62.57813,359.2969
PB,Terrorist,731.5886,-56.96774,86.65137,AWP,100,100,13.56198,92.19604,0,False,False,False,60.82031,359.2969
PB,Terrorist,731.9116,-50.70948,87.49467,AWP,100,100,-0.6783069,103.9978,0,False,False,False,60.46875,359.2969
PB,Terrorist,731.5151,-44.22364,88.39182,AWP,100,100,-10.05325,103.513,0,False,False,False,59.76563,359.2969
PB,Terrorist,730.6906,-37.77674,89.2972,AWP,100,100,-15.16446,102.8885,0,False,False,False,59.41407,359.2969
PB,Terrorist,729.6355,-31.36313,90.20535,AWP,100,100,-17.99765,102.4309,0,False,False,False,58.71093,359.2969
PB,Terrorist,728.6254,-24.94651,91.1125,AWP,100,100,-8.361355,103.6633,0,False,False,False,58.35937,359.2969
PB,Terrorist,728.9442,-18.46641,91.98618,AWP,100,100,14.27198,103.0161,0,False,False,False,58.35937,359.2969
PB,Terrorist,730.1317,-12.07772,92.81988,AWP,100,100,15.1101,102.8965,0,False,False,False,58.35937,359.2969
PB,Terrorist,730.5645,-5.59656,93.6901,AWP,100,100,1.404297,103.9905,0,False,False,False,58.00781,359.2969
PB,Terrorist,730.4161,0.9004793,94.5809,AWP,100,100,0.713427,103.9976,0,False,False,False,58.00781,359.2969
PB,Terrorist,731.2013,7.34348,94.66949,AWP,100,100,20.56165,101.9471,0,False,False,False,58.00781,359.2969
PB,Terrorist,732.9646,13.5955,94.42216,AWP,100,100,33.31382,98.51999,0,False,False,False,58.00781,359.2969
PB,Terrorist,735.3462,19.64169,94.0126,AWP,100,100,41.19891,95.49162,0,False,False,False,58.00781,359.2969
PB,Terrorist,738.0888,25.53416,93.50636,AWP,100,100,45.63577,93.45253,0,False,False,False,58.00781,359.2969
PB,Terrorist,741.0457,31.32239,92.96055,AWP,100,100,48.44351,92.0284,0,False,False,False,58.00781,359.2969
PB,Terrorist,744.1437,37.03645,92.38869,AWP,100,100,50.34352,91.00291,0,False,False,False,58.00781,359.2969
PB,Terrorist,746.7872,42.95734,91.90075,AWP,100,100,32.00095,98.95423,0,False,False,False,58.00781,359.2969
PB,Terrorist,748.0829,49.3178,91.64787,AWP,100,100,12.96571,103.1886,0,False,False,False,58.00781,359.2969
PB,Terrorist,748.6068,55.79476,91.4837,AWP,100,100,12.25366,103.2756,0,False,False,False,58.00781,359.2969
PB,Terrorist,749.9653,62.14495,91.16677,AWP,100,100,28.08596,100.1358,0,False,False,False,58.00781,359.2969
PB,Terrorist,752.0967,68.28281,90.70942,AWP,100,100,38.10434,96.76807,0,False,False,False,58.00781,359.2969
PB,Terrorist,754.6998,74.23779,90.16689,AWP,100,100,43.89803,94.2813,0,False,False,False,58.00781,359.2969
PB,Terrorist,757.5672,80.07082,89.57684,AWP,100,100,47.12807,92.70893,0,False,False,False,58.71093,359.6484
PB,Terrorist,760.5659,85.83771,89.00777,AWP,100,100,48.30729,92.09998,0,False,False,False,62.22656,0.3515625
PB,Terrorist,763.5499,91.61224,88.45668,AWP,100,100,46.81704,92.86638,0,False,False,False,68.55469,1.054688
PB,Terrorist,766.4808,97.41122,87.91965,AWP,100,100,52.06012,90.03191,0,False,False,False,76.99219,1.40625
PB,Terrorist,770.1964,102.7397,87.1706,AWP,100,100,63.346,82.48202,0,False,False,False,87.89063,1.40625
PB,Terrorist,774.2271,107.839,86.33503,AWP,100,100,64.53272,81.55689,0,False,False,False,98.78906,1.40625
PB,Terrorist,778.1979,112.9849,85.48276,AWP,100,100,62.59111,83.05632,0,False,False,False,102.3047,1.40625
PB,Terrorist,782.045,118.224,84.66115,AWP,100,100,60.83391,84.35185,0,False,False,False,102.3047,1.40625
PB,Terrorist,785.8007,123.5292,84.39918,AWP,100,100,59.5716,85.24801,0,False,False,False,102.3047,1.40625
PB,Terrorist,789.4901,128.8806,84.39156,AWP,100,100,58.65221,85.88317,0,False,False,False,102.3047,1.40625
PB,Terrorist,793.131,134.2651,84.38836,AWP,100,100,57.97805,86.33971,0,False,False,False,102.3047,1.40625
PB,Terrorist,796.7364,139.6735,84.38803,AWP,100,100,57.48212,86.67067,0,False,False,False,102.3047,1.40625
PB,Terrorist,800.3156,145.0993,84.38803,AWP,100,100,57.11681,86.91186,0,False,False,False,102.3047,1.40625
PB,Terrorist,803.876,150.5375,84.38803,AWP,100,100,56.88169,87.06592,0,False,False,False,101.9531,1.40625
PB,Terrorist,807.4428,155.9714,84.38803,AWP,100,100,57.43303,86.7032,0,False,False,False,98.78906,1.40625
PB,Terrorist,810.2559,161.8179,84.4526,AWP,100,100,37.13649,97.14361,0,False,False,False,88.24219,2.460938
PB,Terrorist,812.2709,167.9967,84.5976,AWP,100,100,30.42201,99.451,0,False,False,False,75.58594,2.460938
PB,Terrorist,814.1262,174.2249,84.74116,AWP,100,100,24.86736,100.9832,0,False,False,False,65.03906,2.460938
PB,Terrorist,814.947,180.664,84.95815,AWP,100,100,5.526135,103.8531,0,False,False,False,60.46875,2.109375
PB,Terrorist,814.869,187.1607,85.23372,AWP,100,100,-5.630641,103.8475,0,False,False,False,58.71093,1.757813
PB,Terrorist,814.2864,193.6338,85.53984,AWP,100,100,-11.60306,103.3507,0,False,False,False,58.00781,1.40625
PB,Terrorist,813.4376,200.0779,85.8614,AWP,100,100,-14.84372,102.9352,0,False,False,False,57.30469,1.054688
PB,Terrorist,812.4443,206.5014,86.19112,AWP,100,100,-16.52788,102.6783,0,False,False,False,56.25,0.703125
PB,Terrorist,811.3777,212.9133,86.3202,AWP,100,100,-17.43164,102.5287,0,False,False,False,55.89844,0.703125
PB,Terrorist,810.2011,220.1287,86.38841,AWP,100,100,-10.9121,103.4259,0,False,False,False,58.00781,1.054688
PB,Terrorist,810.8036,225.2936,86.35608,AWP,100,100,25.94075,88.69191,0,False,False,False,62.57813,1.757813
PB,Terrorist,813.5437,230.5015,86.18483,AWP,100,100,56.00521,80.53948,0,False,False,False,71.71875,3.164063
PB,Terrorist,817.6523,235.4438,85.92804,AWP,100,100,69.52721,77.34318,0,False,False,False,86.48438,4.21875
PB,Terrorist,822.0818,240.1978,85.64503,AWP,100,100,74.91434,72.13765,0,False,False,False,110.3906,4.21875
PB,Terrorist,826.9987,244.4477,85.23441,AWP,100,100,79.78188,66.71471,0,False,False,False,129.0234,4.21875
PB,Terrorist,831.9504,248.6584,85.77601,AWP,100,100,78.63507,68.06266,0,False,False,False,134.2969,3.515625
PB,Terrorist,836.824,252.9591,86.30907,AWP,100,100,77.52129,69.32855,0,False,False,False,134.2969,3.515625
PB,Terrorist,841.6393,257.3253,86.83574,AWP,100,100,76.70753,70.22787,0,False,False,False,134.2969,3.515625
PB,Terrorist,846.4116,261.7384,87.3577,AWP,100,100,76.10914,70.87594,0,False,False,False,134.2969,3.515625
PB,Terrorist,851.1522,266.1855,87.87621,AWP,100,100,75.66794,71.34679,0,False,False,False,134.2969,3.515625
PB,Terrorist,855.8695,270.6572,88.39217,AWP,100,100,75.34231,71.69056,0,False,False,False,134.2969,3.515625
PB,Terrorist,860.5695,275.1471,88.90623,AWP,100,100,75.10193,71.94234,0,False,False,False,134.2969,3.515625
PB,Terrorist,865.256,279.6512,89.39551,AWP,100,100,74.89201,72.16084,0,False,False,False,134.6484,3.164063
PB,Terrorist,869.9211,284.1775,89.88,AWP,100,100,74.32851,72.74112,0,False,False,False,136.7578,3.164063
PB,Terrorist,874.5184,288.7724,90.35886,AWP,100,100,72.80238,74.26852,0,False,False,False,140.2734,2.8125
PB,Terrorist,878.9821,293.4969,90.82655,AWP,100,100,70.20016,76.7329,0,False,False,False,143.7891,2.8125
PB,Terrorist,883.2559,298.3937,91.32915,AWP,100,100,66.91743,79.61192,0,False,False,False,146.6016,2.8125
PB,Terrorist,887.3169,303.4683,91.82619,AWP,100,100,63.47676,82.38143,0,False,False,False,148.7109,2.460938
PB,Terrorist,891.1696,308.703,92.25311,AWP,100,100,60.2674,84.75754,0,False,False,False,150.4688,2.109375
PB,Terrorist,894.8334,314.0716,92.65385,AWP,100,100,57.41212,86.71706,0,False,False,False,151.5234,2.109375
PB,Terrorist,898.3374,319.5461,93.03709,AWP,100,100,55.08541,88.21336,0,False,False,False,152.2266,1.757813
PB,Terrorist,901.7104,325.1023,93.40601,AWP,100,100,53.15758,89.38832,0,False,False,False,152.5781,1.757813
PB,Terrorist,904.9758,330.7224,93.76317,AWP,100,100,51.58931,90.30251,0,False,False,False,152.9297,1.757813
PB,Terrorist,908.1553,336.3917,94.10775,AWP,100,100,50.35395,90.99714,0,False,False,False,153.2813,1.757813
PB,Terrorist,911.2659,342.0989,94.40173,AWP,100,100,49.33686,91.55258,0,False,False,False,153.6328,1.757813
PB,Terrorist,914.3198,347.8369,94.68927,AWP,100,100,48.52949,91.98309,0,False,False,False,153.6328,1.757813
PB,Terrorist,917.3312,353.5973,94.97197,AWP,100,100,47.93679,92.29336,0,False,False,False,153.6328,1.757813
PB,Terrorist,920.3112,359.3739,95.25111,AWP,100,100,47.50069,92.51856,0,False,False,False,153.6328,1.757813
PB,Terrorist,923.2682,365.1623,95.52763,AWP,100,100,47.17949,92.68277,0,False,False,False,153.6328,1.757813
PB,Terrorist,926.1657,370.8798,95.79822,AWP,100,100,43.47322,85.98068,0,False,False,False,154.3359,1.40625
PB,Terrorist,927.9448,374.3341,95.96483,AWP,100,100,15.40366,28.36463,0,False,False,False,155.0391,1.40625
PB,Terrorist,927.999,374.3433,95.97067,AWP,100,100,-5.992368,-12.99766,0,False,False,False,155.3906,1.40625
PB,Terrorist,927.2838,372.7976,95.90498,AWP,100,100,-15.76076,-33.81993,0,False,False,False,154.3359,1.40625
PB,Terrorist,925.666,369.5464,95.75437,AWP,100,100,-29.74279,-55.62626,0,False,False,False,145.5469,2.460938
PB,Terrorist,923.5242,366.1108,95.54794,AWP,100,100,-47.09792,-67.04388,0,False,False,False,127.9687,2.460938
PB,Terrorist,919.7296,361.9233,95.16684,AWP,100,100,-71.41999,-64.16035,0,False,False,False,100.5469,2.460938
PB,Terrorist,914.8981,359.4961,94.65806,AWP,100,100,-78.58029,-18.00261,0,False,False,False,74.17969,2.460938
PB,Terrorist,910.248,359.9179,94.19181,AWP,100,100,-69.25456,24.79229,0,False,False,False,53.4375,2.460938
PB,Terrorist,905.744,362.3495,93.94533,AWP,100,100,-75.80215,48.39639,0,False,False,False,39.375,2.109375
PB,Terrorist,900.8666,366.0805,93.70128,AWP,100,100,-79.03659,67.59599,0,False,False,False,35.15625,1.757813
PB,Terrorist,896.1544,370.5551,93.48363,AWP,100,100,-72.91483,74.15813,0,False,False,False,35.50781,1.757813
PB,Terrorist,891.7394,375.3248,93.29173,AWP,100,100,-69.12831,77.69991,0,False,False,False,35.50781,1.757813
PB,Terrorist,888.215,379.2562,93.14112,AWP,100,100,-39.94263,41.93704,0,False,False,False,35.50781,1.757813
PB,Terrorist,887.225,380.0806,93.09222,AWP,100,100,3.047637,-5.026704,0,False,False,False,35.50781,1.757813
PB,Terrorist,887.8748,379.1547,93.10846,AWP,100,100,13.38515,-18.92999,0,False,False,False,35.50781,1.757813
PB,Terrorist,888.2515,378.6218,93.12524,AWP,100,100,0,0,0,False,False,False,35.50781,1.757813
PB,Terrorist,889.1528,379.2628,93.20313,AWP,100,100,31.30381,22.30488,0,False,False,False,35.50781,1.757813
PB,Terrorist,891.8472,381.6097,93.42978,AWP,100,100,41.53955,45.96913,0,True,False,False,35.85938,1.054688
PB,Terrorist,894.1259,384.8934,93.64852,AWP,100,100,33.16581,57.21452,0,True,False,False,34.80469,0.3515625
PB,Terrorist,896.0116,388.7925,93.85416,AWP,100,100,26.23338,65.82555,0,True,False,False,31.64063,359.6484
PB,Terrorist,896.8724,392.9545,93.99765,AWP,100,100,5.669003,68.20104,0,False,False,False,27.77344,358.9453
PB,Terrorist,896.7495,397.3666,94.08146,AWP,100,100,-7.048234,72.57488,0,False,False,False,23.90625,358.5938
PB,Terrorist,896.012,402.0794,94.08767,AWP,100,100,-14.90885,77.57889,0,False,False,False,20.39063,358.2422
PB,Terrorist,894.9091,407.0836,94.0149,AWP,100,100,-19.35383,81.8848,0,False,False,False,17.22656,357.8906
PB,Terrorist,893.624,412.3318,93.93013,AWP,100,100,-21.16654,85.50292,0,False,False,False,14.0625,357.8906
PB,Terrorist,892.295,417.7844,93.84245,AWP,100,100,-21.12153,88.50744,0,False,False,False,11.25,357.8906
PB,Terrorist,891.136,422.8349,93.76598,AWP,100,100,-14.67589,66.39742,0,False,False,False,8.789063,357.8906
PB,Terrorist,890.2745,426.9966,93.70915,AWP,100,100,-13.07993,66.73016,0,False,False,False,7.382813,357.5391
PB,Terrorist,889.5149,431.178,93.65903,AWP,100,100,-11.41456,67.03513,0,False,False,False,5.625,357.5391
PB,Terrorist,888.8671,435.3782,93.36615,AWP,100,100,-9.490288,67.3345,0,False,False,False,3.164063,357.5391
PB,Terrorist,888.3824,438.8905,93.07401,AWP,100,100,-6.515704,52.48763,0,False,False,False,1.054688,357.5391
PB,Terrorist,888.0548,442.4304,92.79018,AWP,100,100,-4.306412,59.85004,0,False,False,False,359.2969,357.1875
PB,Terrorist,887.855,446.4271,92.48093,AWP,100,100,-2.373429,67.12646,0,False,False,False,358.2422,357.1875
PB,Terrorist,887.7628,450.676,92.16013,AWP,100,100,-0.8185034,67.99507,0,False,False,False,357.1875,357.1875
PB,Terrorist,887.7604,454.9259,91.84515,AWP,100,100,0.5364407,67.99788,0,False,False,False,356.4844,357.1875
PB,Terrorist,887.8364,459.1883,91.53444,AWP,100,100,1.74739,68.81339,0,False,False,False,356.1328,356.8359
PB,Terrorist,887.9968,463.7416,91.20773,AWP,100,100,3.160719,75.99165,0,False,False,False,355.7813,356.8359
PB,Terrorist,888.2341,468.7127,90.85516,AWP,100,100,4.244745,82.02653,0,False,False,False,355.7813,356.8359
PB,Terrorist,888.5283,474.0026,90.48273,AWP,100,100,5.015235,86.47358,0,False,False,False,356.1328,356.8359
PB,Terrorist,888.8461,479.5285,90.03529,AWP,100,100,4.925344,89.78577,0,False,False,False,358.5938,357.1875
PB,Terrorist,889.0966,485.2306,89.27657,AWP,100,100,3.011407,92.24233,0,False,False,False,3.164063,357.1875
PB,Terrorist,889.1832,491.0599,88.80002,AWP,100,100,0.122567,93.98142,0,False,False,False,5.273438,357.5391
PB,Terrorist,889.1033,496.98,88.36024,AWP,100,100,-2.247297,95.24264,0,False,False,False,4.921875,357.8906
PB,Terrorist,888.9089,502.9676,87.91368,AWP,100,100,-3.593273,96.2035,0,False,False,False,3.515625,357.8906
PB,Terrorist,888.725,507.6228,87.56597,AWP,100,100,-2.520932,52.58647,0,False,False,False,358.9453,357.8906
PB,Terrorist,888.5663,509.0795,87.4556,AWP,100,100,-2.1019,0.7393752,0,False,False,False,352.6172,357.8906
PB,Terrorist,888.4907,508.6555,87.47535,AWP,100,100,-1.949911,-9.870516,0,False,False,False,348.3984,357.8906
PB,Terrorist,888.3063,507.7913,87.54696,AWP,100,100,-3.700255,-16.9102,0,False,False,False,347.3438,357.5391
PB,Terrorist,888.0181,506.486,87.63914,AWP,100,100,-5.309496,-23.97949,0,False,False,False,347.3438,357.5391
PB,Terrorist,887.6306,504.7385,87.76253,AWP,100,100,-6.89087,-31.05493,0,False,False,False,347.3438,357.5391
PB,Terrorist,887.1422,502.5493,87.91706,AWP,100,100,-8.550622,-38.11273,0,False,False,False,346.9922,357.1875
PB,Terrorist,886.5484,499.9194,88.10259,AWP,100,100,-10.2312,-45.16567,0,False,False,False,346.9922,357.1875
PB,Terrorist,885.8515,496.8482,88.3192,AWP,100,100,-11.8369,-52.23554,0,False,False,False,347.3438,357.1875
PB,Terrorist,885.0693,493.3319,88.56744,AWP,100,100,-12.91795,-59.41686,0,False,False,False,349.4531,357.1875
PB,Terrorist,884.2507,489.3611,88.84879,AWP,100,100,-13.13232,-66.74847,0,False,False,False,351.5625,357.1875
PB,Terrorist,883.4319,484.9307,89.22818,AWP,100,100,-13.08241,-74.10057,0,False,False,False,352.2656,357.1875
PB,Terrorist,882.6182,480.0648,89.64378,AWP,100,100,-12.94241,-80.49393,0,False,False,False,352.9688,357.1875
PB,Terrorist,881.8173,474.8604,89.97644,AWP,100,100,-12.69225,-85.22132,0,False,False,False,353.3203,357.1875
PB,Terrorist,881.0416,469.405,90.32938,AWP,100,100,-12.14658,-88.7446,0,False,False,False,354.375,357.1875
PB,Terrorist,880.3121,463.7617,90.69927,AWP,100,100,-11.23695,-91.38897,0,False,False,False,355.7813,357.1875
PB,Terrorist,879.0491,458.2575,91.01214,AWP,100,100,-27.07811,-85.28179,0,False,False,False,357.5391,357.1875
PB,Terrorist,876.9236,453.0912,91.22878,AWP,100,100,-38.72753,-80.96906,0,False,False,False,0.3515625,357.1875
PB,Terrorist,874.2191,448.1166,91.38597,AWP,100,100,-46.24766,-78.82536,0,False,False,False,3.867188,357.1875
PB,Terrorist,871.1753,443.205,91.512,AWP,100,100,-50.07931,-78.68509,0,False,False,False,9.492188,357.1875
PB,Terrorist,868.0143,438.2397,91.63285,AWP,100,100,-50.57656,-80.19469,0,False,False,False,15.46875,357.1875
PB,Terrorist,864.8889,433.158,91.7651,AWP,100,100,-49.50814,-82.13876,0,False,False,False,17.57813,357.1875
PB,Terrorist,861.8307,427.968,91.61187,AWP,100,100,-48.52031,-83.67716,0,False,False,False,17.57813,357.1875
PB,Terrorist,858.7848,422.7456,91.37391,AWP,100,100,-51.32776,-80.58083,0,False,False,False,17.57813,357.1875
PB,Terrorist,855.3507,418.4175,91.10562,AWP,100,100,-52.83163,-56.09354,0,False,False,False,17.57813,357.1875
PB,Terrorist,852.1055,415.6028,90.85209,AWP,100,100,-54.48373,-40.68811,0,False,False,False,17.57813,357.1875
PB,Terrorist,848.5314,413.3075,90.57286,AWP,100,100,-58.89803,-33.98561,0,False,False,False,17.57813,357.1875
PB,Terrorist,844.758,411.3539,90.27806,AWP,100,100,-61.30131,-29.4304,0,False,False,False,17.57813,357.1875
PB,Terrorist,840.8811,409.6134,89.97518,AWP,100,100,-62.46071,-26.88232,0,False,False,False,18.63281,357.1875
PB,Terrorist,836.9583,407.9782,89.66871,AWP,100,100,-62.93317,-25.75687,0,False,False,False,20.39063,356.8359
PB,Terrorist,833.0178,406.3861,89.36086,AWP,100,100,-63.11874,-25.29872,0,False,False,False,20.74219,356.4844
PB,Terrorist,829.2255,404.4911,89.49809,AWP,100,100,-57.11377,-36.90553,0,False,False,False,20.74219,356.4844
PB,Terrorist,825.9601,401.7813,89.7532,AWP,100,100,-48.649,-47.51079,0,False,False,False,20.74219,356.4844
PB,Terrorist,823.0696,398.6673,89.86639,AWP,100,100,-47.95409,-48.21208,0,False,False,False,20.74219,356.4844
PB,Terrorist,819.8168,395.9378,89.88774,AWP,100,100,-54.647,-40.46857,0,False,False,False,20.74219,356.4844
PB,Terrorist,816.2611,393.6126,89.97878,AWP,100,100,-58.31396,-34.97832,0,False,False,False,21.09375,357.1875
PB,Terrorist,812.5413,391.5581,90.09817,AWP,100,100,-60.26186,-31.50411,0,False,False,False,21.09375,357.1875
PB,Terrorist,808.7343,389.6695,90.2382,AWP,100,100,-61.33936,-29.35105,0,False,False,False,21.09375,357.1875
PB,Terrorist,804.7411,387.8348,90.39728,AWP,100,100,-66.9637,-29.89553,0,False,False,False,21.09375,357.1875
PB,Terrorist,800.313,385.9122,90.58302,AWP,100,100,-73.63253,-31.39273,0,False,False,False,21.09375,357.1875
PB,Terrorist,795.5281,383.9086,90.78986,AWP,100,100,-78.609,-32.52423,0,False,False,False,21.09375,357.1875
PB,Terrorist,790.4805,381.8452,91.01227,AWP,100,100,-82.27444,-33.35764,0,False,False,False,21.09375,357.1875
PB,Terrorist,785.2392,379.7379,91.24612,AWP,100,100,-84.97426,-33.9715,0,False,False,False,21.09375,357.1875
PB,Terrorist,779.8552,377.5981,91.68286,AWP,100,100,-86.96281,-34.42364,0,False,False,False,21.09375,357.1875
PB,Terrorist,774.3934,375.4448,92.18616,AWP,100,100,-84.9579,-33.41838,0,False,False,False,21.09375,357.1875
PB,Terrorist,769.9081,373.6805,92.59979,AWP,100,100,-62.31275,-24.51085,0,False,False,False,21.09375,357.1875
PB,Terrorist,766.7496,372.4381,92.89107,AWP,100,100,-41.37436,-16.27469,0,True,False,False,21.09375,357.5391
PB,Terrorist,764.8998,371.7105,93.04694,AWP,100,100,-20.43598,-8.038536,0,True,False,False,21.09375,357.5391
PB,Terrorist,764.3546,371.4961,93.11041,AWP,100,100,0,0,0,False,False,False,21.09375,357.5391
PB,Terrorist,764.3546,371.4961,93.11041,AWP,100,100,0,0,0,False,False,False,21.09375,357.5391
PB,Terrorist,764.3546,371.4961,93.11041,AWP,100,100,0,0,0,False,False,False,21.09375,357.5391
PB,Terrorist,765.3745,371.8912,93.01739,AWP,100,100,27.09921,10.50055,0,False,False,False,21.09375,357.5391
PB,Terrorist,767.8221,372.8397,92.79047,AWP,100,100,48.54547,18.81066,0,False,False,False,21.09375,357.5391
PB,Terrorist,771.6102,374.3075,92.43927,AWP,100,100,69.99172,27.12076,0,False,False,False,21.09375,357.5391
PB,Terrorist,776.6757,376.2703,91.96965,AWP,100,100,88.8093,34.4123,0,False,False,False,21.09375,357.5391
PB,Terrorist,782.6299,378.5774,91.41763,AWP,100,100,96.97437,37.57616,0,False,False,False,21.09375,357.5391
PB,Terrorist,788.691,380.9258,91.07545,AWP,100,100,96.97437,37.57616,0,False,False,False,21.09375,357.5391
PB,Terrorist,794.752,383.2742,90.79763,AWP,100,100,96.97437,37.57616,0,False,False,False,21.09375,357.5391
PB,Terrorist,800.813,385.6226,90.51981,AWP,100,100,96.97437,37.57616,0,False,False,False,21.09375,357.5391
PB,Terrorist,806.8741,387.9709,90.24199,AWP,100,100,96.97437,37.57616,0,False,False,False,21.09375,357.5391
PB,Terrorist,812.9351,390.3193,89.96417,AWP,100,100,96.97437,37.57616,0,False,False,False,21.09375,357.5391
PB,Terrorist,818.9962,392.6677,89.68636,AWP,100,100,96.97437,37.57616,0,False,False,False,21.09375,357.5391
PB,Terrorist,825.0572,395.0161,89.40853,AWP,100,100,96.97437,37.57616,0,False,False,False,21.09375,357.5391
PB,Terrorist,831.1182,397.3645,89.15755,AWP,100,100,96.97652,37.57068,0,False,False,False,21.09375,357.5391
PB,Terrorist,837.1428,399.5566,89.6739,AWP,100,100,93.86955,24.38183,0,False,False,False,21.09375,357.5391
PB,Terrorist,842.6306,399.4761,90.10095,AWP,100,100,83.54793,-19.30896,0,False,False,False,21.09375,357.5391
PB,Terrorist,847.5731,397.0876,90.43732,AWP,100,100,75.94546,-51.48969,0,False,False,False,21.09375,357.5391
PB,Terrorist,852.1137,392.999,90.70688,AWP,100,100,70.33042,-75.19855,0,False,False,False,21.09375,357.8906
PB,Terrorist,855.829,389.0265,90.91438,AWP,100,100,51.80231,-55.38795,0,False,False,False,21.09375,357.8906
PB,Terrorist,858.525,386.1439,91.06495,AWP,100,100,36.41175,-38.9321,0,False,False,False,21.09375,358.2422
PB,Terrorist,860.2603,384.2884,91.16187,AWP,100,100,21.04265,-22.49918,0,False,False,False,21.09375,358.2422
PB,Terrorist,861.0352,383.4599,91.19521,AWP,100,100,5.673548,-6.066258,0,False,False,False,21.09375,358.2422
PB,Terrorist,861.0788,383.4133,91.19521,AWP,100,100,0,0,0,False,False,False,21.09375,358.2422
PB,Terrorist,861.0788,383.4133,91.19521,AWP,100,100,0,0,0,False,False,False,21.09375,358.2422
PB,Terrorist,861.0788,383.4133,91.19521,AWP,100,100,0,0,0,False,False,False,21.09375,358.2422
PB,Terrorist,861.0788,383.4133,91.19521,AWP,100,100,0,0,0,False,False,False,21.09375,358.2422
PB,Terrorist,861.0788,383.4133,91.19521,AWP,100,100,0,0,0,False,False,False,21.09375,358.2422
PB,Terrorist,861.0788,383.4133,91.19521,AWP,100,100,0,0,0,False,False,False,22.5,357.8906
PB,Terrorist,861.0788,383.4133,91.19521,AWP,100,100,0,0,0,False,False,False,24.60938,356.4844
PB,Terrorist,861.0788,383.4133,91.19521,AWP,100,100,0,0,0,False,False,False,25.3125,356.4844
PB,Terrorist,861.1982,383.1595,91.21162,AWP,100,100,3.510674,-7.465765,0,True,False,False,25.3125,356.4844
PB,Terrorist,861.5261,382.4622,91.21162,AWP,100,100,6.595811,-14.02659,0,True,False,False,25.3125,356.4844
PB,Terrorist,862.0468,381.3549,91.22855,AWP,100,100,9.680948,-20.58741,0,False,False,False,25.3125,356.4844
PB,Terrorist,862.7603,379.8375,91.26445,AWP,100,100,12.76609,-27.14825,0,False,False,False,25.3125,356.4844
PB,Terrorist,863.6666,377.91,91.28284,AWP,100,100,15.84205,-33.71339,0,False,False,False,25.3125,356.8359
PB,Terrorist,864.7647,375.5721,91.31751,AWP,100,100,18.91481,-40.28004,0,False,False,False,25.3125,356.8359
PB,Terrorist,866.0551,372.8238,91.36993,AWP,100,100,21.99129,-46.84494,0,False,False,False,25.3125,356.8359
PB,Terrorist,867.5377,369.6652,91.42576,AWP,100,100,25.06941,-53.40907,0,False,False,False,25.3125,356.8359
PB,Terrorist,869.2148,366.0973,91.46761,AWP,100,100,28.23935,-59.92975,0,False,False,False,25.66406,357.5391
PB,Terrorist,871.0977,362.1255,91.54681,AWP,100,100,31.60224,-66.35752,0,False,False,False,26.01563,357.8906
PB,Terrorist,873.1873,357.7624,91.61916,AWP,100,100,34.75094,-72.27853,0,False,False,False,26.01563,358.2422
PB,Terrorist,875.4459,353.083,91.69813,AWP,100,100,37.11091,-76.68746,0,False,False,False,26.01563,358.2422
PB,Terrorist,877.7543,348.3234,91.77931,AWP,100,100,34.11398,-70.29162,0,False,False,False,26.01563,358.2422
PB,Terrorist,879.3412,345.0534,91.83517,AWP,100,100,21.09408,-43.4642,0,True,False,False,26.01563,358.2422
PB,Terrorist,880.3143,343.0485,91.85499,AWP,100,100,11.27018,-23.22214,0,True,False,False,26.01563,358.2422
PB,Terrorist,880.6732,342.3088,91.87148,AWP,100,100,1.446291,-2.980072,0,False,False,False,26.01563,358.2422
PB,Terrorist,880.6732,342.3088,91.87148,AWP,100,100,0,0,0,False,False,False,26.01563,358.2422
PB,Terrorist,880.6732,342.3088,91.87148,AWP,100,100,0,0,0,False,False,False,26.01563,358.2422
PB,Terrorist,880.6732,342.3088,91.87148,AWP,100,100,0,0,0,False,False,False,26.01563,358.2422
PB,Terrorist,880.6732,342.3088,91.87148,AWP,100,100,0,0,0,False,False,False,26.01563,358.2422
PB,Terrorist,880.6732,342.3088,91.87148,AWP,100,100,0,0,0,False,False,False,26.01563,358.2422
PB,Terrorist,880.6732,342.3088,91.87148,AWP,100,100,0,0,0,False,False,False,26.01563,358.2422
PB,Terrorist,880.6732,342.3088,91.87148,AWP,100,100,0,0,0,False,False,False,26.01563,358.2422
PB,Terrorist,880.4299,342.804,91.8681,AWP,100,100,-11.70779,23.84312,0,False,False,False,26.01563,358.2422
PB,Terrorist,878.9622,345.7932,91.82096,AWP,100,100,-32.64407,66.48021,0,False,False,False,26.01563,358.2422
PB,Terrorist,875.6278,350.355,91.6555,AWP,100,100,-66.81529,70.87383,0,False,False,False,26.01563,358.2422
PB,Terrorist,870.879,353.5786,91.35166,AWP,100,100,-77.33939,30.40246,0,False,False,False,26.01563,358.2422
PB,Terrorist,866.3265,353.7963,91.00053,AWP,100,100,-69.46687,-15.39412,0,False,False,False,26.01563,358.2422
PB,Terrorist,862.2047,351.6012,90.63278,AWP,100,100,-63.6941,-49.02798,0,False,False,False,26.01563,358.2422
PB,Terrorist,858.1201,347.8391,90.2353,AWP,100,100,-72.17641,-63.05336,0,False,False,False,26.01563,358.2422
PB,Terrorist,853.0732,343.9227,89.74021,AWP,100,100,-84.42979,-60.72569,0,False,False,False,26.01563,358.2422
PB,Terrorist,847.7054,340.3124,88.75972,AWP,100,100,-83.96496,-54.49675,0,False,False,False,26.01563,358.2422
PB,Terrorist,843.2699,337.4336,87.95605,AWP,100,100,-61.84491,-40.13992,0,False,False,False,26.36719,358.2422
PB,Terrorist,839.6847,336.1294,87.37036,AWP,100,100,-56.56355,-0.8234359,0,False,False,False,26.36719,358.2422
PB,Terrorist,836.2281,337.3326,86.95949,AWP,100,100,-52.84374,29.03514,0,False,False,False,26.36719,358.2422
PB,Terrorist,833.6188,338.7663,86.68215,AWP,100,100,-33.12432,18.20026,0,False,False,False,26.36719,358.2422
PB,Terrorist,832.2418,339.5229,86.5358,AWP,100,100,-13.40491,7.365366,0,False,False,False,26.36719,358.2422
PB,Terrorist,832.0071,339.6519,86.51086,AWP,100,100,0,0,0,False,False,False,26.36719,358.2422
PB,Terrorist,832.6523,338.3505,86.51086,AWP,100,100,19.7117,-39.75663,0,False,False,False,26.36719,358.2422
PB,Terrorist,834.6234,334.375,86.54897,AWP,100,100,40.54919,-81.78386,0,False,False,False,26.36719,358.2422
PB,Terrorist,837.5377,328.6544,86.58829,AWP,100,100,51.8643,-90.14486,0,False,False,False,26.36719,358.2422
PB,Terrorist,841.5581,323.5669,86.84866,AWP,100,100,72.3584,-74.70115,0,False,False,False,26.36719,358.2422
PB,Terrorist,846.5169,319.3753,87.28401,AWP,100,100,83.76987,-61.63285,0,False,False,False,26.36719,358.2422
PB,Terrorist,852.2567,316.7712,87.92841,AWP,100,100,97.49842,-27.64748,0,False,False,False,26.36719,358.2422
PB,Terrorist,858.6535,315.9675,88.77773,AWP,100,100,103.9723,-2.401075,0,False,False,False,26.36719,358.2422
PB,Terrorist,865.1266,316.4728,89.7196,AWP,100,100,102.8884,15.16506,0,False,False,False,26.36719,358.2422
PB,Terrorist,871.4769,317.8452,90.65393,AWP,100,100,100.5678,26.49738,0,False,False,False,26.36719,358.2422
PB,Terrorist,877.6866,319.7622,91.17899,AWP,100,100,98.52029,33.31295,0,False,False,False,26.36719,358.2422
PB,Terrorist,883.7917,321.9921,91.6563,AWP,100,100,97.1004,37.24934,0,False,False,False,26.36719,358.2422
PB,Terrorist,889.8228,324.4153,92.1058,AWP,100,100,96.07934,39.80907,0,False,False,False,26.36719,358.2422
PB,Terrorist,895.8003,326.9687,92.75959,AWP,100,100,95.32917,41.57341,0,False,False,False,26.36719,358.2422
PB,Terrorist,901.738,329.6131,93.40903,AWP,100,100,94.77312,42.82586,0,False,False,False,26.36719,358.2422
PB,Terrorist,907.6461,332.323,94.05523,AWP,100,100,94.35979,43.72907,0,False,False,False,26.36719,358.2422
PB,Terrorist,913.5323,335.0803,94.69903,AWP,100,100,94.0538,44.38335,0,False,False,False,26.36719,358.2422
PB,Terrorist,919.0128,337.6783,95.28486,AWP,100,100,77.61831,36.81981,0,False,False,False,26.01563,358.2422
PB,Terrorist,923.1204,339.5776,95.71874,AWP,100,100,58.73094,21.56811,0,False,False,False,23.55469,357.8906
PB,Terrorist,926.5839,339.3298,96.09957,AWP,100,100,51.69685,-21.72865,0,False,False,False,14.41406,358.5938
PB,Terrorist,929.3651,336.8168,96.42413,AWP,100,100,37.75953,-53.28343,0,False,False,False,355.7813,359.2969
PB,Terrorist,930.9611,332.6423,96.60531,AWP,100,100,14.44442,-75.75456,0,False,False,False,329.7656,359.2969
PB,Terrorist,930.7825,327.5279,96.58578,AWP,100,100,-17.11743,-84.06718,0,False,False,False,305.1563,359.2969
PB,Terrorist,928.5477,322.4873,96.34135,AWP,100,100,-49.77429,-75.874,0,False,False,False,281.6016,359.2969
PB,Terrorist,924.4691,318.3423,95.89524,AWP,100,100,-75.11333,-61.16577,0,False,False,False,265.7813,359.6484
PB,Terrorist,919.4499,314.3289,95.34627,AWP,100,100,-82.07174,-63.87668,0,False,False,False,256.6406,359.6484
PB,Terrorist,914.2307,310.4554,94.77541,AWP,100,100,-84.54429,-60.56619,0,False,False,False,254.8828,359.6484
PB,Terrorist,908.8843,306.7589,94.19065,AWP,100,100,-86.21305,-58.16623,0,False,False,False,254.8828,359.6484
PB,Terrorist,903.4562,303.1833,93.58845,AWP,100,100,-87.23888,-56.61605,0,False,False,False,255.9375,359.6484
PB,Terrorist,897.9941,299.6596,92.95433,AWP,100,100,-87.34876,-56.44638,0,False,False,False,259.1016,359.6484
PB,Terrorist,892.4906,296.2067,92.31641,AWP,100,100,-91.35999,-49.69258,0,False,False,False,270.3516,359.6484
PB,Terrorist,886.6473,293.5775,91.64993,AWP,100,100,-88.77772,-37.43149,0,False,False,False,290.7422,359.6484
PB,Terrorist,881.9579,291.6003,91.11642,AWP,100,100,-65.34587,-27.55188,0,False,False,False,321.6797,359.6484
PB,Terrorist,878.6027,290.1856,90.75648,AWP,100,100,-44.61336,-18.8104,0,False,False,False,358.5938,358.2422
PB,Terrorist,875.9052,289.1309,90.49261,AWP,100,100,-50.81134,-18.929,0,False,False,False,22.14844,354.0234
PB,Terrorist,872.0433,287.5078,90.11366,AWP,100,100,-70.03944,-31.94753,0,False,False,False,30.23438,350.5078
PB,Terrorist,867.0765,285.0802,89.61793,AWP,100,100,-86.08951,-43.68303,0,False,False,False,30.23438,350.5078
PB,Terrorist,861.2274,282.4626,88.97818,AWP,100,100,-98.60805,-33.05228,0,False,False,False,30.23438,350.5078
PB,Terrorist,854.8716,281.1512,88.28301,AWP,100,100,-103.2292,-12.63852,0,False,False,False,30.23438,350.5078
PB,Terrorist,848.3818,280.8785,87.5732,AWP,100,100,-103.9926,1.239201,0,False,False,False,30.23438,350.5078
PB,Terrorist,841.8887,280.831,86.82152,AWP,100,100,-103.6229,-8.848043,0,False,False,False,30.23438,350.5078
PB,Terrorist,835.4973,279.682,85.94666,AWP,100,100,-101.0049,-24.77921,0,False,False,False,30.23438,350.5078
PB,Terrorist,829.2922,277.755,85.11421,AWP,100,100,-97.98414,-34.85839,0,False,False,False,30.23438,350.5078
PB,Terrorist,823.2531,275.3534,84.47321,AWP,100,100,-95.70979,-40.68949,0,False,False,False,30.23438,350.5078
PB,Terrorist,817.3284,272.6808,84.92702,AWP,100,100,-94.16532,-44.14624,0,False,False,False,30.23438,350.5078
PB,Terrorist,811.4836,269.8371,85.38119,AWP,100,100,-93.06207,-46.42685,0,False,False,False,30.23438,350.5078
PB,Terrorist,805.6969,266.877,85.83537,AWP,100,100,-92.25566,-48.0093,0,False,False,False,30.23438,350.5078
PB,Terrorist,799.9528,263.8348,86.28944,AWP,100,100,-91.66041,-49.13624,0,False,False,False,30.23438,350.5078
PB,Terrorist,794.4942,260.8813,86.72289,AWP,100,100,-78.4622,-42.54733,0,False,False,False,30.23438,350.5078
PB,Terrorist,790.3541,258.6362,87.05181,AWP,100,100,-57.39615,-31.12393,0,False,False,False,30.23438,350.5078
PB,Terrorist,787.4623,257.0681,87.28156,AWP,100,100,-37.61703,-20.39841,0,False,False,False,30.23438,350.5078
PB,Terrorist,785.8065,256.1702,87.40202,AWP,100,100,-17.83792,-9.672882,0,False,False,False,30.23438,350.5078
PB,Terrorist,785.376,255.9368,87.44203,AWP,100,100,0,0,0,False,False,False,30.23438,350.5078
PB,Terrorist,785.376,255.9368,87.44203,AWP,100,100,0,0,0,False,False,False,30.23438,350.5078
PB,Terrorist,785.376,255.9368,87.44203,AWP,100,100,0,0,0,False,False,False,30.23438,350.5078
PB,Terrorist,786.0531,256.3294,87.39271,AWP,100,100,19.84188,11.50777,0,False,False,False,30.23438,350.5078
PB,Terrorist,787.9926,257.4543,87.23634,AWP,100,100,39.73782,23.0469,0,False,False,False,30.23438,350.5078
PB,Terrorist,790.9634,259.4745,86.98753,AWP,100,100,47.94625,43.6897,0,False,False,False,30.23438,350.5078
PB,Terrorist,793.8368,263.164,86.69265,AWP,100,100,44.96677,70.16935,0,False,False,False,30.23438,350.5078
PB,Terrorist,796.6692,268.2275,86.35739,AWP,100,100,50.17363,85.11089,0,False,False,False,30.23438,350.5078
PB,Terrorist,800.5223,273.3767,85.95566,AWP,100,100,68.11908,78.58619,0,False,False,False,30.23438,350.5078
PB,Terrorist,805.1107,277.9758,85.52516,AWP,100,100,76.84398,70.07856,0,False,False,False,30.23438,350.5078
PB,Terrorist,810.103,282.1363,85.08312,AWP,100,100,81.76471,64.26921,0,False,False,False,30.23438,350.5078
PB,Terrorist,815.3141,286.0207,84.63605,AWP,100,100,84.42804,60.72814,0,False,False,False,30.23438,350.5078
PB,Terrorist,821.1143,288.9024,84.27277,AWP,100,100,98.09967,34.53193,0,False,False,False,30.23438,350.5078
PB,Terrorist,827.4539,290.2872,84.59461,AWP,100,100,103.1095,13.58034,0,False,False,False,30.23438,350.5078
PB,Terrorist,833.9414,290.6029,85.50034,AWP,100,100,103.9975,-0.7226226,0,False,False,False,30.23438,350.5078
PB,Terrorist,840.4333,290.3058,86.41946,AWP,100,100,103.9837,-1.842268,0,False,False,False,30.23438,350.5078
PB,Terrorist,846.8948,290.9221,87.31528,AWP,100,100,102.4703,17.77166,0,False,False,False,30.23438,350.5078
PB,Terrorist,853.1946,292.507,88.0996,AWP,100,100,99.45063,30.42321,0,False,False,False,30.23438,350.5078
PB,Terrorist,859.31,294.7051,88.76847,AWP,100,100,96.72216,38.22072,0,False,False,False,30.23438,350.5078
PB,Terrorist,865.2862,297.26,89.42211,AWP,100,100,94.86622,42.61926,0,False,False,False,30.23438,350.5078
PB,Terrorist,871.1675,300.0273,90.06538,AWP,100,100,93.56717,45.40028,0,False,False,False,30.23438,350.5078
PB,Terrorist,876.9809,302.9348,90.70123,AWP,100,100,92.6263,47.29027,0,False,False,False,30.23438,350.5078
PB,Terrorist,882.7447,305.9396,91.33163,AWP,100,100,91.93442,48.62163,0,False,False,False,30.23438,350.5078
PB,Terrorist,888.4717,309.0136,91.95803,AWP,100,100,91.42249,49.57748,0,False,False,False,30.23438,350.5078
PB,Terrorist,894.1718,312.1377,92.58147,AWP,100,100,91.04301,50.27097,0,False,False,False,30.23438,350.5078
PB,Terrorist,899.7736,315.2529,93.19417,AWP,100,100,84.14021,46.93637,0,False,False,False,30.23438,350.5078
PB,Terrorist,904.218,317.7322,93.68027,AWP,100,100,61.93238,34.54806,0,False,False,False,30.23438,350.5078
PB,Terrorist,907.3979,319.5061,94.02808,AWP,100,100,42.28288,23.58688,0,False,False,False,30.23438,350.5078
PB,Terrorist,909.1724,320.4922,94.22216,AWP,100,100,7.485193,3.863953,0,False,False,False,30.23438,350.5078
PB,Terrorist,908.0039,319.8109,94.09436,AWP,100,100,-30.73058,-17.83545,0,False,False,False,30.23438,350.5078
PB,Terrorist,905.3837,318.2907,93.80779,AWP,100,100,-50.62874,-29.37078,0,False,False,False,30.23438,350.5078
PB,Terrorist,901.5214,316.0499,93.38535,AWP,100,100,-70.36977,-40.84746,0,False,False,False,30.23438,351.2109
PB,Terrorist,896.5368,313.1526,92.84015,AWP,100,100,-86.35873,-50.19377,0,False,False,False,29.88281,353.6719
PB,Terrorist,890.9297,309.9033,92.22687,AWP,100,100,-90.04609,-52.03559,0,False,False,False,29.53125,356.8359
PB,Terrorist,885.2948,306.6631,91.61056,AWP,100,100,-90.25681,-51.66921,0,False,False,False,28.82813,359.2969
PB,Terrorist,879.6449,303.4495,90.99236,AWP,100,100,-90.50597,-51.23153,0,False,False,False,28.82813,359.6484
PB,Terrorist,873.9813,300.2599,90.37314,AWP,100,100,-90.69592,-50.89449,0,False,False,False,28.82813,359.6484
PB,Terrorist,868.3076,297.0881,89.75258,AWP,100,100,-90.83485,-50.64613,0,False,False,False,28.82813,359.6484
PB,Terrorist,862.2467,294.7929,89.08967,AWP,100,100,-100.7623,-25.74815,0,False,False,False,28.47656,359.6484
PB,Terrorist,855.8175,293.8989,88.38647,AWP,100,100,-103.7996,-6.45365,0,False,False,False,28.47656,359.6484
PB,Terrorist,849.3219,293.9774,87.59293,AWP,100,100,-103.7995,6.455115,0,False,False,False,28.47656,359.6484
PB,Terrorist,843.14,295.6086,86.68961,AWP,100,100,-95.47539,39.89208,0,False,False,False,28.47656,359.6484
PB,Terrorist,837.5607,298.9162,85.83612,AWP,100,100,-83.98164,61.34399,0,False,False,False,27.77344,359.6484
PB,Terrorist,832.8826,302.7755,85.09786,AWP,100,100,-65.78604,55.2494,0,False,False,False,27.77344,359.2969
PB,Terrorist,829.4164,305.6866,84.54977,AWP,100,100,-47.84457,40.18153,0,False,False,False,27.77344,359.2969
PB,Terrorist,827.1286,307.5093,84.19008,AWP,100,100,-22.30805,10.43503,0,False,False,False,27.77344,359.2969
PB,Terrorist,827.3443,306.4197,84.24311,AWP,100,100,20.66429,-26.76156,0,False,False,False,27.77344,359.2969
PB,Terrorist,829.585,304.8411,84.5911,AWP,100,100,46.4529,-21.77217,0,False,False,False,27.77344,359.2969
PB,Terrorist,833.1469,304.4285,85.10058,AWP,100,100,64.83662,3.573468,0,False,False,False,28.125,359.2969
PB,Terrorist,837.8152,305.3122,85.73866,AWP,100,100,82.0564,21.70866,0,False,False,False,29.17969,358.9453
PB,Terrorist,843.4285,307.1787,86.48914,AWP,100,100,95.22608,35.64441,0,False,False,False,29.53125,358.5938
PB,Terrorist,849.4357,309.6492,87.28244,AWP,100,100,95.37254,41.47384,0,False,False,False,29.88281,358.2422
PB,Terrorist,855.3461,312.3539,88.08678,AWP,100,100,94.01277,44.4702,0,False,False,False,29.53125,357.8906
PB,Terrorist,861.1873,315.205,89.0864,AWP,100,100,93.07468,46.40155,0,False,False,False,29.53125,357.8906
PB,Terrorist,866.9794,318.1548,90.08527,AWP,100,100,92.39079,47.74874,0,False,False,False,29.53125,357.8906
PB,Terrorist,872.7347,321.1757,90.82158,AWP,100,100,91.86581,48.75113,0,False,False,False,29.88281,358.5938
PB,Terrorist,878.4612,324.2507,91.33303,AWP,100,100,91.45543,49.51672,0,False,False,False,29.88281,358.9453
PB,Terrorist,884.0115,327.277,91.78091,AWP,100,100,81.37408,44.47153,0,False,False,False,29.88281,358.9453
PB,Terrorist,888.3084,329.6253,92.11331,AWP,100,100,59.76196,32.66035,0,False,False,False,29.88281,358.9453
PB,Terrorist,891.3494,331.2873,92.34856,AWP,100,100,40.01807,21.87016,0,False,False,False,29.88281,358.9453
PB,Terrorist,893.8919,331.1146,92.55087,AWP,100,100,40.98605,-18.77635,0,False,False,False,29.88281,358.9453
PB,Terrorist,896.5815,328.9727,92.84504,AWP,100,100,45.31874,-45.31834,0,False,False,False,29.88281,358.9453
PB,Terrorist,899.6681,325.3406,93.18263,AWP,100,100,52.62136,-67.4902,0,False,False,False,29.88281,358.9453
PB,Terrorist,902.1409,320.5119,93.45309,AWP,100,100,21.59251,-80.12967,0,False,False,False,29.88281,358.9453
PB,Terrorist,902.0073,315.5516,93.43848,AWP,100,100,-18.79689,-78.82642,0,False,False,False,29.88281,358.9453
PB,Terrorist,899.62,311.4492,93.17738,AWP,100,100,-52.08434,-52.22768,0,False,False,False,29.88281,358.9453
PB,Terrorist,895.4573,309.0806,92.72208,AWP,100,100,-76.84167,-27.87893,0,False,False,False,29.88281,358.9453
PB,Terrorist,889.9828,307.9946,92.12331,AWP,100,100,-95.14075,-10.00234,0,False,False,False,29.88281,358.9453
PB,Terrorist,883.6158,307.8521,91.42692,AWP,100,100,-103.9541,3.088678,0,False,False,False,29.88281,358.9453
PB,Terrorist,877.1383,308.3703,90.89883,AWP,100,100,-103.3413,11.68638,0,False,False,False,29.88281,358.9453
PB,Terrorist,870.7038,309.2867,90.05476,AWP,100,100,-102.6644,16.6138,0,False,False,False,29.88281,358.9453
PB,Terrorist,864.3074,310.4414,89.31506,AWP,100,100,-102.1101,19.7367,0,False,False,False,29.88281,358.9453
PB,Terrorist,857.9413,311.7537,88.43468,AWP,100,100,-101.6753,21.86605,0,False,False,False,29.88281,358.9453
PB,Terrorist,851.5988,313.1758,87.61118,AWP,100,100,-101.3401,23.37069,0,False,False,False,29.88281,358.9453
PB,Terrorist,845.5305,315.4444,86.89962,AWP,100,100,-92.40903,47.71341,0,False,False,False,29.53125,358.9453
PB,Terrorist,840.1598,319.0876,86.37206,AWP,100,100,-81.02607,65.19798,0,False,False,False,29.53125,358.9453
PB,Terrorist,835.4484,323.5585,85.98896,AWP,100,100,-71.2438,75.7649,0,False,False,False,27.77344,358.2422
PB,Terrorist,831.2939,328.5539,85.71693,AWP,100,100,-62.9544,82.7813,0,False,False,False,25.3125,357.5391
PB,Terrorist,827.6146,333.9101,85.53429,AWP,100,100,-55.82386,87.74792,0,False,False,False,22.5,357.5391
PB,Terrorist,824.3476,339.528,85.42599,AWP,100,100,-49.64783,91.38432,0,False,False,False,19.6875,357.5391
PB,Terrorist,821.4373,345.3391,85.86017,AWP,100,100,-44.24458,94.11916,0,False,False,False,17.22656,357.8906
PB,Terrorist,818.8543,351.303,86.35399,AWP,100,100,-39.08667,96.37547,0,False,False,False,14.41406,357.8906
PB,Terrorist,816.5858,357.3935,86.93515,AWP,100,100,-34.15316,98.23219,0,False,False,False,11.60156,357.8906
PB,Terrorist,814.6208,363.5887,87.60493,AWP,100,100,-29.35355,99.77159,0,False,False,False,9.140625,358.2422
PB,Terrorist,812.9502,369.8698,88.25887,AWP,100,100,-24.75096,101.0118,0,False,False,False,7.03125,358.2422
PB,Terrorist,811.5565,376.0807,88.88532,AWP,100,100,-19.56374,88.55424,0,False,False,False,6.328125,358.2422
PB,Terrorist,810.7994,378.5492,89.13527,AWP,100,100,-5.063743,0.004509366,0,False,False,False,6.328125,358.2422
PB,Terrorist,810.8386,377.5312,89.06036,AWP,100,100,-0.7684712,2.23532,0,False,False,False,6.328125,358.2422
PB,Terrorist,810.6459,379.3668,89.23031,AWP,100,100,-5.152452,50.04773,0,False,False,False,5.625,358.2422
PB,Terrorist,810.2755,383.0621,89.56718,AWP,100,100,-6.119256,62.29258,0,True,False,False,4.921875,357.8906
PB,Terrorist,809.8806,387.2101,89.94371,AWP,100,100,-6.457843,69.54121,0,True,False,False,4.570313,357.5391
PB,Terrorist,809.4839,391.6218,90.34234,AWP,100,100,-5.968163,67.73759,0,False,False,False,3.867188,357.5391
PB,Terrorist,809.1104,396.1109,90.74561,AWP,100,100,-5.949332,75.00808,0,False,False,False,3.164063,357.1875
PB,Terrorist,808.7668,400.6806,91.09342,AWP,100,100,-4.926613,67.8213,0,False,False,False,2.109375,357.1875
PB,Terrorist,808.489,404.9215,91.1105,AWP,100,100,-4.05716,67.87885,0,False,False,False,1.40625,356.8359
PB,Terrorist,808.2678,409.1657,91.12735,AWP,100,100,-3.127869,67.92802,0,False,False,False,0.3515625,356.8359
PB,Terrorist,808.1042,413.4126,91.14391,AWP,100,100,-2.243283,67.96299,0,False,False,False,359.6484,356.8359
PB,Terrorist,807.9888,417.2669,91.14391,AWP,100,100,-1.603964,45.57341,0,False,False,False,359.6484,356.4844
PB,Terrorist,807.9294,418.3031,91.15987,AWP,100,100,-0.03033648,-3.718626,0,False,False,False,359.6484,356.4844
PB,Terrorist,807.9274,418.0673,91.15987,AWP,100,100,0,0,0,False,False,False,359.6484,356.4844
PB,Terrorist,807.9298,418.3478,91.15987,AWP,100,100,0.0673011,8.249725,0,False,False,False,359.6484,356.4844
PB,Terrorist,807.936,419.1183,91.15987,AWP,100,100,0.1264445,15.49948,0,False,False,False,359.6484,356.4844
PB,Terrorist,808.1006,420.279,91.14848,AWP,100,100,8.08827,19.19256,0,False,False,False,359.2969,356.4844
PB,Terrorist,808.9655,421.5227,91.08091,AWP,100,100,17.46336,20.96265,0,False,False,False,358.9453,356.4844
PB,Terrorist,810.2889,422.9636,90.97752,AWP,100,100,23.88305,24.83836,0,False,False,False,358.9453,356.4844
PB,Terrorist,811.9837,424.6741,90.84512,AWP,100,100,29.57582,29.39087,0,False,False,False,358.9453,356.4844
PB,Terrorist,814.0245,426.6789,90.68568,AWP,100,100,35.02266,34.18866,0,False,False,False,358.9453,356.4844
PB,Terrorist,816.3987,428.8023,90.50019,AWP,100,100,38.31001,25.40811,0,False,False,False,0.3515625,356.4844
PB,Terrorist,818.1106,429.0757,90.36645,AWP,100,100,18.76823,-8.860948,0,True,False,False,5.625,356.8359
PB,Terrorist,818.8777,428.0086,90.30652,AWP,100,100,9.602997,-21.6394,0,True,False,False,13.71094,356.8359
PB,Terrorist,819.489,426.3903,90.25877,AWP,100,100,10.60225,-28.96506,0,True,False,False,20.39063,356.8359
PB,Terrorist,820.5443,423.66,90.17632,AWP,100,100,21.15754,-52.80679,0,False,False,False,23.90625,356.8359
PB,Terrorist,822.231,419.637,90.04455,AWP,100,100,31.56611,-73.271,0,False,False,False,25.3125,356.8359
PB,Terrorist,824.5333,414.4437,89.86467,AWP,100,100,40.64235,-89.93939,0,False,False,False,26.36719,356.4844
PB,Terrorist,827.242,408.5757,89.65306,AWP,100,100,44.07518,-94.19861,0,False,False,False,27.07031,356.4844
PB,Terrorist,830.012,402.6956,89.43665,AWP,100,100,42.71784,-94.82186,0,False,False,False,27.07031,356.4844
PB,Terrorist,831.7696,396.4544,89.18948,AWP,100,100,17.8273,-102.4607,0,False,False,False,27.07031,356.4844
PB,Terrorist,832.2313,389.978,89.09063,AWP,100,100,0.2969794,-103.9996,0,False,False,False,27.42188,356.8359
PB,Terrorist,831.8253,383.4937,88.92382,AWP,100,100,-11.00645,-103.4159,0,False,False,False,27.77344,357.1875
PB,Terrorist,830.8854,377.063,88.69131,AWP,100,100,-17.56774,-102.5055,0,False,False,False,28.125,357.5391
PB,Terrorist,829.6461,370.6826,88.11826,AWP,100,100,-21.31218,-101.7929,0,False,False,False,28.47656,357.8906
PB,Terrorist,828.2288,364.3391,87.52249,AWP,100,100,-23.59015,-101.2892,0,False,False,False,28.47656,358.2422
PB,Terrorist,826.6979,358.0221,86.91238,AWP,100,100,-25.11199,-100.9227,0,False,False,False,28.82813,358.2422
PB,Terrorist,825.0897,351.7242,86.29261,AWP,100,100,-26.1628,-100.6554,0,False,False,False,28.82813,358.5938
PB,Terrorist,823.5167,345.4194,85.76772,AWP,100,100,-19.27167,-102.1988,0,False,False,False,28.82813,358.5938
PB,Terrorist,823.2184,338.9405,85.37676,AWP,100,100,5.213642,-103.8692,0,False,False,False,28.82813,358.5938
PB,Terrorist,824.1563,332.515,84.96078,AWP,100,100,21.58822,-101.7347,0,False,False,False,28.82813,358.5938
PB,Terrorist,825.8976,326.2554,84.81443,AWP,100,100,32.04428,-98.9402,0,False,False,False,28.82813,358.5938
PB,Terrorist,828.1353,320.1537,84.74776,AWP,100,100,38.17586,-96.73988,0,False,False,False,28.82813,358.5938
PB,Terrorist,830.6563,314.1629,84.72784,AWP,100,100,41.77604,-95.24055,0,False,False,False,28.82813,358.5938
PB,Terrorist,833.3617,308.2376,85.05144,Glock,100,100,44.98627,-95.73238,0,False,False,False,28.82813,358.5938
PB,Terrorist,836.4448,301.8947,85.61713,Glock,100,100,52.37917,-105.5281,0,False,False,False,28.82813,358.5938
PB,Terrorist,839.9078,295.0537,86.24664,Glock,100,100,56.90833,-111.0697,0,False,False,False,28.82813,358.5938
PB,Terrorist,843.2891,289.3925,86.84008,Glock,100,100,60.75987,-71.45284,0,False,False,False,28.82813,358.5938
PB,Terrorist,847.7846,286.3246,87.50788,Glock,100,100,79.76892,-33.38477,0,False,False,False,28.82813,358.5938
PB,Terrorist,853.2844,285.2677,88.10941,Glock,100,100,93.77015,-5.345494,0,False,False,False,28.82813,358.5938
PB,Terrorist,859.5236,285.692,88.79183,Glock,100,100,104.0828,15.30701,0,False,False,False,28.82813,358.5938
PB,Terrorist,865.9596,287.1073,89.49577,AWP,100,100,100.3391,27.35083,0,False,False,False,28.82813,358.5938
PB,Terrorist,872.1344,289.1318,90.13911,AWP,100,100,97.67344,35.71972,0,False,False,False,29.17969,358.5938
PB,Terrorist,878.1677,291.5487,90.72991,AWP,100,100,95.74944,40.59612,0,False,False,False,29.17969,358.5938
PB,Terrorist,884.1019,294.2007,91.37801,AWP,100,100,94.37899,43.68761,0,False,False,False,29.53125,358.9453
PB,Terrorist,889.9634,297.0097,92.04836,AWP,100,100,93.36989,45.80464,0,False,False,False,29.53125,358.9453
PB,Terrorist,895.945,300.0244,92.73401,Glock,100,100,99.83979,51.33532,0,False,False,False,29.53125,358.9453
PB,Terrorist,902.4962,303.4587,93.48632,Glock,100,100,108.3144,57.48441,0,False,False,False,29.53125,358.9453
PB,Terrorist,909.3615,307.1424,94.24285,Glock,100,100,109.7977,59.32544,0,False,False,False,29.53125,358.9453
PB,Terrorist,915.0728,310.2458,94.86752,AWP,100,100,91.27226,49.85353,0,False,False,False,29.53125,358.9453
PB,Terrorist,920.3918,313.1601,95.4493,AWP,100,100,75.33411,41.2925,0,False,False,False,29.17969,358.9453
PB,Terrorist,924.3612,315.3358,95.88345,AWP,100,100,54.78865,30.03102,0,False,False,False,29.17969,358.9453
PB,Terrorist,927.0919,316.8326,96.18211,AWP,100,100,35.05818,19.21626,0,False,False,False,29.17969,358.5938
PB,Terrorist,928.5894,317.6534,96.34589,AWP,100,100,15.32772,8.401505,0,False,False,False,29.17969,358.5938
PB,Terrorist,928.3347,317.5072,96.31805,AWP,100,100,-23.17576,-12.97885,0,False,False,False,29.17969,358.5938
PB,Terrorist,926.0121,316.2104,96.06401,AWP,100,100,-45.97086,-25.61371,0,False,False,False,29.17969,358.5938
PB,Terrorist,922.4305,314.2195,95.67228,AWP,100,100,-66.12132,-36.70264,0,False,False,False,28.82813,358.5938
PB,Terrorist,917.6535,311.571,95.14979,AWP,100,100,-83.6735,-46.35844,0,False,False,False,28.82813,358.5938
PB,Terrorist,911.8504,309.2915,94.51508,AWP,100,100,-99.6415,-26.35987,0,False,False,False,28.82813,358.5938
PB,Terrorist,905.4282,308.3499,93.81264,AWP,100,100,-103.7536,-7.154227,0,False,False,False,28.47656,358.5938
PB,Terrorist,898.9323,308.3894,93.10216,AWP,100,100,-103.8333,5.886575,0,False,False,False,28.47656,358.5938
PB,Terrorist,892.7445,309.9884,92.42537,AWP,100,100,-95.61565,39.41061,0,False,False,False,28.47656,358.5938
PB,Terrorist,887.1479,313.2669,91.81324,AWP,100,100,-84.34402,60.84476,0,False,False,False,28.47656,358.5938
PB,Terrorist,882.2596,317.5417,91.46252,AWP,100,100,-73.79906,73.27823,0,False,False,False,28.47656,358.5938
PB,Terrorist,877.9387,322.394,91.25352,AWP,100,100,-65.89489,80.46033,0,False,False,False,28.47656,358.5938
PB,Terrorist,874.0124,327.5731,91.05468,AWP,100,100,-60.82453,84.35862,0,False,False,False,28.47656,358.5938
PB,Terrorist,870.3287,332.9281,90.87845,AWP,100,100,-57.66273,86.55061,0,False,False,False,28.47656,358.5938
PB,Terrorist,866.8044,338.3895,90.7169,AWP,100,100,-55.50803,87.94804,0,False,False,False,28.47656,358.5938
PB,Terrorist,863.3916,343.9213,90.56551,AWP,100,100,-53.97906,88.89466,0,False,False,False,28.47656,358.5938
PB,Terrorist,860.0585,349.5017,90.42138,AWP,100,100,-52.87259,89.55719,0,False,False,False,28.47656,358.5938
PB,Terrorist,856.7838,355.1165,90.28251,AWP,100,100,-52.06406,90.02962,0,False,False,False,28.47656,358.5938
PB,Terrorist,853.8167,360.27,90.15807,AWP,100,100,-36.53917,63.00041,0,False,False,False,28.47656,358.5938
PB,Terrorist,852.7024,362.1229,90.10962,AWP,100,100,-3.107646,3.807706,0,False,False,False,28.47656,358.5938
PB,Terrorist,853.108,361.3689,90.1256,AWP,100,100,11.36675,-20.86723,0,False,False,False,28.47656,358.5938
PB,Terrorist,854.2061,359.355,90.16245,AWP,100,100,22.38979,-41.05367,0,False,False,False,28.47656,358.5938
PB,Terrorist,855.9927,356.0794,90.24077,AWP,100,100,33.40786,-61.24282,0,False,False,False,28.47656,358.5938
PB,Terrorist,858.4531,351.5695,90.33903,AWP,100,100,43.63765,-79.98979,0,False,False,False,28.47656,358.5938
PB,Terrorist,861.4445,346.0862,90.4585,AWP,100,100,49.80799,-91.29712,0,False,False,False,28.47656,358.5938
PB,Terrorist,864.5573,340.3801,90.58281,AWP,100,100,49.80863,-91.29677,0,False,False,False,28.47656,358.5938
PB,Terrorist,867.6706,334.674,90.70716,AWP,100,100,49.80912,-91.2965,0,False,False,False,28.47656,358.5938
PB,Terrorist,870.7839,328.968,90.83151,AWP,100,100,49.80947,-91.29631,0,False,False,False,28.47656,358.5938
PB,Terrorist,873.6888,323.6437,90.94754,AWP,100,100,41.14495,-75.41481,0,False,False,False,28.47656,358.5938
PB,Terrorist,875.644,320.0601,91.01248,AWP,100,100,19.02769,-34.87639,0,False,False,False,28.47656,358.5938
PB,Terrorist,875.4862,320.3493,91.01933,AWP,100,100,-14.49811,26.57295,0,False,False,False,28.47656,358.5938
PB,Terrorist,874.1077,322.8759,90.96426,AWP,100,100,-20.48492,37.54601,0,False,False,False,28.47656,358.5938
PB,Terrorist,873.2062,324.5282,90.92825,AWP,100,100,-9.708604,17.79452,0,False,False,False,28.47656,358.5938
PB,Terrorist,872.9721,324.9572,90.91891,AWP,100,100,0,0,0,False,False,False,28.47656,358.5938
PB,Terrorist,872.9721,324.9572,90.91891,AWP,100,100,0,0,0,False,False,False,28.47656,358.5938
PB,Terrorist,872.9721,324.9572,90.91891,AWP,100,100,0,0,0,False,False,False,28.47656,358.5938
PB,Terrorist,872.9721,324.9572,90.91891,AWP,100,100,0,0,0,False,False,False,28.47656,358.5938
PB,Terrorist,872.9721,324.9572,90.91891,AWP,100,100,0,0,0,False,False,False,28.47656,358.5938
PB,Terrorist,872.9721,324.9572,90.91891,AWP,100,100,0,0,0,False,False,False,28.47656,358.5938
PB,Terrorist,872.9721,324.9572,90.91891,AWP,100,100,0,0,0,False,False,False,28.47656,358.2422
PB,Terrorist,872.9721,324.9572,90.91891,AWP,100,100,0,0,0,False,False,False,28.47656,358.2422
PB,Terrorist,872.9721,324.9572,90.91891,AWP,100,100,0,0,0,False,False,False,28.47656,358.2422
PB,Terrorist,872.9721,324.9572,90.91891,AWP,100,100,0,0,0,False,False,False,28.47656,358.2422
PB,Terrorist,872.9721,324.9572,90.91891,AWP,100,100,0,0,0,False,False,False,28.47656,358.2422
PB,Terrorist,872.9721,324.9572,90.91891,AWP,100,100,0,0,0,False,False,False,28.47656,358.2422
PB,Terrorist,872.9721,324.9572,90.91891,AWP,100,100,0,0,0,False,False,False,28.47656,358.2422
PB,Terrorist,872.9721,324.9572,90.91891,AWP,100,100,0,0,0,False,False,False,28.47656,358.2422
PB,Terrorist,872.9721,324.9572,90.91891,AWP,100,100,0,0,0,False,False,False,28.47656,358.2422
PB,Terrorist,872.9721,324.9572,90.91891,AWP,100,100,0,0,0,False,False,False,28.47656,358.2422
PB,Terrorist,872.9721,324.9572,90.91891,AWP,100,100,0,0,0,False,False,False,28.47656,358.2422
PB,Terrorist,872.9721,324.9572,90.91891,AWP,100,100,0,0,0,False,False,False,28.47656,358.2422
PB,Terrorist,872.9721,324.9572,90.91891,AWP,100,100,0,0,0,False,False,False,28.82813,358.2422
PB,Terrorist,873.1316,325.0472,90.91891,AWP,100,100,12.78826,7.223779,0,False,False,False,29.53125,357.8906
PB,Terrorist,874.9434,326.0798,91.0963,AWP,100,100,38.01838,21.77404,0,False,False,False,30.23438,357.8906
PB,Terrorist,877.3959,328.326,91.3347,AWP,100,100,37.4959,48.30534,0,False,False,False,30.23438,357.8906
PB,Terrorist,879.709,332.2333,91.59681,AWP,100,100,37.09895,73.0738,0,False,False,False,30.23438,357.8906
PB,Terrorist,882.0458,337.5115,91.86445,AWP,100,100,37.59085,92.43743,0,False,False,False,30.23438,357.8906
PB,Terrorist,884.336,343.571,92.14178,AWP,100,100,35.32457,97.81705,0,False,False,False,30.23438,357.8906
PB,Terrorist,886.4562,349.7153,92.40966,AWP,100,100,32.9701,98.63556,0,False,False,False,29.88281,357.8906
PB,Terrorist,888.2709,355.2874,92.64546,AWP,100,100,23.77672,74.28773,0,False,False,False,29.88281,357.8906
PB,Terrorist,889.4332,360.0081,92.82049,AWP,100,100,8.38203,77.54832,0,False,False,False,29.88281,357.8906
PB,Terrorist,889.1572,364.8615,92.89037,AWP,100,100,-12.73909,76.95268,0,False,False,False,29.88281,357.8906
PB,Terrorist,887.9125,369.5706,92.90831,AWP,100,100,-24.20921,74.14792,0,False,False,False,29.88281,357.8906
PB,Terrorist,886.2017,374.1346,92.9016,AWP,100,100,-29.3328,72.27439,0,False,False,False,29.88281,357.8906
PB,Terrorist,884.562,378.084,92.8757,AWP,100,100,-16.63784,43.86611,0,False,False,False,29.88281,357.8906
PB,Terrorist,884.4426,378.7837,92.875,AWP,100,100,5.096839,-8.170167,0,False,False,False,29.88281,357.8906
PB,Terrorist,884.819,378.1423,92.89137,AWP,100,100,2.112308,-3.617121,0,False,False,False,29.88281,357.8906
PB,Terrorist,884.8244,378.133,92.89137,AWP,100,100,0,0,0,False,False,False,29.88281,357.8906
PB,Terrorist,884.8244,378.133,92.89137,AWP,100,100,0,0,0,False,False,False,29.88281,357.8906
PB,Terrorist,884.8244,378.133,92.89137,AWP,100,100,0,0,0,False,False,False,30.23438,358.2422
PB,Terrorist,884.8244,378.133,92.89137,AWP,100,100,0,0,0,False,False,False,30.23438,358.2422
PB,Terrorist,884.8244,378.133,92.89137,AWP,100,100,0,0,0,False,False,False,30.23438,358.2422
PB,Terrorist,884.8244,378.133,92.89137,AWP,100,100,0,0,0,False,False,False,30.23438,358.2422
PB,Terrorist,884.8244,378.133,92.89137,AWP,100,100,0,0,0,False,False,False,30.23438,358.2422
PB,Terrorist,884.8244,378.133,92.89137,AWP,100,100,0,0,0,False,False,False,30.23438,357.8906
PB,Terrorist,884.8244,378.133,92.89137,AWP,100,100,0,0,0,True,False,False,30.23438,357.5391
PB,Terrorist,884.8244,378.133,92.89137,AWP,100,100,0,0,0,True,False,False,30.58594,356.8359
PB,Terrorist,884.8244,378.133,92.89137,AWP,100,100,0,0,0,True,False,False,30.9375,356.4844
PB,Terrorist,884.8244,378.133,92.89137,AWP,100,100,0,0,0,False,False,False,31.28906,356.1328
PB,Terrorist,884.8244,378.133,92.89137,AWP,100,100,0,0,0,False,False,False,31.28906,356.1328
PB,Terrorist,884.8244,378.133,92.89137,AWP,100,100,0,0,0,True,False,False,31.28906,356.1328
PB,Terrorist,884.8244,378.133,92.89137,AWP,100,100,0,0,0,True,False,False,31.64063,356.1328
PB,Terrorist,884.8244,378.133,92.89137,AWP,100,100,0,0,0,False,False,False,31.64063,356.4844
PB,Terrorist,885.8721,378.7781,92.9766,AWP,100,100,27.94873,17.19093,0,False,False,False,31.64063,356.8359
PB,Terrorist,888.5206,380.3999,93.18511,AWP,100,100,53.61578,32.72186,0,False,False,False,31.28906,357.1875
PB,Terrorist,892.6694,382.9224,93.51137,AWP,100,100,66.68166,40.46672,0,False,False,False,30.9375,357.1875
PB,Terrorist,896.8405,385.446,93.83912,AWP,100,100,66.79073,40.28645,0,False,False,False,30.58594,357.1875
PB,Terrorist,901.0209,387.9537,94.16716,AWP,100,100,66.97094,39.98616,0,False,False,False,29.88281,357.1875
PB,Terrorist,905.2131,390.4417,94.49556,AWP,100,100,67.1585,39.67033,0,False,False,False,29.53125,357.1875
PB,Terrorist,909.4177,392.9089,94.82434,AWP,100,100,67.36749,39.31439,0,False,False,False,29.17969,357.1875
PB,Terrorist,913.6362,395.3521,95.15355,AWP,100,100,67.60278,38.9084,0,False,False,False,28.82813,357.1875
PB,Terrorist,917.87,397.7689,95.48321,AWP,100,100,67.8412,38.49118,0,False,False,False,28.47656,357.1875
PB,Terrorist,922.1167,400.1628,95.80985,AWP,100,100,68.02078,38.17294,0,False,False,False,28.47656,357.1875
PB,Terrorist,925.9269,403.1671,96.06122,AWP,100,100,53.99009,56.29449,0,False,False,False,28.47656,357.1875
PB,Terrorist,928.8356,407.0698,96.25311,AWP,100,100,41.55883,66.00654,0,False,False,False,27.42188,357.1875
PB,Terrorist,931.2149,411.3236,96.41008,AWP,100,100,36.27786,69.05011,0,False,False,False,23.55469,357.1875
PB,Terrorist,933.4312,415.6656,96.55629,AWP,100,100,35.23882,69.58611,0,False,False,False,17.92969,357.1875
PB,Terrorist,935.5931,420.0329,96.6835,AWP,100,100,29.93838,72.02564,0,False,False,False,11.25,357.1875
PB,Terrorist,936.8045,424.7453,96.77219,AWP,100,100,12.90569,76.92492,0,False,False,False,5.625,357.1875
PB,Terrorist,937.3616,429.5874,96.80826,AWP,100,100,6.900506,77.69416,0,False,False,False,1.757813,357.1875
PB,Terrorist,937.7147,434.4495,96.65752,AWP,100,100,4.96637,77.84174,0,False,False,False,358.9453,357.1875
PB,Terrorist,938.9455,439.1466,96.21896,AWP,100,100,29.23204,72.31519,0,False,False,False,357.8906,357.1875
PB,Terrorist,941.2813,443.4178,95.6842,AWP,100,100,42.42765,65.45147,0,False,False,False,357.8906,357.1875
PB,Terrorist,944.3778,447.156,95.26736,AWP,100,100,58.7823,51.27028,0,False,False,False,357.8906,357.1875
PB,Terrorist,948.5822,449.5856,95.39289,AWP,100,100,71.919,30.19368,0,False,False,False,358.2422,357.1875
PB,Terrorist,953.2645,450.8973,95.71912,AWP,100,100,77.27463,10.61284,0,False,False,False,2.460938,357.1875
PB,Terrorist,958.1068,450.5514,96.28421,AWP,100,100,76.49963,-15.2252,0,False,False,False,12.30469,357.1875
PB,Terrorist,962.8019,449.2452,96.96195,AWP,100,100,74.50394,-23.09033,0,False,False,False,22.14844,357.1875
PB,Terrorist,967.4471,447.7664,97.65743,AWP,100,100,74.29259,-23.76155,0,False,False,False,27.42188,357.1875
PB,Terrorist,972.0928,446.289,98.1974,AWP,100,100,74.36082,-23.54714,0,False,False,False,27.77344,357.1875
PB,Terrorist,976.7423,444.8234,98.70826,AWP,100,100,74.41251,-23.38332,0,False,False,False,27.77344,357.1875
PB,Terrorist,981.3945,443.3664,99.21854,AWP,100,100,74.45032,-23.26264,0,False,False,False,27.77344,357.1875
PB,Terrorist,986.0486,441.9157,99.7284,AWP,100,100,74.47804,-23.17373,0,False,False,False,27.77344,357.1875
PB,Terrorist,990.7043,440.4698,100.2379,AWP,100,100,74.49838,-23.10824,0,False,False,False,27.77344,357.1875
PB,Terrorist,995.361,439.0273,100.7472,AWP,100,100,74.51334,-23.05999,0,False,False,False,27.77344,357.1875
PB,Terrorist,1000.018,437.5873,101.2564,AWP,100,100,74.52432,-23.02445,0,False,False,False,27.77344,357.1875
PB,Terrorist,1004.677,436.1517,101.7652,AWP,100,100,74.56837,-22.88138,0,False,False,False,28.82813,357.1875
PB,Terrorist,1009.343,434.7389,102.2725,AWP,100,100,74.74109,-22.31074,0,False,False,False,30.23438,357.1875
PB,Terrorist,1014.025,433.3808,102.776,AWP,100,100,75.06606,-21.19169,0,False,False,False,32.34375,357.1875
PB,Terrorist,1018.731,432.1104,103.2734,AWP,100,100,75.49155,-19.62207,0,False,False,False,34.10156,357.1875
PB,Terrorist,1023.556,432.4515,103.6311,AWP,100,100,76.44096,15.51706,0,False,False,False,35.15625,357.1875
PB,Terrorist,1028.19,433.9421,103.8698,AWP,100,100,72.35215,29.14045,0,False,False,False,35.85938,357.1875
PB,Terrorist,1032.808,435.4707,104.168,AWP,100,100,76.18733,16.71796,0,False,False,False,36.21094,357.1875
PB,Terrorist,1037.643,436.0531,104.5747,AWP,100,100,77.85067,4.824234,0,False,False,False,36.5625,357.1875
PB,Terrorist,1042.517,436.1463,105.0302,AWP,100,100,77.99787,-0.5758178,0,False,False,False,36.91406,357.1875
PB,Terrorist,1047.389,435.9978,105.508,AWP,100,100,77.91944,-3.544096,0,False,False,False,37.26563,357.1875
PB,Terrorist,1052.256,435.709,105.9982,AWP,100,100,77.81754,-5.331983,0,False,False,False,37.96875,357.5391
PB,Terrorist,1057.116,435.3356,106.4957,AWP,100,100,77.73882,-6.377717,0,False,False,False,38.67188,357.5391
PB,Terrorist,1061.974,434.9186,106.9969,AWP,100,100,77.70072,-6.826277,0,False,False,False,39.375,357.8906
PB,Terrorist,1066.829,434.4882,107.4992,AWP,100,100,77.6946,-6.895632,0,False,False,False,40.07813,357.8906
PB,Terrorist,1071.686,434.0606,108.0013,AWP,100,100,77.70489,-6.77868,0,False,False,False,40.42969,357.8906
PB,Terrorist,1076.543,433.6443,108.5024,AWP,100,100,77.72388,-6.557402,0,False,False,False,40.78125,357.8906
PB,Terrorist,1081.402,433.2457,109.0021,AWP,100,100,77.75172,-6.218445,0,False,False,False,41.48438,357.8906
PB,Terrorist,1086.262,432.8716,109.4996,AWP,100,100,77.78394,-5.801523,0,False,False,False,41.83594,357.8906
PB,Terrorist,1091.125,432.5246,109.9948,AWP,100,100,77.81559,-5.360424,0,False,False,False,42.1875,357.8906
PB,Terrorist,1095.989,432.2037,110.4878,AWP,100,100,77.84206,-4.961223,0,False,False,False,42.1875,357.8906
PB,Terrorist,1100.857,432.0132,110.9691,AWP,100,100,77.99966,-0.2323204,0,False,False,False,42.89063,357.8906
PB,Terrorist,1105.732,432.0007,111.4345,AWP,100,100,77.99996,-0.07552791,0,False,False,False,43.59375,357.5391
PB,Terrorist,1110.607,432.0002,111.8988,AWP,100,100,77.99999,0,0,False,False,False,44.29688,357.5391
PB,Terrorist,1115.482,432.0003,112.363,AWP,100,100,78,0.02412617,0,False,False,False,45.35156,357.5391
PB,Terrorist,1120.357,432.0072,112.8267,AWP,100,100,77.99976,0.1918928,0,False,False,False,45.70313,357.5391
PB,Terrorist,1125.141,432.3714,113.235,AWP,100,100,71.45476,10.75548,0,False,False,False,46.05469,357.5391
PB,Terrorist,1128.824,432.9258,113.5139,AWP,100,100,49.20539,7.406474,0,False,False,False,46.40625,357.5391
PB,Terrorist,1131.651,433.7982,113.6593,AWP,100,100,49.87664,25.95908,0,False,False,False,47.46093,357.5391
PB,Terrorist,1135.474,435.9481,113.7555,AWP,100,100,70.68753,32.97382,0,False,False,False,50.625,357.5391
PB,Terrorist,1140.035,437.6635,113.9675,AWP,100,100,73.99405,24.6755,0,False,False,False,55.19531,357.5391
PB,Terrorist,1144.692,439.1042,114.2243,AWP,100,100,74.79642,22.12454,0,False,False,False,57.30469,357.5391
PB,Terrorist,1149.382,440.4337,114.4986,AWP,100,100,75.20803,20.68217,0,False,False,False,57.30469,357.5391
PB,Terrorist,1154.093,441.6882,114.7846,AWP,100,100,75.48455,19.64899,0,False,False,False,57.30469,357.5391
PB,Terrorist,1158.906,442.2974,115.164,AWP,100,100,77.97915,-1.803279,0,False,False,False,57.30469,357.5391
PB,Terrorist,1163.703,441.4912,115.7254,AWP,100,100,75.38826,-20.01523,0,False,False,False,57.30469,357.5391
PB,Terrorist,1168.299,439.8738,116.3728,AWP,100,100,72.30407,-29.25956,0,False,False,False,57.30469,357.5391
PB,Terrorist,1172.748,437.8812,117.0548,AWP,100,100,70.42016,-33.54103,0,False,False,False,57.65625,357.5391
PB,Terrorist,1177.104,435.6946,117.7531,AWP,100,100,69.24746,-35.89972,0,False,False,False,58.35937,357.5391
PB,Terrorist,1181.349,433.4393,118.4498,AWP,100,100,63.68148,-34.14866,0,False,False,False,59.76563,357.5391
PB,Terrorist,1184.397,432.0528,118.9198,AWP,100,100,28.61219,2.757746,0,False,False,False,60.82031,357.1875
PB,Terrorist,1184.693,432.3654,118.9074,AWP,100,100,0,0,0,False,False,False,61.17188,357.1875
PB,Terrorist,1184.693,432.3654,118.9074,AWP,100,100,0,0,0,False,False,False,61.17188,357.1875
PB,Terrorist,1184.908,432.7569,118.8772,AWP,100,100,8.282495,15.06022,0,False,False,False,61.17188,357.1875
PB,Terrorist,1185.815,434.4067,118.7497,AWP,100,100,19.36598,35.21354,0,False,False,False,61.17188,357.1875
PB,Terrorist,1187.414,437.3166,118.5248,AWP,100,100,30.39767,55.39526,0,False,False,False,61.52344,357.1875
PB,Terrorist,1189.648,441.4107,118.2068,AWP,100,100,36.32403,66.7786,0,False,False,False,62.57813,357.1875
PB,Terrorist,1191.54,444.8874,117.9363,AWP,100,100,25.55457,46.97989,0,False,False,False,63.28125,357.1875
PB,Terrorist,1192.759,447.1287,117.7618,AWP,100,100,14.80337,27.21472,0,False,False,False,63.28125,357.1875
PB,Terrorist,1193.306,448.1348,117.6835,AWP,100,100,4.052164,7.449554,0,False,False,False,63.28125,357.1875
PB,Terrorist,1193.828,447.9465,117.7577,AWP,100,100,19.26383,-9.687425,0,False,False,False,63.28125,357.1875
PB,Terrorist,1195.974,446.8672,118.102,AWP,100,100,46.06568,-23.16558,0,False,False,False,63.28125,357.1875
PB,Terrorist,1199.795,444.9459,118.5397,AWP,100,100,72.77332,-36.59635,0,False,False,False,63.28125,357.1875
PB,Terrorist,1205.152,442.2521,119.1519,AWP,100,100,94.78954,-47.66789,0,False,False,False,63.28125,357.1875
PB,Terrorist,1211.671,438.9734,119.8971,AWP,100,100,111.0057,-55.8227,0,False,False,False,63.28125,357.1875
PB,Terrorist,1217.416,436.0836,120.5537,AWP,100,100,64.05652,-32.28006,0,False,False,False,63.63281,357.1875
PB,Terrorist,1219.06,435.2426,120.7435,AWP,100,100,-3.021587,1.255963,0,False,False,False,63.98437,357.1875
PB,Terrorist,1218.971,435.2856,120.7336,AWP,100,100,0,0,0,False,False,False,64.6875,357.1875
PB,Terrorist,1218.971,435.2856,120.7336,AWP,100,100,0,0,0,False,False,False,64.6875,357.1875
PB,Terrorist,1218.971,435.2856,120.7336,AWP,100,100,0,0,0,False,False,False,64.33594,357.1875
PB,Terrorist,1218.971,435.2856,120.7336,AWP,100,100,0,0,0,False,False,False,63.98437,357.1875
PB,Terrorist,1218.971,435.2856,120.7336,AWP,100,100,0,0,0,False,False,False,63.98437,357.1875
PB,Terrorist,1218.971,435.2856,120.7336,AWP,100,100,0,0,0,False,False,False,63.98437,357.1875
PB,Terrorist,1220.078,434.7494,120.8574,AWP,100,100,29.58863,-14.18225,0,False,False,False,65.03906,357.1875
PB,Terrorist,1222.897,433.4489,121.1645,AWP,100,100,57.31998,-25.64433,0,False,False,False,67.85156,357.5391
PB,Terrorist,1227.466,432.0149,121.5747,AWP,100,100,84.84474,-2.093275,0,False,False,False,71.36719,357.5391
PB,Terrorist,1233.09,432.0149,121.8508,AWP,100,100,82.77363,0,0,False,False,False,73.125,357.5391
PB,Terrorist,1237.442,432.0149,122.0645,AWP,100,100,59.74393,0,0,False,False,False,73.47656,357.5391
PB,Terrorist,1240.385,432.0149,122.209,AWP,100,100,37.24393,0,0,False,False,False,73.47656,357.5391
PB,Terrorist,1243.298,432.0003,122.3537,AWP,100,100,58.79243,0,0,False,False,False,73.47656,357.5391
PB,Terrorist,1247.951,432.0003,122.5822,AWP,100,100,86.32713,0,0,False,False,False,75.23438,357.5391
PB,Terrorist,1254.159,432.0003,122.887,AWP,100,100,108.5533,0,0,False,False,False,78.75,357.5391
PB,Terrorist,1261.264,432.0003,123.2359,AWP,100,100,106.6757,0,0,False,False,False,81.21094,357.5391
PB,Terrorist,1266.899,432.0003,123.5126,AWP,100,100,78.57262,0,0,False,False,False,81.5625,357.8906
PB,Terrorist,1271.01,432.0003,123.7144,AWP,100,100,55.91517,0,0,False,False,False,80.85938,358.2422
PB,Terrorist,1273.714,432.0003,123.8344,AWP,100,100,33.41517,0,0,False,False,False,80.85938,358.5938
PB,Terrorist,1275.012,432.0003,123.9109,AWP,100,100,10.91517,0,0,False,False,False,80.15625,358.5938
PB,Terrorist,1275.136,432.0003,123.9109,AWP,100,100,0,0,0,False,False,False,79.80469,358.5938
PB,Terrorist,1275.136,432.0003,123.9109,AWP,100,100,0,0,0,False,False,False,79.45313,358.5938
PB,Terrorist,1275.136,432.0003,123.9109,AWP,100,100,0,0,0,False,False,False,79.45313,358.5938
PB,Terrorist,1275.136,432.0003,123.9109,AWP,100,100,0,0,0,False,False,False,79.45313,358.5938
PB,Terrorist,1275.136,432.0003,123.9109,AWP,100,100,0,0,0,False,False,False,79.45313,358.5938
PB,Terrorist,1275.136,432.0003,123.9109,AWP,100,100,0,0,0,False,False,False,79.45313,358.5938
PB,Terrorist,1275.136,432.0003,123.9109,AWP,100,100,0,0,0,False,False,False,79.45313,358.5938
PB,Terrorist,1275.136,432.0003,123.9109,AWP,100,100,0,0,0,False,False,False,79.10156,358.5938
PB,Terrorist,1275.136,432.0003,123.9109,AWP,100,100,0,0,0,False,False,False,79.10156,358.5938
PB,Terrorist,1275.136,432.0003,123.9109,AWP,100,100,0,0,0,False,False,False,79.10156,358.5938
PB,Terrorist,1275.136,432.0003,123.9109,AWP,100,100,0,0,0,False,False,False,78.39844,358.5938
PB,Terrorist,1275.136,432.0003,123.9109,AWP,100,100,0,0,0,False,False,False,76.28906,357.8906
PB,Terrorist,1275.136,432.0003,123.9109,AWP,100,100,0,0,0,False,False,False,72.42188,357.5391
PB,Terrorist,1274.964,432.0645,123.9005,AWP,100,100,-13.75402,5.152626,0,False,False,False,69.60938,357.1875
PB,Terrorist,1272.539,432.9658,123.6646,AWP,100,100,-58.31602,21.5989,0,False,False,False,69.60938,356.4844
PB,Terrorist,1267.388,434.8985,123.1611,AWP,100,100,-99.64933,38.04309,0,False,False,False,67.5,358.9453
PB,Terrorist,1260.05,437.7994,122.4248,AWP,100,100,-129.8342,52.38095,0,False,False,False,66.79688,359.6484
PB,Terrorist,1251.111,441.4419,121.5137,AWP,100,100,-152.3419,62.29439,0,False,False,False,67.5,0
PB,Terrorist,1240.978,445.5979,120.4774,AWP,100,100,-168.9718,69.47348,0,False,False,False,67.5,359.6484
PB,Terrorist,1229.969,450.1362,119.3485,AWP,100,100,-181.1895,74.83624,0,False,False,False,67.14844,358.5938
PB,Terrorist,1220.002,454.9366,118.2369,AWP,100,100,0,78.25475,0,False,False,False,64.6875,357.1875
PB,Terrorist,1219.031,460.1063,117.519,AWP,100,100,-7.660006,86.33116,0,False,False,False,61.17188,356.1328
PB,Terrorist,1216.835,465.6739,116.6895,AWP,100,100,-44.23974,85.326,0,False,False,False,60.46875,355.7813
PB,Terrorist,1216.455,468.9753,116.2429,AWP,100,100,20.19504,27.95426,0,False,False,False,60.11719,355.7813
PB,Terrorist,1218.836,469.3767,116.3077,AWP,100,100,37.98495,0.1206586,0,False,False,False,62.22656,356.1328
PB,Terrorist,1220.419,469.3817,116.3719,AWP,100,100,15.48507,0.04918807,0,False,False,False,63.28125,356.4844
PB,Terrorist,1219.854,469.8125,116.3012,AWP,100,100,-29.49038,15.41172,0,False,False,False,63.28125,356.4844
PB,Terrorist,1217.128,471.2148,115.9856,AWP,100,100,-40.72316,20.90022,0,False,False,False,63.28125,356.4844
PB,Terrorist,1215.873,471.8603,115.8333,AWP,100,100,7.807634,-3.950108,0,False,False,False,63.28125,356.4844
PB,Terrorist,1217.851,470.8595,116.0672,AWP,100,100,50.19194,-25.39355,0,False,False,False,63.28125,356.4844
PB,Terrorist,1222.45,468.5326,116.5946,AWP,100,100,90.78118,-45.92882,0,False,False,False,63.28125,356.4844
PB,Terrorist,1229.26,465.0874,117.3616,AWP,100,100,121.7154,-61.57933,0,False,False,False,63.28125,356.4844
PB,Terrorist,1234.483,462.4441,117.9392,AWP,100,100,46.58176,-23.63178,0,False,False,False,63.28125,356.1328
PB,Terrorist,1234.726,462.3118,117.9676,AWP,100,100,-20.95051,10.4033,0,False,False,False,63.63281,356.1328
PB,Terrorist,1231.982,463.6753,117.6681,AWP,100,100,-55.6446,27.6626,0,False,False,False,63.63281,356.1328
PB,Terrorist,1229.274,465.0215,117.3725,AWP,100,100,-27.67719,13.72048,0,False,False,False,63.28125,356.1328
PB,Terrorist,1229.859,464.7116,117.4394,AWP,100,100,29.73609,-15.39762,0,False,False,False,62.57813,356.4844
PB,Terrorist,1231.698,463.7591,117.6463,AWP,100,100,21.40902,-11.09055,0,False,False,False,62.57813,356.4844
PB,Terrorist,1232.334,463.4297,117.7075,AWP,100,100,1.430571,-0.741081,0,False,False,False,62.57813,356.4844
PB,Terrorist,1232.334,463.4297,117.7075,AWP,100,100,0,0,0,False,False,False,62.57813,356.8359
PB,Terrorist,1232.334,463.4297,117.7075,AWP,100,100,0,0,0,False,False,False,62.57813,356.8359
PB,Terrorist,1232.334,463.4297,117.7075,AWP,100,100,0,0,0,False,False,False,62.57813,356.8359
PB,Terrorist,1231.671,463.7749,117.643,AWP,100,100,-22.44936,11.69398,0,False,False,False,62.57813,356.8359
PB,Terrorist,1230.288,464.4956,117.4867,AWP,100,100,-14.13478,7.362873,0,False,False,False,62.57813,356.8359
PB,Terrorist,1230.028,464.631,117.4573,AWP,100,100,0,0,0,False,False,False,62.57813,356.8359
PB,Terrorist,1230.028,464.631,117.4573,AWP,100,100,0,0,0,False,False,False,62.92969,356.8359
PB,Terrorist,1230.028,464.631,117.4573,AWP,100,100,0,0,0,False,False,False,62.92969,356.8359
PB,Terrorist,1230.028,464.631,117.4573,AWP,100,100,0,0,0,False,False,False,62.92969,356.8359
PB,Terrorist,1230.028,464.631,117.4573,AWP,100,100,0,0,0,False,False,False,62.92969,356.8359
PB,Terrorist,1229.584,464.8573,117.408,AWP,100,100,-13.36197,6.816002,0,False,False,False,62.92969,356.8359
PB,Terrorist,1229.362,464.9705,117.3833,AWP,100,100,0,0,0,False,False,False,62.92969,356.8359
PB,Terrorist,1229.362,464.9705,117.3833,AWP,100,100,0,0,0,False,False,False,62.92969,356.8359
PB,Terrorist,1229.362,464.9705,117.3833,AWP,100,100,0,0,0,False,False,False,62.92969,356.8359
PB,Terrorist,1229.362,464.9705,117.3833,AWP,100,100,0,0,0,False,False,False,62.92969,356.8359
PB,Terrorist,1229.362,464.9705,117.3833,AWP,100,100,0,0,0,False,False,False,62.92969,356.8359
PB,Terrorist,1229.362,464.9705,117.3833,AWP,100,100,0,0,0,False,False,False,62.92969,356.8359
PB,Terrorist,1229.362,464.9705,117.3833,AWP,100,100,0,0,0,False,False,False,62.92969,356.8359
PB,Terrorist,1229.362,464.9705,117.3833,AWP,100,100,0,0,0,False,False,False,62.92969,356.8359
PB,Terrorist,1229.362,464.9705,117.3833,AWP,100,100,0,0,0,False,False,False,62.92969,356.8359
PB,Terrorist,1229.362,464.9705,117.3833,AWP,100,100,0,0,0,False,False,False,62.92969,356.8359
PB,Terrorist,1229.362,464.9705,117.3833,AWP,100,100,0,0,0,False,False,False,62.92969,356.8359
PB,Terrorist,1229.362,464.9705,117.3833,AWP,100,100,0,0,0,False,False,False,62.92969,356.8359
PB,Terrorist,1229.362,464.9705,117.3833,AWP,100,100,0,0,0,False,False,False,62.92969,356.8359
PB,Terrorist,1229.362,464.9705,117.3833,AWP,100,100,0,0,0,False,False,False,62.92969,356.8359
PB,Terrorist,1229.362,464.9705,117.3833,AWP,100,100,0,0,0,False,False,False,62.92969,356.8359
PB,Terrorist,1229.362,464.9705,117.3833,AWP,100,100,0,0,0,False,False,False,62.92969,356.8359
PB,Terrorist,1229.362,464.9705,117.3833,AWP,100,100,0,0,0,False,False,False,62.92969,356.8359
PB,Terrorist,1229.446,465.1335,117.3597,AWP,100,100,6.674003,13.08359,0,False,False,False,62.92969,356.8359
PB,Terrorist,1230.621,467.4387,117.0266,AWP,100,100,28.25801,55.39648,0,False,False,False,62.92969,356.8359
PB,Terrorist,1233.122,472.3399,116.3182,AWP,100,100,48.47228,95.02416,0,False,False,False,62.92969,356.8359
PB,Terrorist,1236.708,479.3704,115.302,AWP,100,100,63.63464,124.7482,0,False,False,False,62.92969,356.8359
PB,Terrorist,1241.095,487.9711,114.2913,AWP,100,100,74.80254,146.6416,0,False,False,False,62.92969,356.8359
PB,Terrorist,1246.072,497.7283,114.0329,AWP,100,100,83.02832,162.7673,0,False,False,False,62.92969,356.8359
PB,Terrorist,1251.518,508.2977,113.7545,AWP,100,100,93.43406,169.5504,0,False,False,False,62.92969,356.8359
PB,Terrorist,1258.601,517.9508,113.5631,AWP,100,100,127.2898,143.8519,0,False,False,False,62.92969,356.8359
PB,Terrorist,1267.472,526.2464,115.0602,AWP,100,100,152.2265,124.9234,0,False,False,False,62.92969,356.8359
PB,Terrorist,1277.601,533.5013,116.5769,AWP,100,100,167.6806,109.0102,0,False,False,False,62.92969,356.8359
PB,Terrorist,1287.637,540.9313,117.7029,AWP,100,100,152.468,129.4354,0,False,False,False,62.92969,356.8359
PB,Terrorist,1296.583,549.653,118.8738,AWP,100,100,136.3329,146.333,0,False,False,False,63.28125,356.8359
PB,Terrorist,1304.638,559.2065,120.1565,AWP,100,100,123.6069,157.2302,0,False,False,False,63.28125,356.8359
PB,Terrorist,1311.802,569.3718,121.4522,AWP,100,100,99.28641,168.8447,0,False,False,False,63.28125,356.8359
PB,Terrorist,1316.342,580.4357,122.599,AWP,100,100,53.93719,182.7608,0,False,False,False,63.28125,356.8359
PB,Terrorist,1318.487,592.2346,123.9565,AWP,100,100,20.53494,193.0107,0,False,False,False,63.28125,356.8359
PB,Terrorist,1318.871,604.5711,125.4765,AWP,100,100,-3.830476,199.9633,0,False,False,False,62.57813,356.8359
PB,Terrorist,1318.018,617.0386,126.6631,AWP,100,100,-20.28287,198.9688,0,False,False,False,61.52344,357.1875
PB,Terrorist,1316.397,629.4282,127.7739,AWP,100,100,-24.60334,197.9747,0,False,False,False,60.82031,357.1875
PB,Terrorist,1316.206,641.8527,128.8732,AWP,100,100,12.18276,199.3,0,False,False,False,60.11719,357.1875
PB,Terrorist,1317.077,654.3188,129.8167,AWP,100,100,6.085572,199.9074,0,False,False,False,58.71093,357.1875
PB,Terrorist,1316.891,666.8147,130.9214,AWP,100,100,-9.027029,199.7962,0,False,False,False,57.30469,357.1875
PB,Terrorist,1315.969,679.2796,132.1337,AWP,100,100,-18.51253,199.1414,0,False,False,False,56.25,357.1875
PB,Terrorist,1314.611,691.7052,133.4083,AWP,100,100,-23.77836,198.5815,0,False,False,False,55.19531,357.5391
PB,Terrorist,1313.014,704.1027,134.716,AWP,100,100,-26.64082,198.2177,0,False,False,False,54.49219,357.5391
PB,Terrorist,1312.002,716.5244,135.9961,AWP,100,100,0,199.9675,0,False,False,False,53.08593,357.8906
PB,Terrorist,1312.002,729.0244,137.142,AWP,100,100,0,199.9976,0,False,False,False,51.32813,357.8906
PB,Terrorist,1312.002,741.5244,138.2878,AWP,100,100,0,199.999,0,False,False,False,49.57031,358.2422
PB,Terrorist,1312.002,754.0244,139.4336,AWP,100,100,0,199.9994,0,False,False,False,48.51563,358.2422
PB,Terrorist,1312.002,765.3525,140.472,AWP,100,100,0,149.9997,0,False,False,False,47.8125,358.5938
PB,Terrorist,1312.002,774.7275,141.3314,AWP,100,100,0,149.9998,0,False,False,False,47.46093,358.5938
PB,Terrorist,1312.001,784.0583,142.1867,AWP,100,100,0,146.2531,0,True,False,False,47.10937,358.5938
PB,Terrorist,1312,792.2772,142.9401,AWP,100,100,0,112.2786,0,True,False,False,47.10937,358.5938
PB,Terrorist,1312,797.4331,143.4686,AWP,100,100,0,61.93746,0,True,False,False,46.40625,358.5938
PB,Terrorist,1312,800.4049,143.8566,AWP,100,100,0,37.65157,0,True,False,False,46.05469,358.2422
PB,Terrorist,1312,801.9669,144.0451,AWP,100,100,0,15.15157,0,True,False,False,45.70313,358.2422
PB,Terrorist,1312,802.2291,144.0897,AWP,100,100,0,0,0,True,False,False,45.70313,358.2422
PB,Terrorist,1312,802.2291,144.0897,AWP,100,100,0,0,0,False,False,False,45.70313,358.5938
PB,Terrorist,1312,802.2291,144.0897,AWP,100,100,0,0,0,False,False,False,46.05469,358.5938
PB,Terrorist,1312,802.2291,144.0897,AWP,100,100,0,0,0,False,False,False,46.05469,358.9453
PB,Terrorist,1312,802.2291,144.0897,AWP,100,100,0,0,0,False,False,False,46.05469,359.2969
PB,Terrorist,1312,802.2291,144.0897,AWP,100,100,0,0,0,False,False,False,46.05469,359.6484
PB,Terrorist,1312,802.2291,144.0897,AWP,100,100,0,0,0,False,False,False,46.05469,359.6484
PB,Terrorist,1312,802.2291,144.0897,AWP,100,100,0,0,0,False,False,False,46.05469,359.6484
PB,Terrorist,1312,802.2291,144.0897,AWP,100,100,0,0,0,False,False,False,46.05469,359.6484
PB,Terrorist,1312.853,803.1163,144.1275,AWP,100,100,22.73902,23.6558,0,False,False,False,46.05469,359.6484
PB,Terrorist,1315.206,804.9204,144.1657,AWP,100,100,51.91579,25.90081,0,False,False,False,46.05469,359.6484
PB,Terrorist,1319.558,806.2841,143.9572,AWP,100,100,82.87743,19.30985,0,False,False,False,46.05469,359.2969
PB,Terrorist,1325.629,807.3314,143.5179,AWP,100,100,107.1406,14.96229,0,False,False,False,46.05469,359.2969
PB,Terrorist,1332.981,808.1489,142.9246,AWP,100,100,125.0118,11.75836,0,False,False,False,46.05469,359.2969
PB,Terrorist,1341.232,808.9039,142.2367,AWP,100,100,134.2576,18.44372,0,False,False,False,46.05469,359.2969
PB,Terrorist,1349.502,811.0942,141.7423,AWP,100,100,130.9619,46.70187,0,False,False,False,46.05469,359.2969
PB,Terrorist,1357.598,814.7774,141.4677,AWP,100,100,128.5344,67.51557,0,False,False,False,46.05469,359.2969
PB,Terrorist,1365.552,819.5512,141.3552,AWP,100,100,125.554,82.07435,0,False,False,False,46.05469,359.2969
PB,Terrorist,1373.19,824.984,141.4518,AWP,100,100,119.8185,90.2415,0,False,False,False,46.05469,359.2969
PB,Terrorist,1379.707,831.3143,142.1776,AWP,100,100,90.43836,110.7566,0,False,False,False,46.05469,359.2969
PB,Terrorist,1384.452,838.8577,143.1055,AWP,100,100,65.73723,127.6728,0,False,False,False,46.05469,359.2969
PB,Terrorist,1387.901,847.295,144.1821,AWP,100,100,47.88368,140.1373,0,False,False,False,45.35156,358.9453
PB,Terrorist,1390.418,856.3078,145.3564,AWP,100,100,34.85088,145.8952,0,False,False,False,43.94531,358.9453
PB,Terrorist,1392.272,865.4963,145.6882,AWP,100,100,26.27167,147.6814,0,False,False,False,42.1875,358.9453
PB,Terrorist,1393.213,874.6791,145.9767,AWP,100,100,-0.04747868,145.277,0,False,False,False,40.78125,359.2969
PB,Terrorist,1392.116,883.6448,146.5692,AWP,100,100,-29.75828,142.2458,0,False,False,False,39.72656,359.2969
PB,Terrorist,1389.468,892.466,147.5917,AWP,100,100,-51.14777,140.4243,0,False,False,False,39.02344,359.2969
PB,Terrorist,1385.764,901.0746,148.8323,AWP,100,100,-64.57967,135.3864,0,False,False,False,37.96875,359.2969
PB,Terrorist,1381.44,909.3423,150.2695,AWP,100,100,-69.42047,126.5896,0,False,False,False,37.26563,359.2969
PB,Terrorist,1378.382,915.2214,151.3437,AWP,100,100,-29.57355,64.58059,0,False,False,False,36.91406,359.2969
PB,Terrorist,1377.612,917.4517,151.6828,AWP,100,100,-6.471539,22.34214,0,False,False,False,36.91406,359.2969
PB,Terrorist,1377.429,918.0826,151.762,AWP,100,100,0,0,0,False,False,False,37.26563,359.6484
PB,Terrorist,1377.283,918.2747,151.8159,AWP,100,100,-8.533828,11.1771,0,False,False,False,37.26563,359.6484
PB,Terrorist,1376.289,919.8691,152.136,AWP,100,100,-14.56953,38.44865,0,False,False,False,36.21094,359.6484
PB,Terrorist,1375.864,923.3252,152.5272,AWP,100,100,-1.553843,68.12084,0,False,False,False,33.75,359.6484
PB,Terrorist,1376.153,928.5552,152.956,AWP,100,100,9.444153,94.74376,0,False,False,False,30.23438,359.6484
PB,Terrorist,1377.143,935.1799,153.39,AWP,100,100,20.88732,113.7198,0,False,False,False,25.66406,359.6484
PB,Terrorist,1377.562,942.7353,154.0093,AWP,100,100,-2.792479,126.1195,0,False,False,False,21.79688,359.6484
PB,Terrorist,1376.839,950.9895,154.8925,AWP,100,100,-17.26063,136.4086,0,False,False,False,17.57813,359.6484
PB,Terrorist,1375.459,959.8221,155.9437,AWP,100,100,-24.98112,144.9045,0,False,False,False,13.71094,359.6484
PB,Terrorist,1373.804,969.0273,157.0771,AWP,100,100,-26.74551,147.5963,0,False,False,False,9.84375,359.6484
PB,Terrorist,1372.187,978.2617,157.9992,AWP,100,100,-24.85512,147.9264,0,False,False,False,6.328125,359.6484
PB,Terrorist,1370.756,987.5267,158.1456,AWP,100,100,-21.21005,148.4929,0,False,False,False,3.515625,359.6484
PB,Terrorist,1369.578,996.827,158.2536,AWP,100,100,-17.05356,149.0274,0,False,False,False,2.109375,359.6484
PB,Terrorist,1368.697,1003.968,158.3343,AWP,100,100,-11.74601,79.33591,0,False,False,False,1.40625,359.6484
PB,Terrorist,1368.159,1006.295,158.3751,AWP,100,100,-5.311355,4.884204,0,False,False,False,1.054688,359.6484
PB,Terrorist,1368.122,1006.458,158.3751,AWP,100,100,-0.169042,10.31111,0,False,False,False,1.054688,359.6484
PB,Terrorist,1368.098,1008.157,158.3751,AWP,100,100,-0.4954368,40.30928,0,False,False,False,0.3515625,0.3515625
PB,Terrorist,1368.076,1011.732,158.35,AWP,100,100,-0.1025058,70.30843,0,False,False,False,359.2969,0.703125
PB,Terrorist,1368.116,1017.126,158.2866,AWP,100,100,1.343384,97.70303,0,False,False,False,357.5391,0.703125
PB,Terrorist,1368.267,1023.979,158.1968,AWP,100,100,3.334437,118.006,0,False,False,False,356.4844,0.703125
PB,Terrorist,1368.569,1031.901,158.0814,AWP,100,100,6.12636,132.8725,0,False,False,False,354.7266,0.703125
PB,Terrorist,1369.056,1040.605,157.9405,AWP,100,100,8.965149,143.7552,0,False,False,False,354.375,0.703125
PB,Terrorist,1369.691,1049.854,158.0174,AWP,100,100,10.873,149.6054,0,False,False,False,354.375,0.703125
PB,Terrorist,1370.407,1059.202,158.3681,AWP,100,100,11.85166,149.5311,0,False,False,False,354.375,0.703125
PB,Terrorist,1371.174,1068.545,158.7152,AWP,100,100,12.56924,149.4725,0,False,False,False,354.375,0.703125
PB,Terrorist,1371.979,1077.886,159.0595,AWP,100,100,13.09641,149.4272,0,False,False,False,354.375,0.703125
PB,Terrorist,1372.811,1087.224,159.4018,AWP,100,100,13.48413,149.3927,0,False,False,False,354.375,0.703125
PB,Terrorist,1373.456,1094.415,159.6652,AWP,100,100,6.871666,78.62645,0,False,False,False,354.375,0.703125
PB,Terrorist,1373.645,1096.695,159.7446,AWP,100,100,0.1427817,3.782354,0,False,False,False,354.7266,0.703125
PB,Terrorist,1373.718,1097.469,159.7641,AWP,100,100,2.565491,26.15791,0,False,False,False,354.0234,0.703125
PB,Terrorist,1374.003,1100.152,159.8576,AWP,100,100,6.232377,55.93437,0,False,False,False,352.9688,0.703125
PB,Terrorist,1374.543,1104.687,160.0004,AWP,100,100,10.54832,85.20393,0,False,False,False,351.9141,0.703125
PB,Terrorist,1375.336,1110.865,159.9456,AWP,100,100,14.19071,108.4108,0,False,False,False,351.9141,0.703125
PB,Terrorist,1376.28,1117.971,159.8804,AWP,100,100,14.23808,106.7295,0,False,False,False,351.9141,0.703125
PB,Terrorist,1376.978,1123.17,159.8322,AWP,100,100,10.51864,77.2875,0,False,False,False,351.5625,0.703125
PB,Terrorist,1377.65,1127.998,159.7858,AWP,100,100,10.93499,77.22969,0,False,False,False,350.8594,0.703125
PB,Terrorist,1378.928,1132.679,159.6975,AWP,100,100,31.37414,71.41193,0,False,False,False,350.5078,0.703125
PB,Terrorist,1381.499,1136.809,159.5124,AWP,100,100,47.21243,62.08854,0,False,False,False,349.8047,0.703125
PB,Terrorist,1384.754,1140.434,159.2538,AWP,100,100,54.86352,55.44361,0,False,False,False,349.4531,0.703125
PB,Terrorist,1388.315,1143.762,159.0763,AWP,100,100,58.29962,51.81847,0,False,False,False,349.1016,0.703125
PB,Terrorist,1392.032,1146.916,159.2513,AWP,100,100,60.2661,49.51765,0,False,False,False,349.1016,0.703125
PB,Terrorist,1395.847,1149.95,159.4174,AWP,100,100,61.57912,47.87496,0,False,False,False,348.75,0.703125
PB,Terrorist,1399.619,1153.031,159.5871,AWP,100,100,55.35965,54.94825,0,False,False,False,348.3984,0.703125
PB,Terrorist,1402.505,1156.945,159.8203,AWP,100,100,39.80826,67.07684,0,False,False,False,348.3984,0.703125
PB,Terrorist,1404.622,1161.332,160.0921,AWP,100,100,30.27917,71.88304,0,False,False,False,348.0469,0.703125
PB,Terrorist,1406.557,1165.801,160.3709,AWP,100,100,37.32807,68.48806,0,False,False,False,348.0469,0.703125
PB,Terrorist,1409.428,1169.73,160.4902,AWP,100,100,51.25363,58.79682,0,False,False,False,347.6953,0.703125
PB,Terrorist,1412.886,1173.162,160.4582,AWP,100,100,57.64669,52.54387,0,False,False,False,347.3438,0.703125
PB,Terrorist,1416.602,1176.317,160.4238,AWP,100,100,60.60619,49.10082,0,False,False,False,346.9922,0.703125
PB,Terrorist,1420.457,1179.301,160.3881,AWP,100,100,62.39972,46.80036,0,False,False,False,346.6406,0.703125
PB,Terrorist,1424.403,1182.164,160.3516,AWP,100,100,63.65832,45.07347,0,False,False,False,345.9375,1.054688
PB,Terrorist,1428.417,1184.931,160.3144,AWP,100,100,64.60667,43.70329,0,False,False,False,345.5859,1.054688
PB,Terrorist,1432.481,1187.623,160.2512,AWP,100,100,65.33331,42.60936,0,False,False,False,345.5859,1.054688
PB,Terrorist,1436.585,1190.254,159.9948,AWP,100,100,65.89418,41.73676,0,False,False,False,345.2344,1.054688
PB,Terrorist,1440.72,1192.836,159.7363,AWP,100,100,66.35431,41.00129,0,False,False,False,344.8828,1.054688
PB,Terrorist,1444.88,1195.377,159.4763,AWP,100,100,66.71845,40.40604,0,False,False,False,344.8828,1.054688
PB,Terrorist,1449.06,1197.886,159.2151,AWP,100,100,66.9896,39.9549,0,False,False,False,344.5313,1.054688
PB,Terrorist,1453.255,1200.37,158.9514,AWP,100,100,67.22884,39.55102,0,False,False,False,344.1797,1.054688
PB,Terrorist,1457.467,1202.825,158.6786,AWP,100,100,67.52039,39.05121,0,False,False,False,343.4766,1.054688
PB,Terrorist,1461.7,1205.243,158.568,AWP,100,100,67.9021,38.38367,0,False,False,False,342.4219,1.054688
PB,Terrorist,1465.957,1207.618,158.6979,AWP,100,100,68.27429,37.71765,0,False,False,False,342.4219,1.054688
PB,Terrorist,1470.234,1209.957,158.8258,AWP,100,100,68.5441,37.22507,0,False,False,False,342.4219,1.054688
PB,Terrorist,1474.526,1212.27,158.9523,AWP,100,100,68.73959,36.86283,0,False,False,False,342.4219,1.054688
PB,Terrorist,1478.827,1214.564,159.0621,AWP,100,100,68.88198,36.59608,0,False,False,False,342.4219,1.054688
PB,Terrorist,1483.136,1216.844,159.1869,AWP,100,100,68.98604,36.39954,0,False,False,False,342.4219,1.054688
PB,Terrorist,1487.45,1219.114,159.3111,AWP,100,100,69.06227,36.2547,0,False,False,False,342.4219,1.054688
PB,Terrorist,1491.768,1221.375,162.0313,AWP,100,100,69.11729,36.14969,0,False,False,False,342.4219,1.054688
PB,Terrorist,1496.09,1223.632,162.0313,AWP,100,100,69.15583,36.07592,0,False,False,False,342.4219,1.054688
PB,Terrorist,1500.413,1225.884,162.0313,AWP,100,100,69.19717,35.99654,0,False,False,False,342.0703,1.054688
PB,Terrorist,1504.906,1227.729,162.0313,AWP,100,100,75.59216,19.23088,0,False,False,False,341.7188,1.054688
PB,Terrorist,1509.746,1228.223,162.0313,AWP,100,100,77.96882,2.20509,0,False,False,False,341.0156,1.054688
PB,Terrorist,1514.568,1228.902,162.0313,AWP,100,100,76.28954,16.24515,0,False,False,False,340.3125,1.054688
PB,Terrorist,1519.277,1230.159,162.0313,AWP,100,100,74.7098,22.41529,0,False,False,False,339.9609,1.054688
PB,Terrorist,1523.907,1231.682,162.0313,AWP,100,100,73.66503,25.64104,0,False,False,False,339.9609,1.054688
PB,Terrorist,1528.484,1233.359,162.0313,AWP,100,100,72.93629,27.64592,0,False,False,False,339.6094,1.054688
PB,Terrorist,1533.025,1235.134,162.0313,AWP,100,100,72.44345,28.91273,0,False,False,False,339.2578,1.054688
PB,Terrorist,1537.54,1236.973,162.0313,AWP,100,100,72.10242,29.75299,0,False,False,False,339.2578,1.054688
PB,Terrorist,1541.596,1238.264,162.0313,AWP,100,100,31.47254,-23.60441,0,False,False,False,338.9063,1.054688
PB,Terrorist,1543.555,1236.794,162.0313,AWP,100,100,31.25261,-23.43946,0,False,False,False,338.9063,1.054688
PB,Terrorist,1545.504,1235.333,162.0313,AWP,100,100,31.1342,-23.35065,0,False,False,False,338.5547,1.054688
PB,Terrorist,1547.449,1233.874,162.0313,AWP,100,100,31.12796,-23.34597,0,False,False,False,338.5547,1.054688
PB,Terrorist,1549.397,1232.413,162.0313,AWP,100,100,31.21075,-23.40806,0,False,False,False,338.2031,1.054688
PB,Terrorist,1551.139,1230.854,162.0313,AWP,100,100,24.84875,-24.84875,0,False,False,False,338.2031,1.054688
PB,Terrorist,1552.551,1229.443,162.0313,AWP,100,100,20.80991,-20.80991,0,False,False,False,338.5547,1.054688
PB,Terrorist,1553.703,1228.29,162.0313,AWP,100,100,16.54356,-16.54356,0,False,False,False,339.2578,1.054688
PB,Terrorist,1554.969,1227.775,162.0313,AWP,100,100,28.02614,1.725534,0,False,False,False,339.6094,1.054688
PB,Terrorist,1557.393,1227.987,162.0313,AWP,100,100,47.14014,0,0,False,False,False,339.6094,1.054688
PB,Terrorist,1561.004,1227.987,162.0313,AWP,100,100,66.03078,0,0,False,False,False,339.6094,1.054688
PB,Terrorist,1565.687,1227.987,162.0313,AWP,100,100,77.96639,0,0,False,False,False,339.6094,1.054688
PB,Terrorist,1570.548,1227.704,162.0313,AWP,100,100,77.39693,-9.68062,0,False,False,False,339.6094,1.054688
PB,Terrorist,1575.346,1226.848,162.0313,AWP,100,100,76.30913,-16.15293,0,False,False,False,339.6094,1.054688
PB,Terrorist,1580.085,1225.706,159.1219,AWP,100,100,75.48341,-19.65337,0,False,False,False,339.6094,1.054688
PB,Terrorist,1584.781,1224.395,158.9324,AWP,100,100,74.86823,-21.88032,0,False,False,False,339.6094,1.054688
PB,Terrorist,1589.443,1222.971,158.7266,AWP,100,100,74.40714,-23.40037,0,False,False,False,339.6094,1.054688
PB,Terrorist,1594.267,1222.408,158.6445,AWP,100,100,77.99779,0.587128,0,False,False,False,339.6094,1.054688
PB,Terrorist,1599.6,1222.941,158.7128,AWP,100,100,92.34955,8.379192,0,False,False,False,339.6094,1.054688
PB,Terrorist,1605.837,1222.87,158.712,AWP,100,100,103.7133,-7.716929,0,False,False,False,339.6094,1.054688
PB,Terrorist,1612.259,1221.936,158.577,AWP,100,100,100.7009,-23.8375,0,False,False,False,339.6094,1.054688
PB,Terrorist,1618.168,1219.351,158.2034,AWP,100,100,89.38154,-53.16899,0,False,False,False,339.6094,1.054688
PB,Terrorist,1623.289,1215.365,157.6273,AWP,100,100,76.34084,-70.62631,0,False,False,False,339.6094,1.054688
PB,Terrorist,1628.072,1211.16,157.0195,AWP,100,100,82.86002,-53.98787,0,False,False,False,339.6094,1.054688
PB,Terrorist,1633.785,1208.916,156.6952,AWP,100,100,97.40661,-23.23425,0,False,False,False,339.2578,1.054688
PB,Terrorist,1640.19,1208.288,156.6045,AWP,100,100,103.9967,-0.8327328,0,False,False,False,338.2031,1.40625
PB,Terrorist,1646.666,1208.786,156.6765,AWP,100,100,103.0868,13.75166,0,False,False,False,336.7969,1.757813
PB,Terrorist,1653.054,1209.977,156.8486,AWP,100,100,101.5393,22.4892,0,False,False,False,336.4453,1.757813
PB,Terrorist,1659.355,1211.569,157.0787,AWP,100,100,100.3185,27.42622,0,False,False,False,336.4453,1.757813
PB,Terrorist,1665.529,1213.571,157.368,AWP,100,100,95.42435,41.35446,0,False,False,False,336.4453,1.757813
PB,Terrorist,1671.02,1217.018,157.8661,AWP,100,100,81.84873,64.16217,0,False,False,False,336.4453,1.757813
PB,Terrorist,1675.798,1221.42,158.5025,AWP,100,100,77.05045,69.85147,0,False,False,False,336.4453,1.40625
PB,Terrorist,1681.061,1225.021,159.0228,AWP,100,100,90.86694,43.53179,0,False,False,False,336.4453,1.40625
PB,Terrorist,1687.198,1226.728,159.2697,AWP,100,100,102.7829,15.86404,0,False,False,False,336.0938,1.40625
PB,Terrorist,1693.684,1226.959,159.303,AWP,100,100,103.8972,-4.622009,0,False,False,False,336.0938,1.40625
PB,Terrorist,1700.131,1226.164,159.1881,AWP,100,100,102.4034,-18.15312,0,False,False,False,336.0938,1.40625
PB,Terrorist,1706.463,1224.705,158.9773,AWP,100,100,100.5056,-26.73247,0,False,False,False,336.0938,1.054688
PB,Terrorist,1713.186,1222.641,158.6604,AWP,100,100,119.6322,-40.31711,0,False,False,False,336.0938,1.054688
PB,Terrorist,1721.569,1219.596,158.0893,AWP,100,100,144.3009,-54.63228,0,False,False,False,336.0938,1.054688
PB,Terrorist,1731.254,1215.792,157.3882,AWP,100,100,162.4398,-65.24573,0,False,False,False,336.0938,1.054688
PB,Terrorist,1741.911,1211.925,156.6628,AWP,100,100,176.5328,-48.01643,0,False,False,False,335.3906,1.054688
PB,Terrorist,1753.351,1210.12,156.2231,AWP,100,100,187.4093,-20.79988,0,False,False,False,335.0391,1.054688
PB,Terrorist,1765.292,1208.057,155.7384,AWP,100,100,193.5727,-41.67141,0,False,False,False,334.3359,1.054688
PB,Terrorist,1777.491,1205.395,155.163,AWP,100,100,197.4345,-31.93123,0,False,False,False,333.6328,1.054688
PB,Terrorist,1789.943,1204.41,154.826,AWP,100,100,199.9438,-4.740369,0,False,False,False,331.875,1.054688
PB,Terrorist,1802.438,1204.692,161.5049,AWP,100,100,199.8635,7.387197,280.1184,False,False,False,330.1172,1.054688
PB,Terrorist,1814.929,1205.154,186.4498,AWP,100,100,199.8635,7.387197,230.1184,False,False,False,327.3047,1.054688
PB,Terrorist,1827.42,1205.616,199.2697,AWP,100,100,199.8635,7.387197,180.1184,False,False,False,323.4375,1.40625
PB,Terrorist,1839.911,1206.078,208.9647,AWP,100,100,199.8635,7.387197,130.1184,False,False,False,320.9766,1.40625
PB,Terrorist,1852.381,1206.75,215.5346,AWP,100,100,199.0724,15.16011,80.11838,False,False,False,320.9766,1.40625
PB,Terrorist,1864.784,1208.085,218.9796,AWP,100,100,197.9396,26.2907,30.11838,False,False,False,320.9766,1.40625
PB,Terrorist,1877.106,1210.206,219.2995,AWP,100,100,196.4021,41.3979,-19.88162,False,False,False,320.9766,1.40625
PB,Terrorist,1889.382,1212.793,216.4945,AWP,100,100,196.4021,41.3979,-69.88162,False,False,False,320.9766,1.40625
PB,Terrorist,1901.657,1215.38,210.5644,AWP,100,100,196.4021,41.3979,-119.8816,False,False,False,320.9766,1.40625
PB,Terrorist,1913.933,1217.967,201.5094,AWP,100,100,196.4021,41.3979,-169.8816,False,False,False,320.625,1.054688
PB,Terrorist,1926.208,1220.554,180.3293,AWP,100,100,196.4021,41.3979,-219.8816,False,False,False,319.9219,0.703125
PB,Terrorist,1938.483,1223.141,165.0243,AWP,100,100,196.4021,41.3979,-269.8816,False,False,False,316.7578,359.6484
PB,Terrorist,1948.344,1224.916,162.4775,AWP,100,100,158.004,22.19744,0,False,False,False,312.1875,358.2422
PB,Terrorist,1958.746,1225.893,163.3794,AWP,100,100,172.914,10.53418,0,False,False,False,308.6719,357.1875
PB,Terrorist,1969.7,1226.154,164.1313,AWP,100,100,140.6067,0.3495443,0,False,False,False,306.2109,356.4844
PB,Terrorist,1978.712,1226.272,164.725,AWP,100,100,144.7064,11.40265,0,False,False,False,305.8594,356.4844
PB,Terrorist,1987.729,1227.864,165.6992,AWP,100,100,143.986,35.3537,0,False,False,False,305.8594,356.4844
PB,Terrorist,1996.713,1227.999,166.2953,AWP,100,100,143.5779,0,0,False,False,False,305.5078,356.8359
PB,Terrorist,2005.679,1227.999,166.5007,AWP,100,100,143.4131,0,0,False,False,False,305.1563,357.1875
PB,Terrorist,2014.604,1227.999,166.5007,AWP,100,100,138.1506,0,0,False,False,False,304.4531,357.5391
PB,Terrorist,2021.294,1227.592,166.3958,AWP,100,100,76.43864,-16.90463,0,False,False,False,303.75,357.8906
PB,Terrorist,2024.848,1226.477,166.1083,AWP,100,100,60.62273,-6.326696,0,False,False,False,303.0469,357.8906
PB,Terrorist,2029.397,1227.063,166.2594,AWP,100,100,82.08917,20.32673,0,False,False,False,302.6953,357.8906
PB,Terrorist,2035.166,1227.996,166.3912,AWP,100,100,99.50746,0,0,False,False,False,302.3438,357.8906
PB,Terrorist,2041.812,1227.996,166.1628,AWP,100,100,106.7732,0,0,False,False,False,301.9922,357.5391
PB,Terrorist,2046.578,1227.47,165.8632,AWP,100,100,47.0024,-18.47262,0,False,False,False,301.2891,357.5391
PB,Terrorist,2047.522,1225.937,165.4356,AWP,100,100,1.475048,-22.10008,0,False,False,False,301.2891,357.5391
PB,Terrorist,2047.561,1225.342,165.281,AWP,100,100,0,0,0,False,False,False,301.2891,357.5391
PB,Terrorist,2047.561,1225.342,165.281,AWP,100,100,0,0,0,False,False,False,300.5859,357.5391
PB,Terrorist,2047.893,1225.53,165.3045,AWP,100,100,15.52235,8.737125,0,False,False,False,299.1797,357.5391
PB,Terrorist,2049.792,1226.576,165.5224,AWP,100,100,41.9672,22.90501,0,False,False,False,298.125,357.5391
PB,Terrorist,2053.347,1227.993,165.7654,AWP,100,100,68.34553,3.100214,0,False,False,False,298.125,357.5391
PB,Terrorist,2058.294,1227.993,165.5954,AWP,100,100,79.30828,0,0,False,False,False,298.125,357.5391
PB,Terrorist,2061.503,1227.534,165.3668,AWP,100,100,22.27402,-15.6407,0,False,False,False,298.125,357.8906
PB,Terrorist,2061.66,1226.723,165.1522,AWP,100,100,-0.03887229,-4.414786,0,False,False,False,298.125,357.8906
PB,Terrorist,2061.66,1226.71,165.1489,AWP,100,100,0,0,0,False,False,False,298.125,357.8906
PB,Terrorist,2061.66,1226.71,165.1489,AWP,100,100,0,0,0,False,False,False,297.7734,357.8906
PB,Terrorist,2061.66,1226.71,165.1489,AWP,100,100,0,0,0,False,False,False,297.7734,358.2422
PB,Terrorist,2062.325,1227.052,165.2143,AWP,100,100,22.53706,11.52355,0,False,False,False,296.7188,358.5938
PB,Terrorist,2064.684,1227.991,165.3751,AWP,100,100,49.48594,2.796112,0,False,False,False,295.3125,358.5938
PB,Terrorist,2068.663,1227.991,165.2383,AWP,100,100,74.75623,0,0,False,False,False,294.2578,358.5938
PB,Terrorist,2074.158,1227.991,165.0494,AWP,100,100,97.17073,0,0,False,False,False,293.9063,358.5938
PB,Terrorist,2080.565,1227.991,164.8292,AWP,100,100,96.40297,0,0,False,False,False,293.5547,358.5938
PB,Terrorist,2084.385,1227.472,164.5641,AWP,100,100,30.26519,-15.49503,0,False,False,False,293.2031,358.5938
PB,Terrorist,2084.674,1226.583,164.325,AWP,100,100,-0.4335805,-6.656833,0,False,False,False,292.8516,358.2422
PB,Terrorist,2084.671,1226.544,164.3152,AWP,100,100,0,0,0,False,False,False,292.5,358.2422
PB,Terrorist,2084.671,1226.544,164.3152,AWP,100,100,0,0,0,False,False,False,292.5,358.2422
PB,Terrorist,2084.671,1226.544,164.3152,AWP,100,100,0,0,0,False,False,False,292.5,358.5938
PB,Terrorist,2085.179,1226.754,164.3517,AWP,100,100,19.93793,8.210999,0,False,False,False,292.5,358.5938
PB,Terrorist,2087.4,1227.669,164.5113,AWP,100,100,47.66853,19.65709,0,False,False,False,292.5,358.5938
PB,Terrorist,2090.703,1227.931,164.4653,AWP,100,100,37.73025,-4.863466,0,False,False,False,292.5,358.5938
PB,Terrorist,2090.87,1227.301,164.2972,AWP,100,100,-16.93341,-11.56991,0,False,False,False,292.5,358.5938
PB,Terrorist,2089.781,1226.687,164.1764,AWP,100,100,-9.588229,-5.336677,0,False,False,False,292.5,358.5938
PB,Terrorist,2089.793,1226.676,164.1645,AWP,100,100,9.564625,3.85559,0,False,False,False,291.7969,358.5938
PB,Terrorist,2091.371,1227.305,164.2811,AWP,100,100,37.47351,14.85989,0,False,False,False,291.4453,358.5938
PB,Terrorist,2094.688,1227.987,164.3429,AWP,100,100,64.8774,0,0,False,False,False,291.0938,358.5938
PB,Terrorist,2098.622,1227.969,164.203,AWP,100,100,48.4801,-2.332414,0,False,False,False,290.7422,358.5938
PB,Terrorist,2099.291,1227.442,164.0439,AWP,100,100,-12.51505,-9.473717,0,False,False,False,290.0391,358.5938
PB,Terrorist,2099.19,1227.314,164.0076,AWP,100,100,9.742068,3.382262,0,False,False,False,288.9844,358.5938
PB,Terrorist,2100.797,1227.866,164.1017,AWP,100,100,38.14219,13.04835,0,False,False,False,288.6328,358.5938
PB,Terrorist,2104.158,1227.994,164.019,AWP,100,100,65.77083,0,0,False,False,False,288.2813,358.5938
PB,Terrorist,2109.016,1227.978,163.848,AWP,100,100,73.29427,-1.99414,0,False,False,False,287.5781,358.5938
PB,Terrorist,2111.069,1227.424,163.6345,AWP,100,100,2.369767,-11.67849,0,False,False,False,287.5781,358.5938
PB,Terrorist,2110.57,1226.975,163.5359,AWP,100,100,-2.612897,-1.904353,0,False,False,False,287.5781,358.5938
PB,Terrorist,2110.57,1226.975,163.5359,AWP,100,100,0,0,0,False,False,False,287.5781,358.5938
PB,Terrorist,2110.57,1226.975,163.5359,AWP,100,100,0,0,0,False,False,False,287.5781,358.5938
PB,Terrorist,2111.094,1227.139,163.5528,AWP,100,100,20.57751,6.442601,0,False,False,False,287.2266,358.5938
PB,Terrorist,2113.389,1227.848,163.6641,AWP,100,100,49.31829,15.04304,0,False,False,False,286.5234,358.9453
PB,Terrorist,2117.471,1227.988,163.5598,AWP,100,100,77.62073,0,0,False,False,False,285.1172,359.2969
PB,Terrorist,2123.208,1227.988,163.3626,AWP,100,100,101.7769,0,0,False,False,False,284.4141,359.6484
PB,Terrorist,2130.227,1228,163.1245,AWP,100,100,119.702,0,0,False,False,False,283.7109,0.3515625
PB,Terrorist,2135.559,1227.77,162.8819,AWP,100,100,52.62197,-8.049694,0,False,False,False,283.0078,1.054688
PB,Terrorist,2136.45,1227.18,162.6992,AWP,100,100,-5.056037,-6.175792,0,False,False,False,281.9531,1.757813
PB,Terrorist,2136.542,1227.161,162.6888,AWP,100,100,10.1113,2.027115,0,False,False,False,281.25,2.109375
PB,Terrorist,2138.208,1227.491,162.705,AWP,100,100,39.54682,7.819487,0,False,False,False,281.25,2.460938
PB,Terrorist,2141.716,1227.983,162.7252,AWP,100,100,68.97491,1.206229,0,False,False,False,280.5469,2.460938
PB,Terrorist,2147.009,1227.992,162.5457,AWP,100,100,95.98062,0,0,False,False,False,279.1406,2.8125
PB,Terrorist,2153.755,1228,162.3156,AWP,100,100,116.3464,0,0,False,False,False,277.3828,2.8125
PB,Terrorist,2160.804,1227.994,162.0718,AWP,100,100,94.72234,-0.7567489,0,False,False,False,276.6797,2.8125
PB,Terrorist,2164.035,1227.767,161.9024,AWP,100,100,19.05416,-5.272721,0,False,False,False,276.6797,2.8125
PB,Terrorist,2163.686,1227.598,161.8708,AWP,100,100,-5.583904,-0.9657564,0,False,False,False,276.3281,2.8125
PB,Terrorist,2163.664,1227.595,161.8706,AWP,100,100,0,0,0,False,False,False,275.9766,2.8125
PB,Terrorist,2163.664,1227.595,161.8706,AWP,100,100,0,0,0,False,False,False,275.2734,2.8125
PB,Terrorist,2163.796,1227.605,161.8686,AWP,100,100,10.28269,0.783437,0,False,False,False,274.2188,2.8125
PB,Terrorist,2165.491,1227.718,161.8396,AWP,100,100,40.23561,2.463443,0,False,False,False,272.8125,2.8125
PB,Terrorist,2169.061,1227.895,161.7625,AWP,100,100,70.23863,2.948987,0,False,False,False,271.0547,2.460938
PB,Terrorist,2174.453,1227.987,161.6944,AWP,100,100,97.67188,0.09389697,0,False,False,False,270.3516,2.109375
PB,Terrorist,2181.305,1227.991,161.9438,AWP,100,100,118.0433,-0.03258709,0,False,False,False,269.6484,2.109375
PB,Terrorist,2186.886,1227.995,162.1473,AWP,100,100,55.71471,0.2552314,0,False,False,False,269.2969,1.757813
PB,Terrorist,2187.884,1228,162.1844,AWP,100,100,-3.749756,0,0,False,False,False,269.2969,1.40625
PB,Terrorist,2187.884,1228,162.1844,AWP,100,100,0,0,0,False,False,False,268.9453,1.40625
PB,Terrorist,2187.884,1228,162.1844,AWP,100,100,0,0,0,False,False,False,268.9453,1.40625
PB,Terrorist,2188.433,1227.99,162.2022,AWP,100,100,21.55892,-0.3928442,0,False,False,False,268.9453,1.40625
PB,Terrorist,2190.835,1227.944,162.2667,AWP,100,100,51.55251,-1.01235,0,False,False,False,268.5938,1.40625
PB,Terrorist,2195.111,1227.854,162.4155,AWP,100,100,81.43736,-1.77958,0,False,False,False,268.5938,1.40625
PB,Terrorist,2200.612,1227.731,162.5886,AWP,100,100,81.26949,-1.831384,0,False,False,False,268.5938,1.40625
PB,Terrorist,2203.041,1227.683,162.6543,AWP,100,100,6.057656,0.04322653,0,False,False,False,268.2422,1.40625
PB,Terrorist,2202.526,1227.699,162.6512,AWP,100,100,-3.3195,0.09602827,0,False,False,False,268.2422,1.757813
PB,Terrorist,2202.526,1227.699,162.6512,AWP,100,100,0,0,0,False,False,False,267.8906,1.757813
PB,Terrorist,2203.499,1227.66,162.6721,AWP,100,100,29.03647,-1.225951,0,False,False,False,267.1875,1.757813
PB,Terrorist,2206.367,1227.518,162.7517,AWP,100,100,58.97167,-3.219554,0,False,False,False,266.1328,1.757813
PB,Terrorist,2211.094,1227.233,162.862,AWP,100,100,88.1599,-5.565032,0,False,False,False,266.1328,1.40625
PB,Terrorist,2216.711,1226.872,162.9742,AWP,100,100,80.55752,-5.185166,0,False,False,False,266.1328,1.40625
PB,Terrorist,2220.937,1226.6,163.0731,AWP,100,100,57.78884,-3.719637,0,False,False,False,266.1328,1.40625
PB,Terrorist,2223.76,1226.418,163.0827,AWP,100,100,35.33531,-2.274393,0,False,False,False,266.1328,1.40625
PB,Terrorist,2225.179,1226.327,163.0631,AWP,100,100,12.88177,-0.8291482,0,False,False,False,266.1328,1.40625
PB,Terrorist,2225.362,1226.315,163.0606,AWP,100,100,0,0,0,False,False,False,266.1328,1.40625
PB,Terrorist,2225.362,1226.315,163.0606,AWP,100,100,0,0,0,False,False,False,266.1328,1.40625
PB,Terrorist,2225.863,1226.44,163.0873,AWP,100,100,18.02776,9.215775,0,False,False,False,266.1328,1.40625
PB,Terrorist,2227.717,1227.801,163.3799,AWP,100,100,39.09599,31.00346,0,False,False,False,266.1328,1.40625
PB,Terrorist,2230.659,1227.998,163.4159,AWP,100,100,52.32643,0,0,False,False,False,265.4297,1.40625
PB,Terrorist,2234.361,1227.998,163.4159,AWP,100,100,64.64202,0,0,False,False,False,264.7266,1.40625
PB,Terrorist,2238.889,1227.933,163.4082,AWP,100,100,72.23948,-1.709021,0,False,False,False,264.7266,1.40625
PB,Terrorist,2242.103,1227.889,163.3962,AWP,100,100,23.6,0.9953795,0,False,False,False,264.7266,1.40625
PB,Terrorist,2242.094,1227.942,163.3962,AWP,100,100,0,0,0,False,False,False,265.0781,1.40625
PB,Terrorist,2242.094,1227.942,163.3962,AWP,100,100,0,0,0,False,False,False,265.4297,1.40625
PB,Terrorist,2242.094,1227.942,163.3962,AWP,100,100,0,0,0,False,False,False,265.4297,1.40625
PB,Terrorist,2242.094,1227.942,163.3962,AWP,100,100,0,0,0,False,False,False,265.4297,1.40625
PB,Terrorist,2242.094,1227.942,163.3962,AWP,100,100,0,0,0,False,False,False,265.4297,1.40625
PB,Terrorist,2242.094,1227.942,163.3962,AWP,100,100,0,0,0,False,False,False,265.0781,1.40625
PB,Terrorist,2242.094,1227.942,163.3962,AWP,100,100,0,0,0,False,False,False,264.7266,1.757813
PB,Terrorist,2242.826,1227.909,163.3962,AWP,100,100,23.72187,2.43335,0,False,False,False,264.7266,1.757813
PB,Terrorist,2244.939,1227.997,163.4137,AWP,100,100,41.07455,3.627979,0,False,False,False,264.7266,1.757813
PB,Terrorist,2247.948,1227.997,163.4137,AWP,100,100,53.63876,0,0,False,False,False,264.7266,1.757813
PB,Terrorist,2251.755,1227.992,163.4137,AWP,100,100,67.60026,-0.5936499,0,False,False,False,264.0234,1.757813
PB,Terrorist,2256.517,1227.828,163.2944,AWP,100,100,77.91733,-3.590166,0,False,False,False,263.6719,1.40625
PB,Terrorist,2261.384,1227.554,163.0588,AWP,100,100,77.84299,-4.94661,0,False,False,False,263.6719,1.40625
PB,Terrorist,2266.247,1227.208,162.8081,AWP,100,100,77.77334,-5.942031,0,False,False,False,263.6719,1.40625
PB,Terrorist,2270.994,1226.819,162.5523,AWP,100,100,66.35455,-5.43209,0,False,False,False,262.9688,1.40625
PB,Terrorist,2272.764,1226.725,162.4656,AWP,100,100,-1.256803,1.043977,0,False,False,False,262.9688,1.40625
PB,Terrorist,2272.43,1226.766,162.4845,AWP,100,100,0,0,0,False,False,False,262.9688,1.40625
PB,Terrorist,2272.541,1226.753,162.4818,AWP,100,100,8.49817,-1.047616,0,False,False,False,262.9688,1.40625
PB,Terrorist,2274.118,1226.558,162.3828,AWP,100,100,38.27278,-4.718096,0,False,False,False,262.9688,1.40625
PB,Terrorist,2277.313,1226.162,162.1817,AWP,100,100,61.08498,-7.651447,0,False,False,False,262.6172,1.40625
PB,Terrorist,2281.846,1225.587,161.8937,AWP,100,100,77.37481,-9.855866,0,False,False,False,262.6172,1.40625
PB,Terrorist,2286.682,1224.969,161.5853,AWP,100,100,77.36501,-9.932599,0,False,False,False,262.2656,1.40625
PB,Terrorist,2291.517,1224.341,161.3065,AWP,100,100,77.33447,-10.16751,0,False,False,False,261.5625,1.054688
PB,Terrorist,2296.346,1223.682,161.2516,AWP,100,100,77.22753,-10.95028,0,False,False,False,259.4531,0.3515625
PB,Terrorist,2301.166,1222.951,161.1831,AWP,100,100,77.01606,-12.35017,0,False,False,False,257.3438,358.9453
PB,Terrorist,2305.97,1222.122,161.1053,AWP,100,100,76.73617,-13.98428,0,False,False,False,255.9375,358.2422
PB,Terrorist,2308.772,1221.683,161.0641,AWP,100,100,15.77557,-0.8327645,0,False,False,False,255.9375,357.8906
PB,Terrorist,2308.238,1221.849,161.0641,AWP,100,100,-19.4594,4.882171,0,False,False,False,255.9375,357.5391
PB,Terrorist,2307.773,1221.966,161.0828,AWP,100,100,0,0,0,False,False,False,255.9375,357.5391
PB,Terrorist,2308.076,1221.889,161.0828,AWP,100,100,13.88088,-3.488371,0,False,False,False,255.9375,357.5391
PB,Terrorist,2309.728,1221.474,161.0445,AWP,100,100,36.17751,-9.132829,0,False,False,False,255.5859,357.5391
PB,Terrorist,2312.772,1220.7,160.972,AWP,100,100,58.43054,-14.94767,0,False,False,False,255.2344,357.5391
PB,Terrorist,2317.146,1219.571,160.8661,AWP,100,100,75.50127,-19.58465,0,False,False,False,255.2344,357.1875
PB,Terrorist,2321.863,1218.339,160.7507,AWP,100,100,75.43887,-19.82365,0,False,False,False,254.5313,356.8359
PB,Terrorist,2326.575,1217.09,160.6336,AWP,100,100,75.36538,-20.10122,0,False,False,False,254.5313,356.8359
PB,Terrorist,2329.316,1216.374,160.5665,AWP,100,100,15.16111,-3.599071,0,False,False,False,254.1797,356.8359
PB,Terrorist,2329.188,1216.417,160.5654,AWP,100,100,0,0,0,False,False,False,254.1797,356.8359
PB,Terrorist,2329.295,1216.387,160.5654,AWP,100,100,8.239723,-2.328806,0,False,False,False,254.1797,356.8359
PB,Terrorist,2330.59,1216.029,160.5341,AWP,100,100,30.46383,-8.252027,0,False,False,False,255.2344,357.5391
PB,Terrorist,2333.285,1215.344,160.4699,AWP,100,100,53.01633,-12.82659,0,False,False,False,258.3984,357.5391
PB,Terrorist,2337.4,1214.426,160.3838,AWP,100,100,75.82324,-16.08167,0,False,False,False,260.1563,357.5391
PB,Terrorist,2342.175,1213.442,160.2916,AWP,100,100,76.45722,-15.43674,0,False,False,False,260.1563,357.5391
PB,Terrorist,2346.958,1212.497,160.203,AWP,100,100,76.56142,-14.91137,0,False,False,False,260.1563,357.8906
PB,Terrorist,2351.745,1211.575,160.3127,AWP,100,100,76.61063,-14.65648,0,False,False,False,259.4531,358.5938
PB,Terrorist,2356.534,1210.661,160.569,AWP,100,100,76.61176,-14.65057,0,False,False,False,259.1016,359.2969
PB,Terrorist,2361.321,1209.738,160.8245,AWP,100,100,76.57155,-14.85925,0,False,False,False,258.3984,0.3515625
PB,Terrorist,2366.104,1208.799,161.0781,AWP,100,100,76.50829,-15.18165,0,False,False,False,257.6953,0.703125
PB,Terrorist,2370.557,1207.907,161.3125,AWP,100,100,62.57682,-12.54639,0,False,False,False,257.3438,1.054688
PB,Terrorist,2372.781,1207.478,161.4211,AWP,100,100,7.167834,-0.9079241,0,False,False,False,257.3438,1.054688
PB,Terrorist,2372.007,1207.653,161.3923,AWP,100,100,-22.39184,4.973352,0,False,False,False,257.3438,1.054688
PB,Terrorist,2371.033,1207.87,161.343,AWP,100,100,-5.97929,1.328033,0,False,False,False,257.3438,1.40625
PB,Terrorist,2371.814,1207.69,161.3819,AWP,100,100,22.35262,-5.146739,0,False,False,False,256.9922,1.40625
PB,Terrorist,2373.999,1207.186,161.4908,AWP,100,100,44.76242,-10.32365,0,False,False,False,256.9922,1.40625
PB,Terrorist,2377.584,1206.356,161.669,AWP,100,100,67.14706,-15.6088,0,False,False,False,256.9922,1.40625
PB,Terrorist,2382.256,1205.267,161.9007,AWP,100,100,75.96227,-17.71254,0,False,False,False,256.6406,1.40625
PB,Terrorist,2387.004,1204.159,162.1359,AWP,100,100,75.95211,-17.75602,0,False,False,False,256.6406,1.40625
PB,Terrorist,2390.974,1203.231,162.3397,AWP,100,100,53.93056,-12.60784,0,False,False,False,256.2891,1.40625
PB,Terrorist,2393.574,1202.623,162.4623,AWP,100,100,32.02129,-7.485911,0,False,False,False,256.2891,1.40625
PB,Terrorist,2395.453,1202.176,162.5574,AWP,100,100,37.7349,-9.119851,0,False,False,False,256.2891,1.40625
PB,Terrorist,2398.595,1201.409,162.7336,AWP,100,100,60.04242,-14.72244,0,False,False,False,255.9375,1.40625
PB,Terrorist,2403.042,1200.31,162.9599,AWP,100,100,75.6963,-18.81676,0,False,False,False,255.5859,1.757813
PB,Terrorist,2406.998,1199.327,163.1609,AWP,100,100,53.74893,-13.36103,0,False,False,False,255.5859,1.757813
PB,Terrorist,2409.59,1198.682,163.2799,AWP,100,100,31.91345,-7.933119,0,False,False,False,255.5859,1.757813
PB,Terrorist,2410.817,1198.377,163.3458,AWP,100,100,10.07798,-2.505208,0,False,False,False,255.5859,1.757813
PB,Terrorist,2410.925,1198.35,163.3458,AWP,100,100,0,0,0,False,False,False,255.5859,1.757813
PB,Terrorist,2411.649,1198.166,163.3967,AWP,100,100,24.52373,-6.269703,0,False,False,False,255.5859,1.757813
PB,Terrorist,2414.203,1197.509,163.5245,AWP,100,100,53.55273,-13.84045,0,False,False,False,255.2344,1.757813
PB,Terrorist,2415.969,1196.572,163.5686,AWP,100,100,0,-9.921626,0,False,False,False,254.8828,1.757813
PB,Terrorist,2415.969,1196.471,163.5594,AWP,100,100,0,0,0,False,False,False,254.8828,1.757813
PB,Terrorist,2415.969,1196.471,163.5594,AWP,100,100,0,0,0,False,False,False,254.8828,1.757813
PB,Terrorist,2415.969,1196.471,163.5594,AWP,100,100,0,0,0,False,False,False,254.5313,1.757813
PB,Terrorist,2415.969,1196.363,163.5495,AWP,100,100,0,-1.735891,0,False,False,False,254.5313,1.757813
PB,Terrorist,2415.969,1196.295,163.5433,AWP,100,100,0,0,0,False,False,False,254.5313,1.757813
PB,Terrorist,2415.969,1196.295,163.5433,AWP,100,100,0,0,0,False,False,False,254.8828,1.757813
PB,Terrorist,2415.969,1196.295,163.5433,AWP,100,100,0,0,0,False,False,False,254.8828,1.757813
PB,Terrorist,2415.969,1196.295,163.5433,AWP,100,100,0,0,0,False,False,False,254.8828,1.757813
PB,Terrorist,2415.969,1196.295,163.5433,AWP,100,100,0,0,0,False,False,False,254.8828,1.757813
PB,Terrorist,2415.969,1196.295,163.5433,AWP,100,100,0,0,0,False,False,False,256.2891,1.757813
PB,Terrorist,2415.969,1196.295,163.5433,AWP,100,100,0,0,0,False,False,False,261.5625,2.460938
PB,Terrorist,2415.901,1196.304,163.5391,AWP,100,100,-8.670926,1.173693,0,False,False,False,262.2656,3.164063
PB,Terrorist,2413.708,1196.63,163.4077,AWP,100,100,-55.59707,8.532722,0,False,False,False,260.8594,4.570313
PB,Terrorist,2408.616,1197.425,163.106,AWP,100,100,-100.5012,15.80329,0,False,False,False,260.8594,4.570313
PB,Terrorist,2401.078,1198.616,162.6606,AWP,100,100,-134.7256,21.33567,0,False,False,False,260.8594,4.570313
PB,Terrorist,2391.732,1200.099,162.1091,AWP,100,100,-159.9337,25.41058,0,False,False,False,260.8594,4.570313
PB,Terrorist,2381.054,1201.798,161.4896,AWP,100,100,-178.4988,28.42501,0,False,False,False,260.8594,4.570313
PB,Terrorist,2369.397,1203.661,160.8316,AWP,100,100,-192.1438,30.82623,0,False,False,False,260.5078,3.867188
PB,Terrorist,2357.115,1205.636,160.1394,AWP,100,100,-197.4701,31.71038,0,False,False,False,261.2109,3.164063
PB,Terrorist,2344.841,1206.328,159.6246,AWP,100,100,-195.3673,-8.039368,0,False,False,False,261.2109,2.8125
PB,Terrorist,2333.576,1204.035,159.4097,AWP,100,100,-162.4202,-61.19294,0,False,False,False,260.8594,2.109375
PB,Terrorist,2325.361,1198.745,158.9137,AWP,100,100,-99.3288,-98.69858,0,False,False,False,260.5078,1.757813
PB,Terrorist,2321.399,1191.675,158.1553,AWP,100,100,-38.49927,-123.4576,0,False,False,False,258.3984,1.054688
PB,Terrorist,2320.566,1183.242,157.1117,AWP,100,100,3.877648,-143.2646,0,False,False,False,255.2344,0
PB,Terrorist,2321.86,1173.698,155.9908,AWP,100,100,32.16867,-159.5483,0,False,False,False,252.7734,359.2969
PB,Terrorist,2324.588,1163.26,154.9483,AWP,100,100,51.55075,-172.3114,0,False,False,False,251.7188,359.2969
PB,Terrorist,2328.306,1152.131,154.0485,AWP,100,100,64.87082,-182.1875,0,False,False,False,250.6641,359.2969
PB,Terrorist,2332.657,1140.516,153.8048,AWP,100,100,71.84909,-186.6486,0,False,False,False,248.9063,359.2969
PB,Terrorist,2337.203,1128.872,153.8805,AWP,100,100,73.07952,-186.1703,0,False,False,False,246.7969,359.2969
PB,Terrorist,2341.752,1117.229,153.9352,AWP,100,100,72.25829,-186.4906,0,False,False,False,244.3359,359.2969
PB,Terrorist,2346.187,1105.542,153.9934,AWP,100,100,69.81766,-187.418,0,False,False,False,242.9297,358.9453
PB,Terrorist,2350.461,1093.796,154.1147,AWP,100,100,67.39104,-188.3041,0,False,False,False,242.5781,358.9453
PB,Terrorist,2354.608,1082.004,154.1147,AWP,100,100,65.61536,-188.9302,0,False,False,False,242.5781,358.9453
PB,Terrorist,2358.661,1070.179,154.1516,AWP,100,100,64.31469,-189.3769,0,False,False,False,242.5781,358.9453
PB,Terrorist,2362.646,1058.331,154.6136,AWP,100,100,63.35907,-189.6988,0,False,False,False,242.5781,358.9453
PB,Terrorist,2365.601,1049.434,154.9562,AWP,100,100,47.04935,-142.4302,0,False,False,False,242.5781,358.9453
PB,Terrorist,2368.527,1040.527,155.2954,AWP,100,100,46.64771,-142.5622,0,False,False,False,242.5781,358.9453
PB,Terrorist,2371.4,1031.605,155.2047,AWP,100,100,45.91447,-142.8001,0,False,False,False,242.5781,358.9453
PB,Terrorist,2374.259,1022.676,155.2013,AWP,100,100,45.58859,-142.9044,0,False,False,False,242.2266,358.9453
PB,Terrorist,2377.549,1013.987,155.5173,AWP,100,100,64.11264,-132.8659,0,False,False,False,240.4688,359.2969
PB,Terrorist,2382.389,1006.099,155.8821,AWP,100,100,86.59076,-121.8464,0,False,False,False,237.6563,359.2969
PB,Terrorist,2388.299,998.8264,156.2198,AWP,100,100,99.55235,-112.2022,0,False,False,False,235.5469,359.2969
PB,Terrorist,2394.805,992.0783,156.5916,AWP,100,100,107.0522,-105.0706,0,False,False,False,234.4922,359.2969
PB,Terrorist,2401.663,985.6878,156.9835,AWP,100,100,111.4429,-100.4016,0,False,False,False,233.4375,359.6484
PB,Terrorist,2408.712,979.5073,157.3863,AWP,100,100,113.5601,-98.00057,0,False,False,False,231.6797,359.6484
PB,Terrorist,2415.841,973.4183,157.7158,AWP,100,100,114.2974,-97.13957,0,False,False,False,230.2734,359.6484
PB,Terrorist,2423.566,968.4295,160.0313,AWP,100,100,130.1351,-67.78986,0,False,False,False,229.2188,359.6484
PB,Terrorist,2432.129,964.9628,160.0313,AWP,100,100,141.8563,-46.93101,0,False,False,False,228.5156,359.6484
PB,Terrorist,2441.198,962.603,160.0313,AWP,100,100,146.6943,-31.31747,0,False,False,False,227.4609,359.6484
PB,Terrorist,2450.44,961.041,160.0313,AWP,100,100,148.5553,-20.76804,0,False,False,False,226.0547,0
PB,Terrorist,2459.755,959.985,160.0313,AWP,100,100,149.3022,-14.45165,0,False,False,False,224.6484,0.3515625
PB,Terrorist,2469.097,959.201,160.0313,AWP,100,100,149.5657,-11.40673,0,False,False,False,223.2422,0.3515625
PB,Terrorist,2478.292,958.4463,160.0313,AWP,100,100,137.5457,-13.73322,0,False,False,False,222.5391,0.3515625
PB,Terrorist,2484.424,958.9777,160.0313,AWP,100,100,70.50331,24.18283,0,False,False,False,221.4844,0
PB,Terrorist,2487.426,960.9191,160.0313,AWP,100,100,38.30937,27.31172,0,False,False,False,221.4844,359.6484
PB,Terrorist,2489.176,962.1669,160.0313,AWP,100,100,19.98859,14.25036,0,False,False,False,221.4844,359.6484
PB,Terrorist,2489.781,962.5983,160.0313,AWP,100,100,1.6678,1.189017,0,False,False,False,221.1328,359.6484
PB,Terrorist,2489.781,962.5983,160.0313,AWP,100,100,0,0,0,False,False,False,220.4297,359.6484
PB,Terrorist,2489.297,963.1671,160.0313,AWP,100,100,-16.42176,19.26261,0,False,False,False,220.4297,359.6484
PB,Terrorist,2487.58,965.1686,160.0313,AWP,100,100,-36.07095,41.93242,0,False,False,False,220.7813,359.6484
PB,Terrorist,2485.339,967.7715,160.0313,AWP,100,100,-29.9767,34.80836,0,False,False,False,220.7813,359.6484
PB,Terrorist,2483.981,969.3477,160.0313,AWP,100,100,-15.29413,17.75924,0,False,False,False,221.4844,0
PB,Terrorist,2483.546,969.8527,160.0313,AWP,100,100,0,0,0,False,False,False,221.4844,0
PB,Terrorist,2483.546,969.8527,160.0313,AWP,100,100,0,0,0,False,False,False,221.8359,0
PB,Terrorist,2483.546,969.8527,160.0313,AWP,100,100,0,0,0,False,False,False,221.8359,0
PB,Terrorist,2483.546,969.8527,160.0313,AWP,100,100,0,0,0,False,False,False,221.8359,0
PB,Terrorist,2483.546,969.8527,160.0313,AWP,100,100,0,0,0,False,False,False,221.8359,0
PB,Terrorist,2483.546,969.8527,160.0313,AWP,100,100,0,0,0,False,False,False,221.8359,0
PB,Terrorist,2483.546,969.8527,160.0313,AWP,100,100,0,0,0,False,False,False,221.8359,0
PB,Terrorist,2483.546,969.8527,160.0313,AWP,100,100,0,0,0,False,False,False,221.8359,0
PB,Terrorist,2483.546,969.8527,160.0313,AWP,100,100,0,0,0,False,False,False,221.8359,0
PB,Terrorist,2482.819,969.2045,160.0313,AWP,100,100,-21.69216,-19.34112,0,False,False,False,221.8359,0
PB,Terrorist,2480.678,967.2922,160.0313,AWP,100,100,-43.99147,-39.40923,0,False,False,False,222.1875,0
PB,Terrorist,2476.825,965.0546,160.0313,AWP,100,100,-75.89102,-30.83944,0,False,False,False,225.7031,0
PB,Terrorist,2471.126,963.3316,160.0313,AWP,100,100,-101.8503,-26.11924,0,False,False,False,232.0313,0
PB,Terrorist,2464.12,961.8978,160.0313,AWP,100,100,-117.6951,-13.28873,0,False,False,False,237.6563,0
PB,Terrorist,2456.451,962.0654,160.0313,AWP,100,100,-126.3859,13.65032,0,False,False,False,240.1172,359.6484
PB,Terrorist,2448.439,963.5558,160.0313,AWP,100,100,-121.8738,26.64719,0,False,False,False,239.7656,359.6484
PB,Terrorist,2442.426,964.7125,160.0313,AWP,100,100,-68.40393,7.011374,0,False,False,False,239.4141,359.6484
PB,Terrorist,2440.502,964.2661,160.0313,AWP,100,100,-2.81658,-14.98917,0,False,False,False,238.3594,359.6484
PB,Terrorist,2441.601,963.0148,160.0313,AWP,100,100,30.07033,-25.66881,0,False,False,False,234.8437,359.6484
PB,Terrorist,2444.356,960.8189,160.0313,AWP,100,100,54.62523,-42.94524,0,False,False,False,232.0313,0
PB,Terrorist,2448.543,957.4906,160.0313,AWP,100,100,75.61919,-60.84922,0,False,False,False,229.5703,0
PB,Terrorist,2453.729,953.2235,160.0313,AWP,100,100,80.38794,-66.67953,0,False,False,False,227.1094,0
PB,Terrorist,2456.704,950.9021,160.0313,AWP,100,100,23.19258,-15.04187,0,False,False,False,225.3516,0
PB,Terrorist,2456.75,951.0115,160.0313,AWP,100,100,-1.339924,1.433315,0,False,False,False,223.9453,0
PB,Terrorist,2456.916,950.8357,160.0313,AWP,100,100,9.640126,-10.23822,0,False,False,False,223.2422,0
PB,Terrorist,2458.232,949.4194,160.0313,AWP,100,100,29.87541,-32.38652,0,False,False,False,222.1875,0
PB,Terrorist,2459.736,947.788,160.0313,AWP,100,100,5.853642,-6.07993,0,False,False,False,222.1875,0
PB,Terrorist,2459.084,948.5113,160.0313,AWP,100,100,-19.47012,21.57645,0,False,False,False,222.1875,0
PB,Terrorist,2457.16,950.6423,160.0313,AWP,100,100,-39.59824,43.82185,0,False,False,False,222.1875,0
PB,Terrorist,2455.047,952.9874,160.0313,AWP,100,100,-15.47044,17.61364,0,False,False,False,223.2422,0
PB,Terrorist,2455.408,952.6242,160.0313,AWP,100,100,16.06679,-17.04486,0,False,False,False,223.2422,0
PB,Terrorist,2457.122,950.7788,160.0313,AWP,100,100,36.17869,-39.3063,0,False,False,False,222.1875,0
PB,Terrorist,2459.739,947.9133,160.0313,AWP,100,100,38.52552,-42.24021,0,False,False,False,221.8359,0
PB,Terrorist,2461.614,945.8577,160.0313,AWP,100,100,23.3634,-25.61613,0,False,False,False,221.8359,0
PB,Terrorist,2462.541,944.8411,160.0313,AWP,100,100,8.201271,-8.992046,0,False,False,False,221.8359,0
PB,Terrorist,2462.645,944.7277,160.0313,Glock,100,100,0,0,0,False,False,False,221.8359,0
PB,Terrorist,2462.645,944.7277,160.0313,Glock,100,100,0,0,0,False,False,False,221.8359,0
PB,Terrorist,2462.645,944.7277,160.0313,AWP,100,100,0,0,0,False,False,False,221.8359,0
PB,Terrorist,2462.645,944.7277,160.0313,AWP,100,100,0,0,0,False,False,False,220.0781,359.6484
PB,Terrorist,2462.645,944.7277,160.0313,AWP,100,100,0,0,0,False,False,False,207.4219,1.40625
PB,Terrorist,2462.645,944.7277,160.0313,AWP,100,100,0,0,0,False,False,False,182.1094,3.515625
PB,Terrorist,2463.712,944.4545,160.0313,AWP,100,100,36.56155,-11.41589,0,False,False,False,157.1484,3.867188
PB,Terrorist,2467.021,942.5588,160.0313,AWP,100,100,56.39277,-51.87368,0,False,False,False,149.7656,3.867188
PB,Terrorist,2470.576,937.636,160.0313,AWP,100,100,57.2239,-97.64265,0,False,False,False,149.7656,3.867188
PB,Terrorist,2474.594,930.8497,160.0313,AWP,100,100,67.71378,-103.8932,0,False,False,False,149.7656,3.867188
PB,Terrorist,2478.172,925.3614,160.0313,AWP,100,100,49.875,-76.52318,0,False,False,False,149.7656,3.867188
PB,Terrorist,2480.805,921.3214,160.0313,AWP,100,100,36.58263,-56.12871,0,False,False,False,149.7656,3.867188
PB,Terrorist,2482.66,918.4761,160.0313,AWP,100,100,24.29704,-37.27892,0,False,False,False,149.7656,3.867188
PB,Terrorist,2483.383,918.1126,160.0313,AWP,100,100,-7.706186,6.005559,0,False,False,False,149.7656,3.867188
PB,Terrorist,2481.411,919.2474,160.0313,AWP,100,100,-50.3656,27.03252,0,False,False,False,155.0391,2.8125
PB,Terrorist,2476.698,921.42,160.0313,AWP,100,100,-93.26632,40.77985,0,False,False,False,170.5078,2.460938
PB,Terrorist,2470.13,925.0912,160.0313,AWP,100,100,-116.9092,66.74362,0,False,False,False,202.5,2.460938
PB,Terrorist,2462.148,929.8265,160.0313,AWP,100,100,-134.1429,85.07152,0,False,False,False,235.5469,2.460938
PB,Terrorist,2453.063,935.3669,160.0313,AWP,100,100,-153.6098,90.44405,0,False,False,False,243.9844,2.8125
PB,Terrorist,2442.918,941.1315,160.0313,AWP,100,100,-168.4278,93.48895,0,False,False,False,243.9844,2.8125
PB,Terrorist,2434.898,945.6437,160.0313,AWP,100,100,-87.55081,51.11609,0,False,False,False,243.9844,2.8125
PB,Terrorist,2432.39,947.2956,160.0313,AWP,100,100,-4.563426,7.240597,0,False,False,False,243.9844,2.8125
PB,Terrorist,2433.835,946.6667,160.0313,AWP,100,100,41.65719,-19.66015,0,False,False,False,243.9844,2.8125
PB,Terrorist,2437.2,945.0609,160.0313,AWP,100,100,37.0606,-17.61669,0,False,False,False,243.9844,2.8125
PB,Terrorist,2436.975,945.1655,160.0313,AWP,100,100,-26.33528,12.05394,0,False,False,False,246.0938,2.460938
PB,Terrorist,2433.761,946.4919,160.0313,AWP,100,100,-71.36743,27.13922,0,False,False,False,254.1797,2.8125
PB,Terrorist,2427.786,948.3994,160.0313,AWP,100,100,-112.9026,31.45138,0,False,False,False,262.6172,2.8125
PB,Terrorist,2419.675,950.2632,160.0313,AWP,100,100,-138.1042,27.81499,0,False,False,False,266.4844,3.164063
PB,Terrorist,2410.69,951.8332,156.8056,AWP,100,100,-147.7422,23.23421,0,False,False,False,266.4844,3.164063
PB,Terrorist,2401.407,953.1448,156.2798,AWP,100,100,-148.734,19.44732,0,False,False,False,266.1328,3.164063
PB,Terrorist,2393.849,954.1517,155.8782,AWP,100,100,-90.63773,13.01549,0,False,False,False,265.7813,3.515625
PB,Terrorist,2390.856,954.6857,155.7233,AWP,100,100,-15.3146,4.65184,0,False,False,False,264.7266,3.867188
PB,Terrorist,2390.927,954.7116,155.7213,AWP,100,100,0,0,0,False,False,False,261.2109,4.21875
PB,Terrorist,2390.927,954.7116,155.7213,AWP,100,100,0,0,0,False,False,False,258.3984,3.515625
PB,Terrorist,2390.927,954.7116,155.7213,AWP,100,100,0,0,0,False,False,False,258.3984,3.515625
PB,Terrorist,2392.735,954.3405,155.8202,AWP,100,100,49.28518,-10.11526,0,False,False,False,258.3984,3.515625
PB,Terrorist,2397.435,953.3757,156.0598,AWP,100,100,94.63853,-19.42356,0,False,False,False,258.3984,3.515625
PB,Terrorist,2404.646,951.8964,156.4272,AWP,100,100,129.9295,-26.62652,0,False,False,False,258.3984,3.867188
PB,Terrorist,2413.723,950.0434,157.2686,AWP,100,100,155.9594,-31.75446,0,False,False,False,258.75,3.867188
PB,Terrorist,2424.174,947.9205,160.0313,AWP,100,100,175.135,-35.51616,0,False,False,False,258.75,3.867188
PB,Terrorist,2435.639,945.599,160.0313,AWP,100,100,189.2589,-38.28687,0,False,False,False,258.75,3.867188
PB,Terrorist,2447.791,943.1429,160.0313,AWP,100,100,196.0406,-39.5989,0,False,False,False,258.75,3.867188
PB,Terrorist,2460.042,940.6687,160.0313,AWP,100,100,196.0406,-39.59922,0,False,False,False,258.3984,3.867188
PB,Terrorist,2469.48,938.7644,160.0313,AWP,100,100,103.168,-20.74682,0,False,False,False,258.3984,3.867188
PB,Terrorist,2472.628,938.1443,160.0313,AWP,100,100,10.59809,-1.796921,0,False,False,False,258.3984,3.515625
PB,Terrorist,2472.492,938.1727,160.0313,AWP,100,100,0,0,0,False,False,False,258.3984,3.515625
PB,Terrorist,2472.492,938.1727,160.0313,AWP,100,100,0,0,0,False,False,False,258.3984,3.515625
PB,Terrorist,2472.492,938.1727,160.0313,AWP,100,100,0,0,0,False,False,False,258.3984,3.515625
PB,Terrorist,2472.492,938.1727,160.0313,AWP,100,100,0,0,0,False,False,False,258.3984,3.867188
PB,Terrorist,2472.492,938.1727,160.0313,AWP,100,100,0,0,0,False,False,False,258.3984,3.867188
PB,Terrorist,2471.409,938.3975,160.0313,AWP,100,100,-37.63475,7.814532,0,False,False,False,258.3984,3.867188
PB,Terrorist,2467.423,939.2223,160.0313,AWP,100,100,-83.98007,17.33209,0,False,False,False,258.3984,3.867188
PB,Terrorist,2460.776,940.5916,160.0313,AWP,100,100,-122.0711,25.12457,0,False,False,False,258.3984,3.867188
PB,Terrorist,2452.116,942.3727,160.0313,AWP,100,100,-150.1273,30.86416,0,False,False,False,258.3984,3.867188
PB,Terrorist,2441.975,944.457,160.0313,AWP,100,100,-170.7923,35.09169,0,False,False,False,258.3984,3.867188
PB,Terrorist,2430.741,946.7646,160.0313,AWP,100,100,-186.0132,38.2055,0,False,False,False,258.3984,3.867188
PB,Terrorist,2419.858,948.9997,160.0313,AWP,100,100,-140.6423,28.88615,0,False,False,False,258.3984,3.867188
PB,Terrorist,2414.207,950.1608,157.3412,AWP,100,100,-56.49792,11.61086,0,False,False,False,258.3984,3.867188
PB,Terrorist,2412.505,950.5107,157.0835,AWP,100,100,-15.17353,3.120856,0,False,False,False,258.3984,3.867188
PB,Terrorist,2412.235,950.5662,157.0426,AWP,100,100,0,0,0,False,False,False,258.3984,3.867188
PB,Terrorist,2412.235,950.5662,157.0426,AWP,100,100,0,0,0,False,False,False,258.3984,3.867188
PB,Terrorist,2412.235,950.5662,157.0426,AWP,100,100,0,0,0,False,False,False,258.0469,3.867188
PB,Terrorist,2411.983,949.3618,157.0084,AWP,100,100,-6.717529,-32.11752,0,False,False,False,258.0469,3.867188
PB,Terrorist,2410.351,947.0501,156.7696,AWP,100,100,-39.54361,-41.67311,0,False,False,False,258.3984,3.867188
PB,Terrorist,2406.662,943.8224,156.2989,Glock,100,100,-79.02896,-63.03406,0,False,False,False,258.3984,3.867188
PB,Terrorist,2400.221,939.0075,155.7858,Glock,100,100,-119.9006,-86.86749,0,False,False,False,258.3984,3.867188
PB,Terrorist,2391.622,932.9337,155.1112,Glock,100,100,-150.0049,-104.4221,0,False,False,False,258.3984,3.867188
PB,Terrorist,2381.433,925.9324,154.3179,Glock,100,100,-172.1784,-117.3521,0,False,False,False,258.3984,3.867188
PB,Terrorist,2370.072,918.2482,153.437,Glock,100,100,-188.5104,-126.8758,0,False,False,False,258.3984,3.867188
PB,Terrorist,2358.154,909.8536,152.5029,Glock,100,100,-181.216,-146.9912,0,False,False,False,258.75,3.515625
PB,Terrorist,2348.082,899.4265,151.5879,Glock,100,100,-146.5426,-180.8584,0,False,False,False,260.8594,2.8125
PB,Terrorist,2339.687,887.3268,150.2822,Glock,100,100,-136.2507,-196.5406,0,False,False,False,261.9141,2.8125
PB,Terrorist,2330.464,875.5038,148.8906,Glock,100,100,-154.8823,-183.3343,0,False,False,False,261.9141,2.8125
PB,Terrorist,2320.337,864.4418,147.4183,Glock,100,100,-166.8685,-172.4961,0,False,False,False,261.9141,2.8125
PB,Terrorist,2309.747,853.8408,146.9035,Glock,100,100,-163.3244,-174.3607,0,False,False,False,261.9141,2.8125
PB,Terrorist,2300.736,841.9496,147.3839,Glock,100,100,-130.664,-201.313,0,False,False,False,261.9141,2.8125
PB,Terrorist,2293.542,828.7982,147.8457,Glock,100,100,-104.0137,-216.2895,0,False,False,False,261.9141,2.8125
PB,Terrorist,2287.444,815.097,148.2342,Glock,100,100,-104.9908,-215.8169,0,False,False,False,261.9141,2.8125
PB,Terrorist,2279.805,802.2011,148.726,Glock,100,100,-133.9001,-199.1752,0,False,False,False,261.9141,2.8125
PB,Terrorist,2270.87,790.157,149.3049,Glock,100,100,-140.689,-194.4392,0,False,False,False,261.9141,2.8125
PB,Terrorist,2263.127,777.3235,149.8036,Glock,100,100,-111.8145,-212.3618,0,False,False,False,261.9141,2.8125
PB,Terrorist,2256.956,763.66,150.0822,Glock,100,100,-89.43609,-222.7132,0,False,False,False,261.9141,2.8125
PB,Terrorist,2250.251,750.2596,150.6466,Glock,100,100,-121.4826,-206.983,0,False,False,False,261.9141,2.8125
PB,Terrorist,2241.79,737.8833,151.7436,Glock,100,100,-144.7746,-191.4166,0,False,False,False,261.9141,2.8125
PB,Terrorist,2232.633,726.0094,152.8698,Glock,100,100,-136.7353,-197.2396,0,False,False,False,261.9141,2.8125
PB,Terrorist,2225.045,713.0801,153.7902,Glock,100,100,-111.5951,-212.4771,0,False,False,False,256.2891,2.8125
PB,Terrorist,2218.4,699.6331,154.5938,Glock,100,100,-105.2404,-215.6953,0,False,False,False,241.875,4.921875
PB,Terrorist,2211.503,686.3151,155.4284,Glock,100,100,-116.3145,-209.9308,0,False,False,False,228.8672,5.976563
PB,Terrorist,2203.614,673.5626,156.3862,Glock,100,100,-134.0162,-199.0971,0,False,False,False,222.1875,6.679688
PB,Terrorist,2194.654,661.5379,157.477,Glock,100,100,-150.2986,-187.1105,0,False,False,False,218.3203,7.382813
PB,Terrorist,2184.767,650.2617,160.0313,Glock,100,100,-163.9578,-175.2651,0,False,False,False,215.5078,7.734375
PB,Terrorist,2174.094,639.7258,160.0313,Glock,100,100,-175.928,-163.2463,0,False,False,False,211.6406,8.789063
PB,Terrorist,2162.697,629.9788,160.0313,Glock,100,100,-187.317,-150.0411,0,False,False,False,206.7188,9.84375
PB,Terrorist,2150.609,621.1035,160.0313,Glock,100,100,-198.0518,-135.5562,0,False,False,False,202.1484,11.25
PB,Terrorist,2137.865,613.1991,160.0313,Glock,100,100,-208.4476,-118.9521,0,False,False,False,195.8203,12.65625
PB,Terrorist,2124.475,606.4505,160.0313,Glock,100,100,-218.6193,-99.0233,0,False,False,False,189.1406,14.0625
PB,Terrorist,2110.496,601.0279,160.0313,Glock,100,100,-227.2977,-77.04402,0,False,False,False,182.8125,15.46875
PB,Terrorist,2096.052,597.0046,160.0313,Glock,100,100,-233.6937,-54.65564,0,False,False,False,178.2422,16.17188
PB,Terrorist,2081.298,594.3225,160.0313,Glock,100,100,-237.5533,-34.18221,0,False,False,False,175.4297,16.875
PB,Terrorist,2066.376,592.8273,160.0313,Glock,100,100,-239.4423,-16.35265,0,False,False,False,172.9688,17.22656
PB,Terrorist,2051.387,592.3401,160.0313,Glock,100,100,-239.9949,-1.567081,0,False,False,False,171.5625,17.22656
PB,Terrorist,2036.47,591.2287,160.0313,Glock,100,100,-237.0664,-36.44902,0,False,False,False,171.2109,17.22656
PB,Terrorist,2021.704,588.6104,160.0313,Glock,100,100,-237.7379,-32.87374,0,False,False,False,170.5078,17.22656
PB,Terrorist,2006.76,587.378,160.0313,Glock,100,100,-239.7787,-10.30508,0,False,False,False,169.1016,17.22656
PB,Terrorist,1991.764,587.4009,160.0313,Glock,100,100,-239.8558,8.317435,0,False,False,False,166.2891,17.22656
PB,Terrorist,1976.808,588.5166,160.0313,Glock,100,100,-238.6918,25.02427,0,False,False,False,163.4766,17.22656
PB,Terrorist,1961.958,590.612,160.0313,Glock,100,100,-236.6546,39.93267,0,False,False,False,160.6641,16.875
PB,Terrorist,1947.264,593.617,160.0313,Glock,100,100,-233.7643,54.35281,0,False,False,False,157.1484,16.52344
PB,Terrorist,1932.774,597.4869,160.0313,Glock,100,100,-230.332,67.43286,0,False,False,False,155.7422,16.52344
PB,Terrorist,1918.484,602.0463,160.0313,Glock,100,100,-227.5136,76.40394,0,False,False,False,156.7969,16.17188
PB,Terrorist,1904.298,606.9211,160.0313,Glock,100,100,-227.0038,77.90546,0,False,False,False,163.4766,16.17188
PB,Terrorist,1890.316,612.2761,160.0313,Glock,100,100,-218.1158,100.1274,0,False,False,False,177.1875,16.17188
PB,Terrorist,1877.007,619.1912,160.0313,Glock,100,100,-210.5026,115.2764,0,False,False,False,192.3047,16.17188
PB,Terrorist,1863.795,626.2921,160.0313,Glock,100,100,-213.457,109.7091,0,False,False,False,207.7734,16.17188
PB,Terrorist,1850.163,632.5395,160.0313,Glock,100,100,-219.8442,96.27327,0,False,False,False,222.1875,15.11719
PB,Terrorist,1836.714,639.1795,160.0313,Glock,100,100,-213.849,108.9431,0,False,False,False,244.6875,15.11719
PB,Terrorist,1823.289,645.8662,160.0313,Glock,100,100,-212.2067,112.1085,0,False,False,False,279.1406,14.41406
PB,Terrorist,1811.191,654.3206,160.0313,Glock,100,100,-178.5153,150.8235,0,False,False,False,302.6953,14.41406
PB,Terrorist,1808.192,664.9616,160.0313,Glock,100,100,6.563096,184.027,0,False,False,False,307.6172,14.41406
PB,Terrorist,1808.895,677.3682,160.0313,Glock,100,100,14.54265,208.6688,0,False,False,False,307.6172,14.41406
PB,Terrorist,1810.019,691.0766,160.0313,Glock,100,100,20.42004,226.8189,0,False,False,False,307.6172,14.41406
PB,Terrorist,1812.527,703.9688,160.0313,Glock,100,100,62.75851,0,0,False,False,False,307.6172,14.41406
PB,Terrorist,1817.954,703.9688,160.0313,Glock,100,100,104.2072,0,0,False,False,False,307.6172,14.41406
PB,Terrorist,1825.762,703.9641,160.0313,Glock,100,100,143.0695,-2.226467,0,False,False,False,307.6172,14.41406
PB,Terrorist,1835.974,703.4356,160.0313,Glock,100,100,174.469,-18.30863,0,False,False,False,307.2656,14.41406
PB,Terrorist,1846.832,700.314,160.0313,Glock,100,100,173.1974,-72.16977,0,False,False,False,307.2656,14.0625
PB,Terrorist,1857.621,694.3456,160.0313,Glock,100,100,172.2174,-111.8746,0,False,False,False,307.2656,14.0625
PB,Terrorist,1866.352,685.752,160.0313,Glock,100,100,116.8349,-155.4834,0,False,False,False,307.2656,14.0625
PB,Terrorist,1867.71,674.8564,160.0313,Glock,100,100,-8.076086,-187.5557,0,False,False,False,306.9141,14.0625
PB,Terrorist,1866.914,662.2653,160.0313,Glock,100,100,-15.75924,-211.2529,0,False,False,False,307.9688,13.71094
PB,Terrorist,1866.198,648.5396,160.0313,Glock,100,100,5.515549,-220.6147,0,False,False,False,315.7031,13.71094
PB,Terrorist,1867.938,635.3046,160.0313,Glock,100,100,0,-201.7939,0,False,False,False,336.7969,13.71094
PB,Terrorist,1869.536,624.079,160.0313,Glock,100,100,56.89905,-159.1037,0,False,False,False,1.054688,14.41406
PB,Terrorist,1875.216,616.0728,160.0313,Glock,100,100,114.3236,-103.8686,0,False,False,False,14.41406,15.82031
PB,Terrorist,1883.854,611.3499,160.0313,Glock,100,100,154.7994,-55.13696,0,False,False,False,17.92969,16.17188
PB,Terrorist,1894.598,609.3029,160.0313,Glock,100,100,183.7516,-16.57623,0,False,False,False,20.03906,16.52344
PB,Terrorist,1906.828,609.4115,160.0313,Glock,100,100,203.8599,15.09882,0,False,False,False,22.85156,16.52344
PB,Terrorist,1919.426,611.9126,160.0313,Glock,100,100,190.3355,66.63234,0,False,False,False,24.60938,16.52344
PB,Terrorist,1930.424,617.9716,160.0313,Glock,100,100,166.1637,118.1172,0,False,False,False,23.55469,16.17188
PB,Terrorist,1941.121,625.8058,160.0313,Glock,100,100,182.2347,122.4564,0,False,False,False,19.33594,15.82031
PB,Terrorist,1953.104,633.3804,160.0313,Glock,100,100,190.6401,129.7703,0,False,False,False,14.41406,15.11719
PB,Terrorist,1964.673,642.4896,160.0313,Glock,100,100,182.3535,156.0358,0,False,False,False,7.382813,14.0625
PB,Terrorist,1975.804,652.5435,160.0313,Glock,100,100,176.0828,163.0792,0,False,False,False,0.703125,13.35938
PB,Terrorist,1986.799,662.7473,160.0313,Glock,100,100,176.489,162.6396,0,False,False,False,355.0781,13.00781
PB,Terrorist,1997.985,672.7391,160.0313,Glock,100,100,181.5663,156.9512,0,False,False,False,349.1016,13.00781
PB,Terrorist,2009.624,682.1987,160.0313,Glock,100,100,190.2681,146.2808,0,False,False,False,341.7188,13.00781
PB,Terrorist,2012.187,688.5499,160.0313,Glock,100,100,-2.458813,70.41122,0,False,False,False,331.5234,13.00781
PB,Terrorist,2012.124,690.3442,160.0313,Bomb,100,100,0.2207914,-6.322647,0,False,False,False,316.7578,13.00781
PB,Terrorist,2012.196,688.2897,160.0313,Bomb,100,100,1.949995,-55.8406,0,False,False,False,298.4766,13.00781
PB,Terrorist,2012.389,682.7559,160.0313,Bomb,100,100,3.956407,-113.2967,0,False,False,False,282.6563,12.30469
PB,Terrorist,2012.696,673.9692,160.0313,Bomb,100,100,5.583484,-159.8901,0,False,False,False,275.2734,10.19531
PB,Terrorist,2013.089,662.7071,160.0313,Bomb,100,100,6.790235,-194.447,0,False,False,False,275.2734,10.19531
PB,Terrorist,2012.535,649.9324,160.0313,Bomb,100,100,-30.25767,-207.5818,0,False,False,False,275.2734,10.19531
PB,Terrorist,2008.126,638.7161,160.0313,Bomb,100,100,-98.82039,-159.7221,0,False,False,False,275.2734,10.19531
PB,Terrorist,2000.107,629.9907,160.0313,Bomb,100,100,-147.736,-129.2402,0,False,False,False,275.2734,10.19531
PB,Terrorist,1990.861,620.8847,160.0313,Bomb,100,100,-134.8342,-161.3523,0,False,False,False,275.625,9.84375
PB,Terrorist,1984.067,609.5588,160.0313,Bomb,100,100,-89.89059,-195.0983,0,False,False,False,278.0859,8.4375
PB,Terrorist,1979.73,596.4613,160.0313,Bomb,100,100,-54.87848,-219.6983,0,False,False,False,278.4375,6.679688
PB,Terrorist,1977.128,582.8791,160.0313,Bomb,100,100,-35.16605,-196.9166,0,False,False,False,278.0859,4.570313
PB,Terrorist,1975.27,572.4768,160.0313,Bomb,100,100,-25.90177,-145.0402,0,False,False,False,278.0859,3.164063
PB,Terrorist,1973.902,564.8149,160.0313,Bomb,100,100,-19.07811,-106.8303,0,False,False,False,278.0859,2.460938
PB,Terrorist,1972.894,559.1714,160.0313,Bomb,100,100,-14.0521,-78.68649,0,False,False,False,278.0859,2.460938
PB,Terrorist,1972.157,555.0475,160.0313,Bomb,100,100,-10.0513,-56.28347,0,False,False,False,278.0859,2.460938
PB,Terrorist,1971.668,552.3085,160.0313,Bomb,100,100,-6.09575,-34.13391,0,False,False,False,278.0859,2.460938
PB,Terrorist,1971.426,550.9539,160.0313,Bomb,100,100,-2.140203,-11.98433,0,False,False,False,278.0859,2.8125
PB,Terrorist,1971.399,550.8027,160.0313,Bomb,100,100,0,0,0,False,False,False,278.4375,3.515625
PB,Terrorist,1971.399,550.8027,160.0313,Bomb,100,100,0,0,0,True,False,False,278.7891,3.515625
PB,Terrorist,1971.399,550.8027,160.0313,Bomb,100,100,0,0,0,True,False,False,278.7891,3.515625
PB,Terrorist,1971.399,550.8027,160.0313,Bomb,100,100,0,0,0,True,False,False,278.7891,3.515625
PB,Terrorist,1971.399,550.8027,160.0313,Bomb,100,100,0,0,0,True,False,False,278.7891,3.515625
PB,Terrorist,1971.399,550.8027,160.0313,Bomb,100,100,0,0,0,True,False,False,278.7891,3.515625
PB,Terrorist,1971.399,550.8027,160.0313,Bomb,100,100,0,0,0,True,False,False,278.7891,3.515625
PB,Terrorist,1971.399,550.8027,160.0313,Bomb,100,100,0,0,0,True,False,False,278.7891,3.515625
PB,Terrorist,1971.399,550.8027,160.0313,Bomb,100,100,0,0,0,True,False,False,278.7891,3.515625
PB,Terrorist,1971.399,550.8027,160.0313,Bomb,100,100,0,0,0,False,False,False,281.25,3.164063
PB,Terrorist,1971.399,550.8027,160.0313,Bomb,100,100,0,0,0,False,False,False,285.8203,2.8125
PB,Terrorist,1971.399,550.8027,160.0313,Bomb,100,100,0,0,0,False,False,False,286.5234,3.164063
PB,Terrorist,1971.399,550.8027,160.0313,Bomb,100,100,0,0,0,False,False,False,286.5234,3.164063
PB,Terrorist,1971.399,550.8027,160.0313,Bomb,100,100,0,0,0,False,False,False,286.5234,3.164063
PB,Terrorist,1971.399,550.8027,160.0313,Bomb,100,100,0,0,0,False,False,False,286.875,3.515625
PB,Terrorist,1971.399,550.8027,160.0313,Bomb,100,100,0,0,0,False,False,False,286.875,3.867188
PB,Terrorist,1971.399,550.8027,160.0313,Bomb,100,100,0,0,0,False,False,False,286.875,3.867188
PB,Terrorist,1971.399,550.8027,160.0313,Bomb,100,100,0,0,0,False,False,False,286.875,3.867188
PB,Terrorist,1971.399,550.8027,160.0313,Bomb,100,100,0,0,0,False,False,False,286.875,3.867188
PB,Terrorist,1971.399,550.8027,160.0313,Bomb,100,100,0,0,0,False,False,False,286.875,3.867188
PB,Terrorist,1971.399,550.8027,160.0313,Bomb,100,100,0,0,0,False,False,False,286.875,3.867188
PB,Terrorist,1971.399,550.8027,160.0313,Bomb,100,100,0,0,0,False,False,False,286.875,3.867188
PB,Terrorist,1971.399,550.8027,160.0313,Bomb,100,100,0,0,0,False,False,False,286.875,3.867188
PB,Terrorist,1971.399,550.8027,160.0313,Bomb,100,100,0,0,0,False,False,False,286.875,3.867188
PB,Terrorist,1971.399,550.8027,160.0313,Bomb,100,100,0,0,0,False,False,False,286.875,3.867188
PB,Terrorist,1971.399,550.8027,160.0313,Bomb,100,100,0,0,0,False,False,False,286.875,3.867188
PB,Terrorist,1971.399,550.8027,160.0313,Bomb,100,100,0,0,0,False,False,False,286.875,3.867188
PB,Terrorist,1971.399,550.8027,160.0313,Bomb,100,100,0,0,0,False,False,False,286.875,3.867188
PB,Terrorist,1971.399,550.8027,160.0313,Bomb,100,100,0,0,0,False,False,False,286.875,3.867188
PB,Terrorist,1971.399,550.8027,160.0313,Bomb,100,100,0,0,0,False,False,False,286.875,3.867188
PB,Terrorist,1971.399,550.8027,160.0313,Bomb,100,100,0,0,0,False,False,False,286.875,3.867188
PB,Terrorist,1971.399,550.8027,160.0313,Bomb,100,100,0,0,0,False,False,False,286.875,3.867188
PB,Terrorist,1971.399,550.8027,160.0313,Bomb,100,100,0,0,0,False,False,False,286.875,3.867188
PB,Terrorist,1971.399,550.8027,160.0313,Bomb,100,100,0,0,0,False,False,False,286.875,3.867188
PB,Terrorist,1971.399,550.8027,160.0313,Bomb,100,100,0,0,0,False,False,False,286.875,3.867188
PB,Terrorist,1971.399,550.8027,160.0313,Bomb,100,100,0,0,0,False,False,False,286.875,3.867188
PB,Terrorist,1971.399,550.8027,160.0313,Bomb,100,100,0,0,0,False,False,False,286.875,3.867188
PB,Terrorist,1971.399,550.8027,160.0313,Bomb,100,100,0,0,0,False,False,False,286.875,3.867188
PB,Terrorist,1971.399,550.8027,160.0313,Bomb,100,100,0,0,0,False,False,False,286.875,3.867188
PB,Terrorist,1971.399,550.8027,160.0313,Bomb,100,100,0,0,0,False,False,False,286.875,3.867188
PB,Terrorist,1971.399,550.8027,160.0313,Bomb,100,100,0,0,0,False,False,False,286.875,3.867188
PB,Terrorist,1971.399,550.8027,160.0313,Bomb,100,100,0,0,0,False,False,False,286.875,3.867188
PB,Terrorist,1971.399,550.8027,160.0313,Bomb,100,100,0,0,0,False,False,False,287.2266,4.21875
PB,Terrorist,1971.399,550.8027,160.0313,Bomb,100,100,0,0,0,False,False,False,289.3359,4.921875
PB,Terrorist,1971.399,550.8027,160.0313,Bomb,100,100,0,0,0,False,False,False,293.9063,6.679688
PB,Terrorist,1971.399,550.8027,160.0313,Bomb,100,100,0,0,0,False,False,False,301.6406,8.085938
PB,Terrorist,1971.399,550.8027,160.0313,Bomb,100,100,0,0,0,False,False,False,316.7578,8.085938
PB,Terrorist,1971.399,550.8027,160.0313,Bomb,100,100,0,0,0,False,False,False,341.3672,8.085938
PB,Terrorist,1971.399,550.8027,160.0313,Bomb,100,100,0,0,0,False,False,False,6.328125,8.085938
PB,Terrorist,1971.399,550.8027,160.0313,Bomb,100,100,0,0,0,False,False,False,15.11719,8.4375
PB,Terrorist,1971.307,551.1424,160.0313,AWP,100,100,-2.400209,8.836056,0,True,False,False,15.11719,8.4375
PB,Terrorist,1971.09,551.9407,160.0313,AWP,100,100,-4.300716,15.83252,0,True,False,False,15.11719,8.4375
PB,Terrorist,1970.744,553.2141,160.0313,AWP,100,100,-7.520109,27.68429,0,False,False,False,15.11719,8.4375
PB,Terrorist,1969.837,556.5559,160.0313,AWP,100,100,-19.97171,73.52324,0,False,False,False,15.11719,8.4375
PB,Terrorist,1968.19,562.6183,160.0313,AWP,100,100,-30.82403,113.4746,0,False,False,False,15.11719,8.4375
PB,Terrorist,1965.97,570.7911,160.0313,AWP,100,100,-38.81737,142.9011,0,False,False,False,15.11719,8.4375
PB,Terrorist,1963.485,579.9368,160.0313,AWP,100,100,-33.57717,123.6099,0,False,False,False,15.11719,8.4375
PB,Terrorist,1962.319,584.2614,160.0313,AWP,100,100,-7.598204,29.57568,0,False,False,False,16.17188,7.734375
PB,Terrorist,1962.566,583.6198,160.0313,AWP,100,100,11.06337,-32.01613,0,False,False,False,20.03906,6.328125
PB,Terrorist,1963.836,580.2725,160.0313,AWP,100,100,23.30471,-59.42366,0,False,False,False,26.01563,4.921875
PB,Terrorist,1964.53,578.1995,160.0313,AWP,100,100,-4.417064,0.1934564,0,False,False,False,29.53125,3.867188
PB,Terrorist,1963.544,579.8257,160.0313,AWP,100,100,-25.90534,44.176,0,False,False,False,29.88281,3.867188
PB,Terrorist,1962.427,581.7265,160.0313,AWP,100,100,-5.804895,9.59374,0,False,False,False,29.88281,3.867188
PB,Terrorist,1963.15,580.4666,160.0313,AWP,100,100,22.08615,-38.48821,0,False,False,False,29.88281,3.867188
PB,Terrorist,1965.367,576.6228,160.0313,AWP,100,100,45.86196,-78.92488,0,False,False,False,30.9375,3.867188
PB,Terrorist,1968.979,570.5354,160.0313,AWP,100,100,66.59505,-110.1034,0,False,False,False,33.39844,3.867188
PB,Terrorist,1973.796,562.873,160.0313,AWP,100,100,84.86274,-131.0488,0,False,False,False,36.91406,3.515625
PB,Terrorist,1979.666,554.1697,160.0313,AWP,100,100,100.5967,-144.7659,0,False,False,False,39.375,3.515625
PB,Terrorist,1986.439,544.7999,160.0313,AWP,100,100,114.0786,-153.3139,0,False,False,False,41.13281,3.164063
PB,Terrorist,1993.951,535.0316,160.0313,AWP,100,100,123.6159,-157.2231,0,False,False,False,41.83594,3.164063
PB,Terrorist,2000.035,527.4117,160.0313,AWP,100,100,92.96995,-115.2743,0,True,False,False,40.07813,2.8125
PB,Terrorist,2005.904,520.1188,160.0313,AWP,100,100,70.35378,-87.50335,0,True,False,False,34.45313,2.8125
PB,Terrorist,2008.792,516.6271,160.0313,AWP,100,100,40.67396,-47.49414,0,True,False,False,34.10156,2.460938
PB,Terrorist,2010.278,515.0464,160.0313,AWP,100,100,13.12564,-12.40722,0,False,False,False,28.82813,2.460938
PB,Terrorist,2010.546,514.808,160.0313,AWP,100,100,-1.58082,3.366023,0,False,False,False,25.3125,1.757813
PB,Terrorist,2010.359,515.2573,160.0313,AWP,100,100,-3.535482,10.35947,0,False,False,False,15.11719,1.40625
PB,Terrorist,2010.161,516.1713,160.0313,Glock,100,100,-3.079363,17.86352,0,True,False,False,8.789063,1.40625
PB,Terrorist,2009.9,517.5338,160.0313,Glock,100,100,-5.291415,24.80362,0,True,False,False,13.71094,3.515625
PB,Terrorist,2009.505,519.331,160.0313,Glock,100,100,-6.964546,31.85764,0,True,False,False,12.30469,6.328125
PB,Terrorist,2008.786,522.3328,160.0313,Glock,100,100,-18.56208,71.35298,0,False,False,False,17.22656,7.382813
PB,Terrorist,2007.201,527.8154,160.0313,Glock,78,95,-27.70071,90.81944,0,False,False,False,21.79688,7.03125
PB,Terrorist,2005.373,533.4609,160.0313,Glock,56,90,-29.72671,87.54042,0,False,False,False,24.96094,6.679688
PB,Terrorist,2003.319,538.9968,160.0313,Glock,34,85,-33.22886,84.93105,0,False,False,False,28.82813,5.976563
PB,Terrorist,2001.04,544.4123,160.0313,Glock,34,85,-38.59559,88.1182,0,False,False,False,27.42188,5.273438
PB,Terrorist,2000.114,550.4897,160.0313,Glock,34,85,0.8210239,101.1966,0,False,False,False,23.55469,4.21875
PB,Terrorist,2000.992,556.8032,160.0313,Glock,12,80,17.43557,89.51781,0,False,False,False,17.92969,3.515625
PB,Terrorist,2001.121,562.6647,160.0313,Glock,12,80,-5.949984,96.0158,0,False,False,False,16.52344,3.515625
