Name,Team,Position.X,Position.Y,Position.Z,ActiveWeapon,HP,Armour,Velocity.X,Velocity.Y,Velocity.Z,IsDucking,HasHelmet,HasDefuseKit,ViewDirectionX,ViewDirectionY,Map = de_inferno
ANG31`YL,Terrorist,-1655.52,378.79,-63.96875,Bomb,100,0,0,0,0,False,False,False,55.89844,1.757813
ANG31`YL,Terrorist,-1655.52,378.79,-63.96875,Bomb,100,0,0,0,0,False,False,False,337.1484,0
ANG31`YL,Terrorist,-1655.52,378.79,-63.96875,Bomb,100,0,0,0,0,False,False,False,337.1484,0
ANG31`YL,Terrorist,-1655.52,378.79,-63.96875,Bomb,100,0,0,0,0,False,False,False,337.1484,0
ANG31`YL,Terrorist,-1655.52,378.79,-63.96875,Bomb,100,0,0,0,0,False,False,False,337.1484,0
ANG31`YL,Terrorist,-1655.52,378.79,-63.96875,Bomb,100,0,0,0,0,False,False,False,337.1484,0
ANG31`YL,Terrorist,-1655.52,378.79,-63.96875,Bomb,100,0,0,0,0,False,False,False,337.1484,0
ANG31`YL,Terrorist,-1655.52,378.79,-63.96875,Bomb,100,0,0,0,0,False,False,False,337.1484,0
ANG31`YL,Terrorist,-1655.52,378.79,-63.96875,Bomb,100,0,0,0,0,False,False,False,337.1484,0
ANG31`YL,Terrorist,-1655.52,378.79,-63.96875,Bomb,100,0,0,0,0,False,False,False,337.1484,0
ANG31`YL,Terrorist,-1655.52,378.79,-63.96875,Bomb,100,0,0,0,0,False,False,False,337.1484,0
ANG31`YL,Terrorist,-1655.52,378.79,-63.96875,Bomb,100,0,0,0,0,False,False,False,337.1484,0
ANG31`YL,Terrorist,-1655.52,378.79,-63.96875,Bomb,100,0,0,0,0,False,False,False,337.1484,0
ANG31`YL,Terrorist,-1655.52,378.79,-63.96875,Bomb,100,0,0,0,0,False,False,False,337.1484,0
ANG31`YL,Terrorist,-1655.52,378.79,-63.96875,Bomb,100,0,0,0,0,False,False,False,337.1484,0
ANG31`YL,Terrorist,-1655.52,378.79,-63.96875,Bomb,100,0,0,0,0,False,False,False,337.1484,0
ANG31`YL,Terrorist,-1655.52,378.79,-63.96875,Bomb,100,0,0,0,0,False,False,False,337.1484,0
ANG31`YL,Terrorist,-1655.52,378.79,-63.96875,Bomb,100,0,0,0,0,False,False,False,337.1484,0
ANG31`YL,Terrorist,-1655.52,378.79,-63.96875,Bomb,100,0,0,0,0,False,False,False,337.1484,0
ANG31`YL,Terrorist,-1655.52,378.79,-63.96875,Bomb,100,0,0,0,0,False,False,False,337.1484,0
ANG31`YL,Terrorist,-1655.52,378.79,-63.96875,Bomb,100,0,0,0,0,False,False,False,337.1484,0
ANG31`YL,Terrorist,-1655.52,378.79,-63.96875,Bomb,100,0,0,0,0,False,False,False,337.1484,0
ANG31`YL,Terrorist,-1655.52,378.79,-63.96875,Bomb,100,0,0,0,0,False,False,False,337.1484,0
ANG31`YL,Terrorist,-1655.52,378.79,-63.96875,Bomb,100,0,0,0,0,False,False,False,337.1484,0
ANG31`YL,Terrorist,-1655.52,378.79,-63.96875,Bomb,100,0,0,0,0,False,False,False,337.1484,0
ANG31`YL,Terrorist,-1655.52,378.79,-63.96875,Bomb,100,0,0,0,0,False,False,False,337.1484,0
ANG31`YL,Terrorist,-1655.52,378.79,-63.96875,Bomb,100,0,0,0,0,False,False,False,337.1484,0
ANG31`YL,Terrorist,-1655.52,378.79,-63.96875,Bomb,100,0,0,0,0,False,False,False,337.1484,0
ANG31`YL,Terrorist,-1655.52,378.79,-63.96875,Bomb,100,0,0,0,0,False,False,False,337.1484,0
ANG31`YL,Terrorist,-1655.52,378.79,-63.96875,Bomb,100,0,0,0,0,False,False,False,337.1484,0
ANG31`YL,Terrorist,-1655.52,378.79,-63.96875,Bomb,100,0,0,0,0,False,False,False,337.1484,0
ANG31`YL,Terrorist,-1655.52,378.79,-63.96875,Bomb,100,0,0,0,0,False,False,False,337.1484,0
ANG31`YL,Terrorist,-1655.52,378.79,-63.96875,Bomb,100,0,0,0,0,False,False,False,336.7969,0
ANG31`YL,Terrorist,-1655.52,378.79,-63.96875,Bomb,100,0,0,0,0,False,False,False,335.3906,0.3515625
ANG31`YL,Terrorist,-1655.52,378.79,-63.96875,Bomb,100,0,0,0,0,False,False,False,335.3906,0.3515625
ANG31`YL,Terrorist,-1655.52,378.79,-63.96875,Bomb,100,0,0,0,0,False,False,False,332.5781,0.3515625
ANG31`YL,Terrorist,-1655.52,378.79,-63.96875,Bomb,100,0,0,0,0,False,False,False,320.9766,0
ANG31`YL,Terrorist,-1655.52,378.79,-63.96875,Bomb,100,0,0,0,0,False,False,False,319.5703,359.6484
ANG31`YL,Terrorist,-1655.52,378.79,-63.96875,Bomb,100,0,0,0,0,False,False,False,319.5703,359.6484
ANG31`YL,Terrorist,-1655.52,378.79,-63.96875,Bomb,100,0,0,0,0,False,False,False,319.5703,359.6484
ANG31`YL,Terrorist,-1655.52,378.79,-63.96875,Bomb,100,0,0,0,0,False,False,False,319.5703,359.6484
ANG31`YL,Terrorist,-1655.52,378.79,-63.96875,Bomb,100,0,0,0,0,False,False,False,319.5703,359.6484
ANG31`YL,Terrorist,-1655.52,378.79,-63.96875,Bomb,100,0,0,0,0,False,False,False,319.9219,0
ANG31`YL,Terrorist,-1655.52,378.79,-63.96875,Bomb,100,0,0,0,0,False,False,False,319.9219,0.3515625
ANG31`YL,Terrorist,-1655.52,378.79,-63.96875,Bomb,100,0,0,0,0,False,False,False,319.9219,0.3515625
ANG31`YL,Terrorist,-1655.52,378.79,-63.96875,Bomb,100,0,0,0,0,False,False,False,319.9219,0.3515625
ANG31`YL,Terrorist,-1655.52,378.79,-63.96875,Bomb,100,0,0,0,0,False,False,False,319.9219,0.3515625
ANG31`YL,Terrorist,-1655.52,378.79,-63.96875,Bomb,100,0,0,0,0,False,False,False,319.9219,0.3515625
ANG31`YL,Terrorist,-1655.52,378.79,-63.96875,Bomb,100,0,0,0,0,False,False,False,319.9219,0.3515625
ANG31`YL,Terrorist,-1655.52,378.79,-63.96875,Bomb,100,0,0,0,0,False,False,False,319.9219,0.3515625
ANG31`YL,Terrorist,-1655.52,378.79,-63.96875,Bomb,100,0,0,0,0,False,False,False,319.9219,0.3515625
ANG31`YL,Terrorist,-1655.52,378.79,-63.96875,Bomb,100,0,0,0,0,False,False,False,319.9219,0.3515625
ANG31`YL,Terrorist,-1655.52,378.79,-63.96875,Bomb,100,0,0,0,0,False,False,False,319.9219,0.3515625
ANG31`YL,Terrorist,-1655.52,378.79,-63.96875,Bomb,100,0,0,0,0,False,False,False,319.9219,0.3515625
ANG31`YL,Terrorist,-1655.52,378.79,-63.96875,Bomb,100,0,0,0,0,False,False,False,319.9219,0.3515625
ANG31`YL,Terrorist,-1655.52,378.79,-63.96875,Bomb,100,0,0,0,0,False,False,False,319.9219,0.3515625
ANG31`YL,Terrorist,-1655.52,378.79,-63.96875,Bomb,100,0,0,0,0,False,False,False,319.9219,0.3515625
ANG31`YL,Terrorist,-1655.52,378.79,-63.96875,Bomb,100,0,0,0,0,False,False,False,319.9219,0.3515625
ANG31`YL,Terrorist,-1655.52,378.79,-63.96875,Bomb,100,0,0,0,0,False,False,False,319.9219,0.3515625
ANG31`YL,Terrorist,-1655.52,378.79,-63.96875,Bomb,100,0,0,0,0,False,False,False,319.9219,0.3515625
ANG31`YL,Terrorist,-1655.52,378.79,-63.96875,Bomb,100,0,0,0,0,False,False,False,319.9219,0.3515625
ANG31`YL,Terrorist,-1655.52,378.79,-63.96875,Bomb,100,0,0,0,0,False,False,False,319.9219,0.3515625
ANG31`YL,Terrorist,-1655.52,378.79,-63.96875,Bomb,100,0,0,0,0,False,False,False,319.9219,0.3515625
ANG31`YL,Terrorist,-1655.52,378.79,-63.96875,Bomb,100,0,0,0,0,False,False,False,319.9219,0.3515625
ANG31`YL,Terrorist,-1655.52,378.79,-63.96875,Bomb,100,0,0,0,0,False,False,False,319.9219,0.3515625
ANG31`YL,Terrorist,-1655.52,378.79,-63.96875,Bomb,100,0,0,0,0,False,False,False,319.9219,0.3515625
ANG31`YL,Terrorist,-1655.52,378.79,-63.96875,Bomb,100,0,0,0,0,False,False,False,319.9219,0.3515625
ANG31`YL,Terrorist,-1655.52,378.79,-63.96875,Bomb,100,0,0,0,0,False,False,False,319.9219,0.3515625
ANG31`YL,Terrorist,-1655.52,378.79,-63.96875,Bomb,100,0,0,0,0,False,False,False,319.9219,0.3515625
ANG31`YL,Terrorist,-1655.52,378.79,-63.96875,Bomb,100,0,0,0,0,False,False,False,319.9219,0.3515625
ANG31`YL,Terrorist,-1655.52,378.79,-63.96875,Bomb,100,0,0,0,0,False,False,False,319.9219,0.3515625
ANG31`YL,Terrorist,-1655.52,378.79,-63.96875,Bomb,100,0,0,0,0,False,False,False,319.9219,0.3515625
ANG31`YL,Terrorist,-1655.52,378.79,-63.96875,Bomb,100,0,0,0,0,False,False,False,319.9219,0.3515625
ANG31`YL,Terrorist,-1655.52,378.79,-63.96875,Bomb,100,0,0,0,0,False,False,False,319.9219,0.3515625
ANG31`YL,Terrorist,-1655.52,378.79,-63.96875,Bomb,100,0,0,0,0,False,False,False,319.9219,0.3515625
ANG31`YL,Terrorist,-1655.52,378.79,-63.96875,Bomb,100,0,0,0,0,False,False,False,319.9219,0.3515625
ANG31`YL,Terrorist,-1655.52,378.79,-63.96875,Bomb,100,0,0,0,0,False,False,False,319.9219,0.3515625
ANG31`YL,Terrorist,-1655.52,378.79,-63.96875,Bomb,100,0,0,0,0,False,False,False,319.9219,0.3515625
ANG31`YL,Terrorist,-1655.52,378.79,-63.96875,Bomb,100,0,0,0,0,False,False,False,319.9219,0.3515625
ANG31`YL,Terrorist,-1655.52,378.79,-63.96875,Bomb,100,0,0,0,0,False,False,False,319.9219,0.3515625
ANG31`YL,Terrorist,-1655.52,378.79,-63.96875,Bomb,100,0,0,0,0,False,False,False,319.9219,0.3515625
ANG31`YL,Terrorist,-1655.52,378.79,-63.96875,Bomb,100,0,0,0,0,False,False,False,319.9219,0.3515625
ANG31`YL,Terrorist,-1655.52,378.79,-63.96875,Bomb,100,0,0,0,0,False,False,False,319.9219,0.3515625
ANG31`YL,Terrorist,-1655.52,378.79,-63.96875,Bomb,100,0,0,0,0,False,False,False,319.9219,0.3515625
ANG31`YL,Terrorist,-1655.52,378.79,-63.96875,Bomb,100,0,0,0,0,False,False,False,319.9219,0.3515625
ANG31`YL,Terrorist,-1655.52,378.79,-63.96875,Bomb,100,0,0,0,0,False,False,False,319.9219,359.6484
ANG31`YL,Terrorist,-1655.52,378.79,-63.96875,Bomb,100,0,0,0,0,False,False,False,319.9219,359.2969
ANG31`YL,Terrorist,-1655.52,378.79,-63.96875,Bomb,100,0,0,0,0,False,False,False,318.1641,1.40625
ANG31`YL,Terrorist,-1655.52,378.79,-63.96875,Bomb,100,0,0,0,0,False,False,False,319.2188,1.40625
ANG31`YL,Terrorist,-1655.52,378.79,-63.96875,Bomb,100,0,0,0,0,False,False,False,319.2188,1.40625
ANG31`YL,Terrorist,-1655.52,378.79,-63.96875,Bomb,100,0,0,0,0,False,False,False,319.2188,1.40625
ANG31`YL,Terrorist,-1655.52,378.79,-63.96875,Bomb,100,0,0,0,0,False,False,False,319.2188,1.40625
ANG31`YL,Terrorist,-1655.52,378.79,-63.96875,Bomb,100,0,0,0,0,False,False,False,319.5703,1.40625
ANG31`YL,Terrorist,-1655.52,378.79,-63.96875,Bomb,100,0,0,0,0,False,False,False,319.9219,1.757813
ANG31`YL,Terrorist,-1655.52,378.79,-63.96875,Bomb,100,0,0,0,0,False,False,False,319.9219,1.757813
ANG31`YL,Terrorist,-1655.52,378.79,-63.96875,Bomb,100,0,0,0,0,False,False,False,319.9219,1.757813
ANG31`YL,Terrorist,-1655.52,378.79,-63.96875,Bomb,100,0,0,0,0,False,False,False,319.9219,1.757813
ANG31`YL,Terrorist,-1655.52,378.79,-63.96875,Bomb,100,0,0,0,0,False,False,False,319.9219,1.757813
ANG31`YL,Terrorist,-1655.52,378.79,-63.96875,Bomb,100,0,0,0,0,False,False,False,319.9219,1.757813
ANG31`YL,Terrorist,-1655.52,378.79,-63.96875,Bomb,100,0,0,0,0,False,False,False,319.9219,1.757813
ANG31`YL,Terrorist,-1655.52,378.79,-63.96875,Bomb,100,0,0,0,0,False,False,False,319.9219,1.757813
ANG31`YL,Terrorist,-1655.52,378.79,-63.96875,Bomb,100,0,0,0,0,False,False,False,319.9219,1.757813
ANG31`YL,Terrorist,-1655.52,378.79,-63.96875,Bomb,100,0,0,0,0,False,False,False,319.9219,1.757813
ANG31`YL,Terrorist,-1655.52,378.79,-63.96875,Bomb,100,0,0,0,0,False,False,False,319.9219,1.757813
ANG31`YL,Terrorist,-1655.52,378.79,-63.96875,Bomb,100,0,0,0,0,False,False,False,319.9219,1.757813
ANG31`YL,Terrorist,-1655.52,378.79,-63.96875,Bomb,100,100,0,0,0,False,True,False,319.9219,1.757813
ANG31`YL,Terrorist,-1655.52,378.79,-63.96875,Bomb,100,100,0,0,0,False,True,False,319.9219,1.757813
ANG31`YL,Terrorist,-1655.52,378.79,-63.96875,Bomb,100,100,0,0,0,False,True,False,319.9219,1.757813
ANG31`YL,Terrorist,-1655.52,378.79,-63.96875,Bomb,100,100,0,0,0,False,True,False,319.9219,1.757813
ANG31`YL,Terrorist,-1655.52,378.79,-63.96875,Bomb,100,100,0,0,0,False,True,False,319.9219,1.757813
ANG31`YL,Terrorist,-1655.52,378.79,-63.96875,Bomb,100,100,0,0,0,False,True,False,320.2734,2.8125
ANG31`YL,Terrorist,-1655.52,378.79,-63.96875,Bomb,100,100,0,0,0,False,True,False,318.8672,2.8125
ANG31`YL,Terrorist,-1655.52,378.79,-63.96875,Bomb,100,100,0,0,0,False,True,False,318.8672,2.8125
ANG31`YL,Terrorist,-1655.52,378.79,-63.96875,Bomb,100,100,0,0,0,False,True,False,319.2188,2.8125
ANG31`YL,Terrorist,-1655.52,378.79,-63.96875,Bomb,100,100,0,0,0,False,True,False,319.5703,2.8125
ANG31`YL,Terrorist,-1655.52,378.79,-63.96875,Bomb,100,100,0,0,0,False,True,False,319.5703,2.8125
ANG31`YL,Terrorist,-1655.52,378.79,-63.96875,Bomb,100,100,0,0,0,False,True,False,319.5703,2.8125
ANG31`YL,Terrorist,-1655.52,378.79,-63.96875,Bomb,100,100,0,0,0,False,True,False,319.5703,2.8125
ANG31`YL,Terrorist,-1655.52,378.79,-63.96875,Bomb,100,100,0,0,0,False,True,False,319.5703,2.8125
ANG31`YL,Terrorist,-1655.52,378.79,-63.96875,Bomb,100,100,0,0,0,False,True,False,319.5703,2.8125
ANG31`YL,Terrorist,-1655.52,378.79,-63.96875,Gallil,100,100,0,0,0,False,True,False,319.5703,2.8125
ANG31`YL,Terrorist,-1655.52,378.79,-63.96875,Gallil,100,100,0,0,0,False,True,False,319.5703,2.8125
ANG31`YL,Terrorist,-1655.52,378.79,-63.96875,Gallil,100,100,0,0,0,False,True,False,319.5703,2.8125
ANG31`YL,Terrorist,-1655.52,378.79,-63.96875,Gallil,100,100,0,0,0,False,True,False,319.5703,2.8125
ANG31`YL,Terrorist,-1655.52,378.79,-63.96875,Gallil,100,100,0,0,0,False,True,False,319.5703,2.8125
ANG31`YL,Terrorist,-1655.52,378.79,-63.96875,Gallil,100,100,0,0,0,False,True,False,319.5703,2.8125
ANG31`YL,Terrorist,-1655.52,378.79,-63.96875,Gallil,100,100,0,0,0,False,True,False,319.5703,2.8125
ANG31`YL,Terrorist,-1655.52,378.79,-63.96875,Gallil,100,100,0,0,0,False,True,False,319.5703,2.8125
ANG31`YL,Terrorist,-1655.52,378.79,-63.96875,Gallil,100,100,0,0,0,False,True,False,319.5703,2.8125
ANG31`YL,Terrorist,-1655.52,378.79,-63.96875,Gallil,100,100,0,0,0,False,True,False,319.5703,2.8125
ANG31`YL,Terrorist,-1655.52,378.79,-63.96875,Gallil,100,100,0,0,0,False,True,False,319.5703,2.8125
ANG31`YL,Terrorist,-1655.52,378.79,-63.96875,Gallil,100,100,0,0,0,False,True,False,319.5703,2.8125
ANG31`YL,Terrorist,-1655.52,378.79,-63.96875,Gallil,100,100,0,0,0,False,True,False,319.5703,2.8125
ANG31`YL,Terrorist,-1655.52,378.79,-63.96875,Gallil,100,100,0,0,0,False,True,False,330.8203,8.085938
ANG31`YL,Terrorist,-1655.52,378.79,-63.96875,Gallil,100,100,0,0,0,False,True,False,330.4688,8.085938
ANG31`YL,Terrorist,-1655.52,378.79,-63.96875,Gallil,100,100,0,0,0,False,True,False,330.4688,8.085938
ANG31`YL,Terrorist,-1655.52,378.79,-63.96875,Gallil,100,100,0,0,0,False,True,False,330.4688,8.085938
ANG31`YL,Terrorist,-1655.52,378.79,-63.96875,Gallil,100,100,0,0,0,False,True,False,330.4688,8.085938
ANG31`YL,Terrorist,-1655.52,378.79,-63.96875,Gallil,100,100,0,0,0,False,True,False,330.4688,8.085938
ANG31`YL,Terrorist,-1655.52,378.79,-63.96875,Gallil,100,100,0,0,0,False,True,False,330.4688,8.085938
ANG31`YL,Terrorist,-1655.52,378.79,-63.96875,Gallil,100,100,0,0,0,False,True,False,330.4688,8.085938
ANG31`YL,Terrorist,-1655.52,378.79,-63.96875,Gallil,100,100,0,0,0,False,True,False,330.4688,8.085938
ANG31`YL,Terrorist,-1655.52,378.79,-63.96875,Gallil,100,100,0,0,0,False,True,False,330.4688,8.085938
ANG31`YL,Terrorist,-1655.52,378.79,-63.96875,Gallil,100,100,0,0,0,False,True,False,330.4688,8.085938
ANG31`YL,Terrorist,-1655.52,378.79,-63.96875,Knife,100,100,0,0,0,False,True,False,330.4688,8.085938
ANG31`YL,Terrorist,-1655.52,378.79,-63.96875,Knife,100,100,0,0,0,False,True,False,330.4688,8.085938
ANG31`YL,Terrorist,-1655.52,378.79,-63.96875,Knife,100,100,0,0,0,False,True,False,330.4688,8.085938
ANG31`YL,Terrorist,-1655.52,378.79,-63.96875,Knife,100,100,0,0,0,False,True,False,330.4688,8.085938
ANG31`YL,Terrorist,-1655.52,378.79,-63.96875,Knife,100,100,0,0,0,False,True,False,330.4688,8.085938
ANG31`YL,Terrorist,-1655.52,378.79,-63.96875,Knife,100,100,0,0,0,False,True,False,330.4688,8.085938
ANG31`YL,Terrorist,-1655.52,378.79,-63.96875,Knife,100,100,0,0,0,False,True,False,330.4688,8.085938
ANG31`YL,Terrorist,-1655.52,378.79,-63.96875,Knife,100,100,0,0,0,False,True,False,330.4688,8.085938
ANG31`YL,Terrorist,-1655.52,378.79,-63.96875,Knife,100,100,0,0,0,False,True,False,330.4688,8.085938
ANG31`YL,Terrorist,-1655.52,378.79,-63.96875,Bomb,100,100,0,0,0,False,True,False,330.4688,8.085938
ANG31`YL,Terrorist,-1655.52,378.79,-63.96875,Bomb,100,100,0,0,0,False,True,False,330.4688,8.085938
ANG31`YL,Terrorist,-1655.52,378.79,-63.96875,Bomb,100,100,0,0,0,False,True,False,330.4688,8.085938
ANG31`YL,Terrorist,-1655.52,378.79,-63.96875,Bomb,100,100,0,0,0,False,True,False,330.4688,8.085938
ANG31`YL,Terrorist,-1655.52,378.79,-63.96875,Bomb,100,100,0,0,0,False,True,False,330.4688,8.085938
ANG31`YL,Terrorist,-1655.52,378.79,-63.96875,Bomb,100,100,0,0,0,False,True,False,330.4688,8.085938
ANG31`YL,Terrorist,-1655.52,378.79,-63.96875,Bomb,100,100,0,0,0,False,True,False,330.4688,8.085938
ANG31`YL,Terrorist,-1655.52,378.79,-63.96875,Bomb,100,100,0,0,0,False,True,False,330.4688,8.085938
ANG31`YL,Terrorist,-1655.52,378.79,-63.96875,Bomb,100,100,0,0,0,False,True,False,330.4688,8.085938
ANG31`YL,Terrorist,-1655.52,378.79,-63.96875,Bomb,100,100,0,0,0,False,True,False,330.4688,8.085938
ANG31`YL,Terrorist,-1655.52,378.79,-63.96875,Bomb,100,100,0,0,0,False,True,False,330.4688,8.085938
ANG31`YL,Terrorist,-1655.52,378.79,-63.96875,Bomb,100,100,0,0,0,False,True,False,330.4688,8.085938
ANG31`YL,Terrorist,-1655.52,378.79,-63.96875,Bomb,100,100,0,0,0,False,True,False,330.4688,8.085938
ANG31`YL,Terrorist,-1655.52,378.79,-63.96875,Bomb,100,100,0,0,0,False,True,False,330.4688,8.085938
ANG31`YL,Terrorist,-1655.52,378.79,-63.96875,Bomb,100,100,0,0,0,False,True,False,330.4688,8.085938
ANG31`YL,Terrorist,-1655.52,378.79,-63.96875,Bomb,100,100,0,0,0,False,True,False,330.4688,8.085938
ANG31`YL,Terrorist,-1655.52,378.79,-63.96875,Bomb,100,100,0,0,0,False,True,False,330.4688,8.085938
ANG31`YL,Terrorist,-1655.52,378.79,-63.96875,Bomb,100,100,0,0,0,False,True,False,330.4688,8.085938
ANG31`YL,Terrorist,-1655.52,378.79,-63.96875,Bomb,100,100,0,0,0,False,True,False,330.4688,8.085938
ANG31`YL,Terrorist,-1655.52,378.79,-63.96875,Bomb,100,100,0,0,0,False,True,False,330.4688,8.085938
ANG31`YL,Terrorist,-1655.52,378.79,-63.96875,Bomb,100,100,0,0,0,False,True,False,330.4688,8.085938
ANG31`YL,Terrorist,-1655.52,378.79,-63.96875,Bomb,100,100,0,0,0,False,True,False,330.4688,8.085938
ANG31`YL,Terrorist,-1655.52,378.79,-63.96875,Bomb,100,100,0,0,0,False,True,False,330.4688,8.085938
ANG31`YL,Terrorist,-1655.52,378.79,-63.96875,Bomb,100,100,0,0,0,False,True,False,330.4688,8.085938
ANG31`YL,Terrorist,-1655.52,378.79,-63.96875,Bomb,100,100,0,0,0,False,True,False,330.4688,8.085938
ANG31`YL,Terrorist,-1655.52,378.79,-63.96875,Bomb,100,100,0,0,0,False,True,False,330.4688,8.085938
ANG31`YL,Terrorist,-1655.52,378.79,-63.96875,Bomb,100,100,0,0,0,False,True,False,330.4688,8.085938
ANG31`YL,Terrorist,-1655.52,378.79,-63.96875,Bomb,100,100,0,0,0,False,True,False,330.4688,8.085938
ANG31`YL,Terrorist,-1655.52,378.79,-63.96875,Bomb,100,100,0,0,0,False,True,False,330.4688,8.085938
ANG31`YL,Terrorist,-1655.52,378.79,-63.96875,Bomb,100,100,0,0,0,False,True,False,330.4688,8.085938
ANG31`YL,Terrorist,-1655.52,378.79,-63.96875,Bomb,100,100,0,0,0,False,True,False,330.4688,8.085938
ANG31`YL,Terrorist,-1655.52,378.79,-63.96875,Bomb,100,100,0,0,0,False,True,False,330.4688,8.085938
ANG31`YL,Terrorist,-1655.52,378.79,-63.96875,Bomb,100,100,0,0,0,False,True,False,330.4688,8.085938
ANG31`YL,Terrorist,-1655.52,378.79,-63.96875,Bomb,100,100,0,0,0,False,True,False,330.4688,8.085938
ANG31`YL,Terrorist,-1655.52,378.79,-63.96875,Bomb,100,100,0,0,0,False,True,False,330.4688,8.085938
ANG31`YL,Terrorist,-1655.52,378.79,-63.96875,Bomb,100,100,0,0,0,False,True,False,330.4688,8.085938
ANG31`YL,Terrorist,-1655.52,378.79,-63.96875,Bomb,100,100,0,0,0,False,True,False,330.4688,8.085938
ANG31`YL,Terrorist,-1655.52,378.79,-63.96875,Bomb,100,100,0,0,0,False,True,False,330.4688,8.085938
ANG31`YL,Terrorist,-1655.52,378.79,-63.96875,Bomb,100,100,0,0,0,False,True,False,330.4688,8.085938
ANG31`YL,Terrorist,-1654.672,377.7733,-63.96875,Bomb,100,100,36.33698,-30.20512,0,False,True,False,330.4688,8.085938
ANG31`YL,Terrorist,-1651.137,375.3354,-63.96875,Bomb,100,100,85.20842,-55.36922,0,False,True,False,330.4688,8.085938
ANG31`YL,Terrorist,-1644.181,371.0193,-63.96875,Bomb,100,100,129.7281,-78.45467,0,False,True,False,331.5234,8.085938
ANG31`YL,Terrorist,-1634.838,365.5476,-63.96875,Bomb,100,100,163.4236,-93.80573,0,False,True,False,332.2266,8.4375
ANG31`YL,Terrorist,-1622.218,358.4467,-63.96875,Bomb,100,100,190.943,-106.1131,0,False,True,False,332.2266,8.4375
ANG31`YL,Terrorist,-1621.091,352.4189,-63.96875,Bomb,100,100,0,-112.886,0,False,True,False,332.9297,9.492188
ANG31`YL,Terrorist,-1621.063,344.3698,-63.96875,Bomb,100,100,0,-146.383,0,False,True,False,338.9063,13.00781
ANG31`YL,Terrorist,-1620.779,332.8108,-63.96875,Bomb,100,100,17.97086,-175.9021,0,False,True,False,349.8047,13.71094
ANG31`YL,Terrorist,-1618.666,322.7064,-63.96875,Bomb,100,100,52.81504,-190.8407,0,False,True,False,349.8047,13.71094
ANG31`YL,Terrorist,-1614.266,310.3077,-63.96875,Bomb,100,100,82.73934,-203.6701,0,False,True,False,349.8047,13.71094
ANG31`YL,Terrorist,-1608.286,297.2314,-63.96875,Bomb,100,100,104.7803,-213.1196,0,False,True,False,349.8047,13.71094
ANG31`YL,Terrorist,-1601.903,284.9596,-63.96875,Gallil,100,100,102.6013,-188.9391,0,False,True,False,349.8047,13.71094
ANG31`YL,Terrorist,-1595.342,273.2338,-63.96875,Gallil,100,100,100.6217,-190.0007,0,False,True,False,1.757813,14.41406
ANG31`YL,Terrorist,-1588.416,259.8015,-63.96875,Gallil,100,100,107.9374,-185.9422,0,False,True,False,60.11719,16.52344
ANG31`YL,Terrorist,-1581.66,250.3031,-63.96875,Gallil,100,100,129.1947,-171.8538,0,False,True,False,81.5625,13.71094
ANG31`YL,Terrorist,-1573.592,239.5577,-63.96875,Gallil,100,100,129.0308,-171.9769,0,False,True,False,81.5625,13.71094
ANG31`YL,Terrorist,-1564.525,227.4615,-63.96878,Gallil,100,100,128.8974,-172.0769,0,False,True,False,81.5625,13.71094
ANG31`YL,Terrorist,-1557.478,218.0492,-63.9688,Gallil,100,100,128.821,-172.1341,0,False,True,False,81.5625,13.71094
ANG31`YL,Terrorist,-1549.39,207.3184,-63.9688,Gallil,100,100,130.6012,-170.7874,0,False,True,False,86.48438,13.71094
ANG31`YL,Terrorist,-1540.992,196.8301,-63.9688,Gallil,100,100,138.0314,-164.8403,0,False,True,False,93.51563,13.35938
ANG31`YL,Terrorist,-1530.135,187.1202,-63.9688,Gallil,100,100,168.3142,-114.3901,0,False,True,False,95.62501,13.35938
ANG31`YL,Terrorist,-1520.324,181.9027,-63.9688,Gallil,100,100,185.3399,-79.04257,0,False,True,False,85.42969,13.35938
ANG31`YL,Terrorist,-1508.693,179.2115,-63.9688,Gallil,100,100,183.5034,-14.32036,0,False,True,False,44.29688,9.140625
ANG31`YL,Terrorist,-1496.919,179.6709,-63.9688,Gallil,100,100,193.7344,19.12746,0,False,True,False,21.44531,5.273438
ANG31`YL,Terrorist,-1484.27,181.6368,-63.9688,Knife,100,100,210.748,41.01077,0,False,True,False,21.44531,5.273438
ANG31`YL,Terrorist,-1468.729,185.3123,-63.9688,Knife,100,100,228.3474,60.30419,0,False,True,False,21.44531,5.273438
ANG31`YL,Terrorist,-1455.915,188.9681,-63.9688,Knife,100,100,238.4102,71.33546,0,False,True,False,21.44531,5.273438
ANG31`YL,Terrorist,-1439.145,194.2341,-63.9688,Knife,100,100,239.0209,73.27341,0,False,True,False,21.44531,5.273438
ANG31`YL,Terrorist,-1423.922,197.0002,-63.94829,Knife,100,100,246.8589,24.13282,0,False,True,False,22.5,4.921875
ANG31`YL,Terrorist,-1410.286,197.2975,-60.53917,Knife,100,100,249.8946,-7.25867,0,False,True,False,23.20313,4.921875
ANG31`YL,Terrorist,-1394.724,195.9446,-56.64888,Knife,100,100,248.1295,-30.525,0,False,True,False,27.77344,5.625
ANG31`YL,Terrorist,-1377.353,193.9074,-52.30593,Knife,100,100,242.9047,-11.10003,0,False,True,False,54.14063,7.03125
ANG31`YL,Terrorist,-1363.159,195.7915,-48.75759,Knife,100,100,215.5498,59.352,0,False,True,False,61.875,6.328125
ANG31`YL,Terrorist,-1351.968,200.5454,-47.96875,Knife,100,100,197.158,105.8386,0,False,True,False,61.875,6.328125
ANG31`YL,Terrorist,-1340.226,208.6264,-47.96875,Knife,100,100,181.3631,145.7614,0,False,True,False,61.875,6.328125
ANG31`YL,Terrorist,-1328.004,220.2104,-47.96875,Knife,100,100,168.2855,178.368,0,False,True,False,62.57813,6.328125
ANG31`YL,Terrorist,-1317.897,232.0544,-47.96875,Knife,100,100,155.6944,195.5998,0,False,True,False,62.92969,6.328125
ANG31`YL,Terrorist,-1309.725,243.0134,-47.96875,Knife,100,100,145.1313,203.5606,0,False,True,False,62.92969,6.328125
ANG31`YL,Terrorist,-1300.997,255.9719,-47.96875,Knife,100,100,135.6486,209.9987,0,False,True,False,63.63281,6.679688
ANG31`YL,Terrorist,-1291.813,270.9592,-47.96875,Knife,100,100,127.0258,215.324,0,False,True,False,64.33594,6.679688
ANG31`YL,Terrorist,-1284.067,284.5285,-47.96875,Knife,100,100,121.8347,218.3032,0,False,True,False,64.33594,6.679688
ANG31`YL,Terrorist,-1277.508,296.524,-50.58627,Knife,100,100,118.6901,220.0288,0,False,True,False,63.98437,6.679688
ANG31`YL,Terrorist,-1270.183,310.3253,-55.96875,Knife,100,100,116.192,221.3582,0,False,True,False,63.98437,6.679688
ANG31`YL,Terrorist,-1262.086,325.9278,-55.96875,Knife,100,100,114.4536,222.262,0,False,True,False,63.63281,6.328125
ANG31`YL,Terrorist,-1254.965,339.8355,-55.96875,Knife,100,100,113.6701,222.6637,0,False,True,False,63.28125,6.328125
ANG31`YL,Terrorist,-1248.758,352.0171,-55.96875,Knife,100,100,113.4012,222.8008,0,False,True,False,63.28125,6.328125
ANG31`YL,Terrorist,-1240.792,367.687,-55.96875,Knife,100,100,113.1991,222.9035,0,False,True,False,63.28125,6.328125
ANG31`YL,Terrorist,-1234.603,379.8774,-55.96875,Knife,100,100,113.2087,222.8986,0,False,True,False,62.92969,5.976563
ANG31`YL,Terrorist,-1227.521,393.8055,-55.96875,Knife,100,100,113.3755,222.8138,0,False,True,False,62.92969,5.976563
ANG31`YL,Terrorist,-1220.431,407.729,-55.96875,Knife,100,100,113.5122,222.7442,0,False,True,False,62.92969,5.976563
ANG31`YL,Terrorist,-1212.436,423.3839,-55.96875,Knife,100,100,113.9523,222.5194,0,False,True,False,62.22656,5.976563
ANG31`YL,Terrorist,-1206.146,435.5228,-55.96875,Knife,100,100,116.5638,221.1626,0,False,True,False,57.65625,5.273438
ANG31`YL,Terrorist,-1198.366,449.0678,-55.96875,Knife,100,100,133.9486,211.0871,0,False,True,False,36.21094,3.867188
ANG31`YL,Terrorist,-1188.832,461.4226,-55.96875,Knife,100,100,167.0836,185.9652,0,False,True,False,21.44531,2.8125
ANG31`YL,Terrorist,-1177.494,472.1574,-55.96875,Knife,100,100,190.9099,161.4107,0,False,True,False,21.44531,2.8125
ANG31`YL,Terrorist,-1165.005,481.5363,-55.96875,Knife,100,100,205.7616,141.9935,0,False,True,False,21.44531,2.8125
ANG31`YL,Terrorist,-1151.795,489.8761,-55.96875,Knife,100,100,215.0876,127.4259,0,False,True,False,21.44531,2.8125
ANG31`YL,Terrorist,-1138.129,497.448,-55.96875,Knife,100,100,221.0802,116.7199,0,False,True,False,21.09375,2.460938
ANG31`YL,Terrorist,-1122.384,505.2617,-49.15715,Knife,100,100,225.8996,107.0951,0,False,True,False,20.03906,1.757813
ANG31`YL,Terrorist,-1109.954,510.9549,-42.94225,Knife,100,100,228.1873,102.13,0,False,True,False,20.39063,1.054688
ANG31`YL,Terrorist,-1095.627,517.1897,-39.96875,Knife,100,100,229.9454,98.10773,0,False,True,False,20.39063,1.054688
ANG31`YL,Terrorist,-1079.404,523.9561,-39.96875,Knife,100,100,231.2858,94.9047,0,False,True,False,20.39063,1.054688
ANG31`YL,Terrorist,-1066.73,529.0828,-39.96875,Knife,100,100,232.0853,92.93228,0,False,True,False,20.39063,1.054688
ANG31`YL,Terrorist,-1052.215,534.8661,-39.96875,Knife,100,100,232.2358,92.55551,0,False,True,False,22.14844,0.3515625
ANG31`YL,Terrorist,-1035.837,541.0665,-39.96875,Knife,100,100,236.0356,71.32942,0,False,True,False,22.85156,0
ANG31`YL,Terrorist,-1022.67,543.5848,-39.96875,Knife,100,100,244.0193,28.71521,0,False,True,False,22.85156,0
ANG31`YL,Terrorist,-1005.234,543.8963,-39.96875,Knife,100,100,249.6335,-13.53192,0,False,True,False,20.39063,0
ANG31`YL,Terrorist,-991.657,542.3367,-39.96875,Knife,100,100,246.9896,-38.68002,0,False,True,False,20.03906,0.703125
ANG31`YL,Terrorist,-974.4303,538.8685,-39.96875,Knife,100,100,245.6706,-45.44325,0,False,True,False,20.03906,0.703125
ANG31`YL,Terrorist,-960.838,537.4984,-39.96875,Knife,100,100,249.7559,-11.04484,0,False,True,False,20.03906,0
ANG31`YL,Terrorist,-945.2254,537.8695,-39.96875,Bomb,100,100,249.3727,17.69872,0,False,True,False,19.6875,0
ANG31`YL,Terrorist,-929.717,539.7386,-31.96875,Bomb,100,100,246.9883,38.68796,0,False,True,False,21.09375,0.703125
ANG31`YL,Terrorist,-912.535,543.4123,-31.96875,Bomb,100,100,241.8301,63.38921,0,False,True,False,28.47656,0.3515625
ANG31`YL,Terrorist,-899.4534,547.3788,-31.96875,Bomb,100,100,237.2954,78.6823,0,False,True,False,28.47656,0.3515625
ANG31`YL,Terrorist,-884.3365,551.1664,-31.96875,Bomb,100,100,246.3851,42.36046,0,False,True,False,29.88281,0.703125
ANG31`YL,Terrorist,-868.8177,552.9565,-31.96875,Bomb,100,100,248.8816,23.62091,0,False,True,False,49.57031,3.515625
ANG31`YL,Terrorist,-853.2523,554.2594,-31.96875,Bomb,100,100,249.8282,9.267207,0,False,True,False,72.42188,5.976563
ANG31`YL,Terrorist,-837.6292,554.1863,-31.96875,Bomb,100,100,249.9406,-5.449626,0,False,True,False,85.78125,6.679688
ANG31`YL,Terrorist,-822.007,553.9014,-31.96875,Bomb,100,100,249.9926,-1.922277,0,False,True,False,95.62501,6.679688
ANG31`YL,Terrorist,-808.5767,554.2204,-31.96875,Gallil,100,100,214.6152,12.8579,0,False,True,False,107.2266,5.976563
ANG31`YL,Terrorist,-795.2124,555.5941,-31.96875,Gallil,100,100,213.1323,28.27731,0,False,True,False,107.2266,5.976563
ANG31`YL,Terrorist,-781.952,557.7601,-31.96875,Gallil,100,100,211.4232,39.05417,0,False,True,False,107.2266,5.976563
ANG31`YL,Terrorist,-768.7923,560.4752,-31.96875,Gallil,100,100,209.9334,46.39988,0,False,True,False,107.2266,5.976563
ANG31`YL,Terrorist,-755.7139,563.56,-31.96875,Gallil,100,100,208.7141,51.60859,0,False,True,False,108.9844,6.328125
ANG31`YL,Terrorist,-743.0687,567.788,-31.96875,Gallil,100,100,190.7904,86.41098,0,False,True,False,168.3984,7.382813
ANG31`YL,Terrorist,-732.886,574.6884,-31.96875,Gallil,100,100,152.1099,124.6364,0,False,True,False,190.8984,4.570313
ANG31`YL,Terrorist,-723.4861,583.2791,-31.96875,Gallil,100,100,149.1972,146.444,0,False,True,False,190.8984,4.570313
ANG31`YL,Terrorist,-713.7996,592.3506,-31.96875,Gallil,100,100,165.3783,134.5883,0,False,True,False,190.8984,4.570313
ANG31`YL,Terrorist,-702.7188,599.8893,-31.96875,Gallil,100,100,184.6228,110.179,0,False,True,False,190.8984,4.570313
ANG31`YL,Terrorist,-690.7859,606.0553,-31.96875,Gallil,100,100,195.0186,90.51377,0,False,True,False,190.8984,4.570313
ANG31`YL,Terrorist,-678.3736,611.1967,-31.96875,Gallil,100,100,200.7613,76.94083,0,False,True,False,192.6563,4.921875
ANG31`YL,Terrorist,-665.7208,615.7191,-31.96875,Gallil,100,100,203.4079,69.6437,0,False,True,False,194.7656,4.570313
ANG31`YL,Terrorist,-651.3568,620.4306,-31.96875,Gallil,100,100,204.8291,65.3457,0,False,True,False,195.4688,4.570313
ANG31`YL,Terrorist,-640.1407,623.9587,-31.96875,Gallil,100,100,205.2509,64.00818,0,False,True,False,196.1719,4.570313
ANG31`YL,Terrorist,-627.3121,627.9578,-27.33483,Gallil,100,100,205.073,64.57603,0,False,True,False,199.6875,2.8125
ANG31`YL,Terrorist,-614.5775,632.1234,-31.96875,Gallil,100,100,201.9028,68.63187,0,False,True,False,201.4453,2.8125
ANG31`YL,Terrorist,-601.8901,636.5417,-31.96875,Gallil,100,100,202.6852,71.71982,0,False,True,False,201.4453,2.8125
ANG31`YL,Terrorist,-589.2457,641.0897,-31.96875,Gallil,100,100,202.0468,73.49889,0,False,True,False,201.4453,2.8125
ANG31`YL,Terrorist,-575.0609,646.3165,-31.96875,Gallil,100,100,201.5199,74.93157,0,False,True,False,201.4453,2.8125
ANG31`YL,Terrorist,-564.05,650.4407,-31.96875,Gallil,100,100,201.2152,75.74586,0,False,True,False,201.4453,2.8125
ANG31`YL,Terrorist,-551.4839,655.2004,-31.96875,Gallil,100,100,200.9466,76.4557,0,False,True,False,201.4453,2.8125
ANG31`YL,Terrorist,-539.4975,659.778,-31.96875,Gallil,100,100,172.3588,65.87686,0,False,True,False,201.4453,2.8125
ANG31`YL,Terrorist,-534.1323,663.542,-31.96875,Gallil,100,100,0,42.41725,0,False,True,False,201.0938,2.8125
ANG31`YL,Terrorist,-534.1323,665.2053,-31.96875,Gallil,100,100,0,21.41725,0,False,True,False,200.0391,2.8125
ANG31`YL,Terrorist,-534.1323,664.4649,-31.96875,Gallil,100,100,0,-34.66537,0,False,True,False,198.9844,2.460938
ANG31`YL,Terrorist,-534.1323,660.6369,-31.96875,Gallil,100,100,0,-81.94492,0,False,True,False,198.6328,2.460938
ANG31`YL,Terrorist,-534.1323,654.0061,-31.96875,Gallil,100,100,0,-123.0497,0,False,True,False,198.2813,2.109375
ANG31`YL,Terrorist,-534.1323,646.5797,-31.96875,Gallil,100,100,0,-104.5582,0,False,True,False,198.2813,2.460938
ANG31`YL,Terrorist,-534.1323,641.0562,-15.24207,Gallil,100,100,0,-77.01299,0,False,True,False,198.2813,2.460938
ANG31`YL,Terrorist,-534.1323,637.0864,-15.24207,Gallil,100,100,0,-53.01299,0,False,True,False,198.2813,2.460938
ANG31`YL,Terrorist,-535.4679,634.1008,-15.4154,Gallil,100,100,-46.93113,-48.61185,0,False,True,False,198.2813,2.460938
ANG31`YL,Terrorist,-540.2213,630.7966,-16.0323,Gallil,100,100,-96.8501,-56.20461,0,False,True,False,198.2813,2.460938
ANG31`YL,Terrorist,-547.6405,627.0629,-16.99515,Gallil,100,100,-134.0498,-62.21994,0,False,True,False,198.2813,2.460938
ANG31`YL,Terrorist,-557.0248,623.0115,-18.21304,Gallil,100,100,-161.4494,-66.65057,0,False,True,False,198.2813,2.460938
ANG31`YL,Terrorist,-567.8564,618.7258,-19.61874,Gallil,100,100,-181.6207,-69.94426,0,False,True,False,198.6328,2.460938
ANG31`YL,Terrorist,-579.7437,614.2375,-21.16146,Gallil,100,100,-196.1566,-73.31006,0,False,True,False,199.6875,2.460938
ANG31`YL,Terrorist,-592.2881,609.5907,-22.78945,Gallil,100,100,-201.7486,-74.31362,0,False,True,False,199.6875,2.460938
ANG31`YL,Terrorist,-605.0471,608.0067,-24.4453,Gallil,100,100,-207.8555,0,0,False,True,False,199.6875,2.460938
ANG31`YL,Terrorist,-619.9905,608.0067,-26.38463,Gallil,100,100,-214.9772,0,0,False,True,False,199.6875,2.460938
ANG31`YL,Terrorist,-631.799,607.922,-11.48621,Knife,100,100,-219.3856,-7.177052,0,False,True,False,199.6875,2.460938
ANG31`YL,Terrorist,-646.0475,607.0027,-18.83308,Knife,100,100,-234.0052,-3.657097,0,False,True,False,199.6875,2.460938
ANG31`YL,Terrorist,-660.8297,606.9201,-31.96875,Knife,100,100,-224.5439,-3.387957,0,False,True,False,199.6875,2.460938
ANG31`YL,Terrorist,-671.7479,604.082,-31.96875,Knife,100,100,-139.6975,-74.91074,0,False,True,False,199.6875,2.460938
ANG31`YL,Terrorist,-678.7475,596.4575,-31.96875,Smoke,100,100,-71.05084,-131.9879,0,False,True,False,199.6875,2.460938
ANG31`YL,Terrorist,-681.5868,586.8755,-31.96875,Smoke,100,100,-28.01671,-168.4711,0,False,True,False,196.875,2.8125
ANG31`YL,Terrorist,-682.4397,576.8213,-31.96875,Smoke,100,100,-8.705131,-194.728,0,False,True,False,188.4375,2.8125
ANG31`YL,Terrorist,-682.4933,563.7994,-31.96875,Smoke,100,100,4.651419,-217.912,0,False,True,False,188.4375,2.8125
ANG31`YL,Terrorist,-681.8413,549.5529,-31.96875,Smoke,100,100,14.48927,-234.9883,0,False,True,False,188.4375,2.8125
ANG31`YL,Terrorist,-681.1651,537.7395,-31.96875,Smoke,100,100,4.572096,-132.0131,0,False,True,False,188.4375,2.8125
ANG31`YL,Terrorist,-681.3817,533.5159,-31.96875,Smoke,100,100,-7.411098,-5.433832,0,False,True,False,187.0313,3.164063
ANG31`YL,Terrorist,-681.5064,535.1998,-31.96875,Smoke,100,100,2.493941,53.77195,0,False,True,False,167.6953,3.164063
ANG31`YL,Terrorist,-680.6212,540.409,-31.96875,Smoke,100,100,6.870903,103.1061,0,False,True,False,127.9687,3.164063
ANG31`YL,Terrorist,-681.1249,548.423,-31.96875,Smoke,100,100,-9.092419,147.8801,0,False,True,False,81.5625,2.109375
ANG31`YL,Terrorist,-680.5822,558.7987,-31.96875,Knife,100,100,24.80114,177.6362,0,False,True,False,61.17188,1.757813
ANG31`YL,Terrorist,-677.9131,570.6553,-31.96875,Knife,100,100,55.27254,198.179,0,False,True,False,61.17188,1.757813
ANG31`YL,Terrorist,-673.6343,583.5972,-31.96875,Knife,100,100,77.71642,213.3099,0,False,True,False,61.17188,1.757813
ANG31`YL,Terrorist,-667.4201,599.101,-31.96875,Knife,100,100,95.98081,225.6231,0,False,True,False,61.17188,1.757813
ANG31`YL,Terrorist,-661.8845,611.5623,-31.96875,Knife,100,100,103.8188,227.4239,0,False,True,False,61.17188,1.757813
ANG31`YL,Terrorist,-655.276,625.3737,-31.96875,Smoke,100,100,111.5239,218.1454,0,False,True,False,49.57031,1.757813
ANG31`YL,Terrorist,-647.4749,638.5399,-31.96875,Smoke,100,100,135.5823,204.0648,0,False,True,False,37.61719,1.40625
ANG31`YL,Terrorist,-638.2316,650.7389,-31.96875,Smoke,100,100,156.6497,188.3769,0,False,True,False,34.80469,1.757813
ANG31`YL,Terrorist,-627.8912,662.0273,-31.96875,Smoke,100,100,171.3939,175.0689,0,False,True,False,34.45313,1.757813
ANG31`YL,Terrorist,-616.7762,672.5555,-31.96875,Smoke,100,100,182.9603,162.9433,0,False,True,False,29.88281,1.054688
ANG31`YL,Terrorist,-604.8946,682.2079,-31.96875,Smoke,100,100,195.6027,147.5283,0,False,True,False,24.25781,0.3515625
ANG31`YL,Terrorist,-592.3226,690.9451,-31.96875,Smoke,100,100,204.8623,134.3743,0,False,True,False,24.25781,0.3515625
ANG31`YL,Terrorist,-577.6437,699.9574,-31.96875,Smoke,100,100,211.4208,123.7993,0,False,True,False,24.25781,0.3515625
ANG31`YL,Terrorist,-565.8708,706.595,-31.96875,Knife,100,100,219.1268,120.3472,0,False,True,False,24.25781,0.3515625
ANG31`YL,Terrorist,-553.7617,713.0253,-31.96875,Gallil,100,100,191.2539,98.21878,0,False,True,False,22.14844,359.6484
ANG31`YL,Terrorist,-540.1971,719.6971,-31.96875,Gallil,100,100,194.1082,92.45006,0,False,True,False,21.44531,359.6484
ANG31`YL,Terrorist,-529.5354,724.6542,-31.96875,Gallil,100,100,195.5034,89.46191,0,False,True,False,21.79688,0.3515625
ANG31`YL,Terrorist,-515.7179,730.7855,-31.96875,Gallil,100,100,197.6732,84.55956,0,False,True,False,16.875,358.2422
ANG31`YL,Terrorist,-505.0491,735.7097,-31.96875,Gallil,100,100,190.0089,100.6062,0,False,True,False,6.328125,357.8906
ANG31`YL,Terrorist,-493.6431,742.8,-31.96875,Gallil,100,100,176.9314,122.1486,0,False,True,False,5.625,357.8906
ANG31`YL,Terrorist,-482.9767,750.9669,-31.96875,Gallil,100,100,166.1548,136.4463,0,False,True,False,5.625,357.8906
ANG31`YL,Terrorist,-472.896,759.8492,-31.96875,Gallil,100,100,157.8533,145.9703,0,False,True,False,5.625,357.8906
ANG31`YL,Terrorist,-463.2176,769.1704,-31.96875,Gallil,100,100,153.552,150.4885,0,False,True,False,1.054688,357.1875
ANG31`YL,Terrorist,-452.4037,779.7339,-31.96875,Gallil,100,100,154.4424,149.5745,0,False,True,False,357.1875,357.1875
ANG31`YL,Terrorist,-443.9606,787.9041,-31.96875,Gallil,100,100,150.2638,152.2743,0,False,True,False,356.4844,356.8359
ANG31`YL,Terrorist,-435.8539,798.3687,-31.96875,Gallil,100,100,115.7536,178.038,0,False,True,False,354.375,355.4297
ANG31`YL,Terrorist,-429.4703,810.1375,-31.96875,Gallil,100,100,92.43911,194.1134,0,False,True,False,351.5625,355.4297
ANG31`YL,Terrorist,-424.3099,822.5406,-31.96875,Gallil,100,100,75.88741,201.1619,0,False,True,False,350.1563,355.4297
ANG31`YL,Terrorist,-419.9531,835.2509,-31.96875,Gallil,100,100,65.73237,204.7053,0,False,True,False,348.3984,355.4297
ANG31`YL,Terrorist,-416.0486,848.1083,-31.96875,Gallil,100,100,60.42467,206.3344,0,False,True,False,346.9922,355.4297
ANG31`YL,Terrorist,-412.3808,861.0355,-31.06297,Gallil,100,100,57.63709,207.1303,0,False,True,False,346.2891,355.4297
ANG31`YL,Terrorist,-408.8215,873.993,-30.17316,Gallil,100,100,56.61879,207.411,0,False,True,False,345.2344,355.4297
ANG31`YL,Terrorist,-404.8492,888.579,-29.18008,Gallil,100,100,56.46419,207.4531,0,False,True,False,344.8828,355.0781
ANG31`YL,Terrorist,-401.9975,899.0567,-28.46715,Gallil,100,100,46.64082,171.3659,0,False,True,False,344.8828,355.0781
ANG31`YL,Terrorist,-399.5336,908.1093,-27.85119,Gallil,100,100,34.35359,126.2206,0,False,True,False,344.8828,355.0781
ANG31`YL,Terrorist,-398.0826,911.5828,-27.48843,Gallil,100,100,8.643231,-23.51116,0,False,True,False,344.8828,355.0781
ANG31`YL,Terrorist,-398.3131,908.3886,-27.54606,Gallil,100,100,-11.47677,-72.44734,0,False,True,False,344.8828,355.0781
ANG31`YL,Terrorist,-399.55,902.233,-27.85529,Gallil,100,100,-25.63947,-116.9626,0,False,True,False,344.8828,355.0781
ANG31`YL,Terrorist,-401.5275,893.7092,-28.34966,Gallil,100,100,-35.80656,-150.0266,0,False,True,False,345.2344,355.0781
ANG31`YL,Terrorist,-404.0148,883.4316,-28.97147,Gallil,100,100,-42.37924,-174.6145,0,False,True,False,346.2891,355.0781
ANG31`YL,Terrorist,-406.8208,871.848,-29.67298,Gallil,100,100,-46.61334,-192.8746,0,False,True,False,346.6406,355.0781
ANG31`YL,Terrorist,-409.8351,859.2963,-30.42654,Gallil,100,100,-49.24415,-206.4388,0,False,True,False,347.3438,355.0781
ANG31`YL,Terrorist,-412.9193,846.228,-31.19759,Gallil,100,100,-49.03498,-209.3336,0,False,True,False,347.3438,355.0781
ANG31`YL,Terrorist,-415.9492,833.1366,-31.95507,Gallil,100,100,-47.99402,-209.5747,0,False,True,False,348.0469,355.0781
ANG31`YL,Terrorist,-418.8961,820.0262,-31.96875,Gallil,100,100,-46.29792,-209.9559,0,False,True,False,349.4531,355.4297
ANG31`YL,Terrorist,-421.6911,806.9471,-31.96875,Gallil,100,100,-42.41935,-202.5432,0,False,True,False,350.8594,355.0781
ANG31`YL,Terrorist,-423.6922,798.1428,-31.96875,Gallil,100,100,-24.26364,-90.72228,0,False,True,False,354.0234,354.375
ANG31`YL,Terrorist,-424.6861,795.9484,-31.96875,Gallil,100,100,-4.186153,3.525362,0,False,True,False,354.7266,354.375
ANG31`YL,Terrorist,-424.7009,795.9608,-31.96875,Knife,100,100,0,0,0,False,True,False,355.0781,354.375
ANG31`YL,Terrorist,-424.7009,795.9608,-31.96875,Knife,100,100,0,0,0,False,True,False,356.8359,354.375
ANG31`YL,Terrorist,-424.7009,795.9608,-31.96875,Knife,100,100,0,0,0,False,True,False,1.054688,354.375
ANG31`YL,Terrorist,-424.7009,795.9608,-31.96875,Knife,100,100,0,0,0,False,True,False,1.054688,354.375
ANG31`YL,Terrorist,-424.7009,795.9608,-31.96875,Knife,100,100,0,0,0,False,True,False,1.054688,354.375
ANG31`YL,Terrorist,-424.7009,795.9608,-31.96875,Knife,100,100,0,0,0,False,True,False,1.054688,354.375
ANG31`YL,Terrorist,-424.7009,795.9608,-31.96875,Knife,100,100,0,0,0,False,True,False,1.40625,354.375
ANG31`YL,Terrorist,-424.7009,795.9608,-31.96875,Knife,100,100,0,0,0,False,True,False,1.40625,354.375
ANG31`YL,Terrorist,-423.9872,795.9783,-31.96875,Knife,100,100,34.73952,0.8535122,0,False,True,False,1.40625,354.375
ANG31`YL,Terrorist,-419.5987,796.0856,-31.96875,Smoke,100,100,97.11734,2.340917,0,False,True,False,1.054688,354.375
ANG31`YL,Terrorist,-411.7034,796.2132,-30.89362,Smoke,100,100,146.8245,1.247322,0,False,True,False,358.2422,353.3203
ANG31`YL,Terrorist,-401.7624,797.942,-28.40837,Smoke,100,100,166.9995,47.41828,0,False,True,False,352.9688,353.6719
ANG31`YL,Terrorist,-389.2494,802.7115,-25.28014,Smoke,100,100,186.2993,81.65536,0,False,True,False,349.1016,353.6719
ANG31`YL,Terrorist,-378.6605,807.75,-22.6329,Smoke,100,100,198.8298,99.04156,0,False,True,False,347.3438,353.3203
ANG31`YL,Terrorist,-365.8037,814.4335,-19.4187,Smoke,100,100,210.6695,112.2666,0,False,True,False,345.9375,353.3203
ANG31`YL,Terrorist,-352.4122,821.7198,-16.07083,Smoke,100,100,214.5592,118.2766,0,False,True,False,345.9375,353.3203
ANG31`YL,Terrorist,-339.0438,829.1868,-12.72872,Smoke,100,100,213.422,120.3166,0,False,True,False,345.9375,353.6719
ANG31`YL,Terrorist,-325.7125,836.72,2.835954,Smoke,100,100,213.3,120.5327,255.1184,False,True,False,345.9375,353.6719
ANG31`YL,Terrorist,-312.3812,844.2532,26.21834,Smoke,100,100,213.3,120.5327,205.1184,False,True,False,346.2891,353.6719
ANG31`YL,Terrorist,-299.0499,851.7864,28.47573,Smoke,100,100,213.3,120.5327,155.1184,False,True,False,345.5859,354.0234
ANG31`YL,Terrorist,-285.7186,859.3196,36.60811,Smoke,100,100,213.3,120.5327,105.1184,False,True,False,345.2344,354.0234
ANG31`YL,Terrorist,-272.3873,866.8528,41.61549,Smoke,100,100,213.3,120.5327,55.11838,False,True,False,344.5313,354.375
ANG31`YL,Terrorist,-259.056,874.386,43.49788,Smoke,100,100,213.3,120.5327,5.118378,False,True,False,344.1797,354.375
ANG31`YL,Terrorist,-245.7247,881.9192,42.25526,Smoke,100,100,213.3,120.5327,-44.88162,False,True,False,344.1797,354.375
ANG31`YL,Terrorist,-232.3934,889.4524,37.88765,Smoke,100,100,213.3,120.5327,-94.88162,False,True,False,343.8281,354.375
ANG31`YL,Terrorist,-219.0621,896.9856,30.39504,Smoke,100,100,213.3,120.5327,-144.8816,False,True,False,343.8281,354.7266
ANG31`YL,Terrorist,-206.0208,904.3549,20.52701,Smoke,100,100,176.1717,99.55203,0,False,True,False,341.7188,355.7813
ANG31`YL,Terrorist,-196.7144,909.6138,22.85361,Smoke,100,100,129.7604,73.32568,0,False,True,False,341.0156,356.1328
ANG31`YL,Terrorist,-190.1877,911.9874,24.48529,Smoke,100,100,108.5322,0,0,False,True,False,339.6094,356.8359
ANG31`YL,Terrorist,-183.1191,911.9874,26.25245,Smoke,100,100,116.3472,0,0,False,True,False,338.9063,357.1875
ANG31`YL,Terrorist,-175.6315,911.9874,28.12435,Smoke,100,100,122.2269,0,0,False,True,False,338.9063,357.1875
ANG31`YL,Terrorist,-166.841,911.9874,30.32197,Smoke,100,100,127.0116,0,0,False,True,False,338.9063,357.1875
ANG31`YL,Terrorist,-159.875,911.9874,32.06348,Smoke,100,100,127.3793,0,0,False,True,False,338.9063,357.1875
ANG31`YL,Terrorist,-151.9138,911.9874,34.05377,Smoke,100,100,127.3778,0,0,False,True,False,339.6094,357.1875
ANG31`YL,Terrorist,-144.5229,911.9874,35.90149,Smoke,100,100,109.8782,0,0,False,True,False,339.2578,357.1875
ANG31`YL,Terrorist,-138.1972,911.9874,37.48292,Smoke,100,100,95.12776,0,0,False,True,False,339.2578,357.1875
ANG31`YL,Terrorist,-131.8865,911.9874,39.06059,Smoke,100,100,105.889,0,0,False,True,False,337.5,357.1875
ANG31`YL,Terrorist,-124.9347,911.9874,40.79854,Smoke,100,100,114.9808,0,0,False,True,False,337.1484,357.1875
ANG31`YL,Terrorist,-117.7303,911.9874,42.59966,Smoke,100,100,110.2081,0,0,False,True,False,336.7969,357.8906
ANG31`YL,Terrorist,-111.334,911.9874,44.19873,Smoke,100,100,96.81747,0,0,False,True,False,336.7969,357.8906
ANG31`YL,Terrorist,-105.6451,911.9874,45.62096,Smoke,100,100,86.95455,0,0,False,True,False,336.7969,357.8906
ANG31`YL,Terrorist,-98.88821,911.9874,47.31017,Smoke,100,100,102.6216,0,0,False,True,False,336.7969,357.8906
ANG31`YL,Terrorist,-92.98502,911.9874,48.78596,Smoke,100,100,111.5994,0,0,False,True,False,336.7969,358.2422
ANG31`YL,Terrorist,-85.72462,911.9874,50.60107,Smoke,100,100,119.3855,0,0,False,True,False,336.4453,358.2422
ANG31`YL,Terrorist,-78.0498,911.9874,52.51977,Smoke,100,100,125.2087,0,0,False,True,False,335.7422,358.5938
ANG31`YL,Terrorist,-70.21501,911.9874,54.47847,Smoke,100,100,120.7938,0,0,False,True,False,333.6328,359.6484
ANG31`YL,Terrorist,-63.17866,911.9874,56.23755,Smoke,100,100,106.8371,0,0,False,True,False,333.2813,359.6484
ANG31`YL,Terrorist,-56.86544,911.9874,57.81586,Smoke,100,100,97.06277,0,0,False,True,False,332.2266,0.3515625
ANG31`YL,Terrorist,-51.05597,911.9874,59.26823,Smoke,100,100,90.04581,0,0,False,True,False,332.2266,0.703125
ANG31`YL,Terrorist,-45.61771,911.9874,60.62779,Smoke,100,100,84.88907,0,0,False,True,False,332.2266,0.703125
ANG31`YL,Terrorist,-40.73789,911.9874,61.84775,Smoke,100,100,0,0,0,False,True,False,332.2266,0.703125
ANG31`YL,Terrorist,-40.73789,911.9874,61.84775,Smoke,100,100,0,0,0,False,True,False,332.2266,0.703125
ANG31`YL,Terrorist,-40.73789,911.9874,61.84775,Smoke,100,100,0,0,0,False,True,False,332.2266,0.703125
ANG31`YL,Terrorist,-40.73789,911.9874,61.84775,Smoke,100,100,0,0,0,False,True,False,332.2266,0.703125
ANG31`YL,Terrorist,-41.78017,909.8727,61.58718,Smoke,100,100,-27.43104,-58.61107,0,False,True,False,337.8516,1.054688
ANG31`YL,Terrorist,-44.16613,904.3286,60.99069,Gallil,100,100,-45.06281,-108.2603,0,False,True,False,339.2578,0.703125
ANG31`YL,Terrorist,-47.41071,896.3422,60.17954,Gallil,100,100,-56.72227,-141.4887,0,False,True,False,339.2578,0.703125
ANG31`YL,Terrorist,-51.22215,886.5836,59.22668,Gallil,100,100,-62.43762,-166.9064,0,False,True,False,346.9922,2.109375
ANG31`YL,Terrorist,-54.3628,875.5012,58.44152,Gallil,100,100,-27.16686,-176.4063,0,False,True,False,27.42188,2.8125
ANG31`YL,Terrorist,-53.39238,865.9254,58.68412,Gallil,100,100,45.74104,-134.8423,0,False,True,False,43.24219,0.3515625
ANG31`YL,Terrorist,-47.72746,857.9547,60.10035,Gallil,100,100,105.3949,-98.04731,0,False,True,False,43.24219,0.3515625
ANG31`YL,Terrorist,-42.01144,853.5121,61.52936,Gallil,100,100,92.47083,-62.83619,0,False,True,False,43.24219,0.3515625
ANG31`YL,Terrorist,-36.13911,849.7271,62.99744,Gallil,100,100,92.43845,-62.88379,0,False,True,False,48.16407,0.703125
ANG31`YL,Terrorist,-30.43131,845.6967,64.03125,Gallil,100,100,90.82893,-65.187,0,False,True,False,52.73437,0.703125
ANG31`YL,Terrorist,-24.73568,841.6489,64.03125,Gallil,100,100,91.68797,-63.97308,0,False,True,False,59.76563,0.703125
ANG31`YL,Terrorist,-18.94086,837.7448,64.03125,Gallil,100,100,93.4554,-61.36227,0,False,True,False,61.17188,0.703125
ANG31`YL,Terrorist,-13.132,834.0389,64.03125,Gallil,100,100,87.66595,-55.15328,0,False,True,False,63.28125,0.3515625
ANG31`YL,Terrorist,-9.57465,831.6621,64.03125,Gallil,100,100,30.19676,-23.2472,0,False,True,False,63.98437,359.6484
ANG31`YL,Terrorist,-9.458351,831.3778,64.03125,Gallil,100,100,-11.48782,5.288052,0,False,True,False,63.98437,359.6484
ANG31`YL,Terrorist,-9.848929,831.5634,64.03125,Gallil,100,100,7.59956,-3.519547,0,False,True,False,65.03906,359.2969
ANG31`YL,Terrorist,-8.525414,830.9625,64.03125,Gallil,100,100,37.42918,-16.80987,0,False,True,False,66.09375,358.9453
ANG31`YL,Terrorist,-4.532317,829.2009,64.11778,Gallil,100,100,84.3578,-36.85607,0,False,True,False,66.79688,358.2422
ANG31`YL,Terrorist,2.157875,826.3063,64.60928,Gallil,100,100,122.9744,-52.93623,0,False,True,False,67.14844,358.2422
ANG31`YL,Terrorist,8.733541,823.4763,65.3321,Gallil,100,100,72.18388,-31.19965,0,False,True,False,67.14844,358.2422
ANG31`YL,Terrorist,10.08056,822.8808,65.48026,Gallil,100,100,-13.46225,5.657423,0,False,True,False,66.79688,357.8906
ANG31`YL,Terrorist,9.475729,823.1367,65.4138,Gallil,100,100,0,0,0,False,True,False,66.79688,357.8906
ANG31`YL,Terrorist,9.475729,823.1367,65.4138,Gallil,100,100,0,0,0,False,True,False,67.14844,358.2422
ANG31`YL,Terrorist,9.475729,823.1367,65.4138,Gallil,100,100,0,0,0,False,True,False,66.79688,358.9453
ANG31`YL,Terrorist,9.475729,823.1367,65.4138,Gallil,100,100,0,0,0,False,True,False,66.44531,359.2969
ANG31`YL,Terrorist,8.930808,823.3738,65.35389,Gallil,100,100,-26.24681,11.42347,0,False,True,False,66.44531,359.6484
ANG31`YL,Terrorist,5.639419,824.8093,64.99197,Gallil,100,100,-73.19891,31.96765,0,False,True,False,66.44531,0
ANG31`YL,Terrorist,-1.370746,827.8931,64.2947,Gallil,100,100,-118.5212,52.50235,0,False,True,False,65.39063,1.054688
ANG31`YL,Terrorist,-8.679158,831.1756,64.03125,Gallil,100,100,-143.8257,65.55575,0,False,True,False,63.28125,1.40625
ANG31`YL,Terrorist,-19.69147,836.4592,64.03125,Gallil,100,100,-165.3343,82.69987,0,False,True,False,59.0625,2.8125
ANG31`YL,Terrorist,-29.11353,841.3325,64.03125,Gallil,100,100,-177.0576,93.50784,0,False,True,False,59.0625,2.8125
ANG31`YL,Terrorist,-40.54934,847.5176,61.89488,Gallil,100,100,-187.1257,102.7897,0,False,True,False,59.0625,2.8125
ANG31`YL,Terrorist,-51.22034,853.4178,59.22713,Gallil,100,100,-149.5799,82.7419,0,False,True,False,43.24219,3.867188
ANG31`YL,Terrorist,-59.21823,858.4099,57.22766,Gallil,100,100,-112.1841,86.94849,0,False,True,False,352.9688,2.8125
ANG31`YL,Terrorist,-64.43519,863.6317,55.92342,Gallil,100,100,-72.25961,85.30996,0,False,True,False,331.5234,359.6484
ANG31`YL,Terrorist,-68.48293,869.3206,54.91149,Gallil,100,100,-59.4096,94.70871,0,False,True,False,330.4688,358.9453
ANG31`YL,Terrorist,-72.12109,875.2824,54.00195,Gallil,100,100,-63.62972,91.92658,0,False,True,False,330.4688,358.9453
ANG31`YL,Terrorist,-76.59258,880.6435,52.88408,Gallil,100,100,-76.81774,81.22975,0,False,True,False,331.1719,358.9453
ANG31`YL,Terrorist,-81.69839,885.4094,51.60762,Gallil,100,100,-84.92319,72.71375,0,False,True,False,331.875,358.9453
ANG31`YL,Terrorist,-87.19545,889.7208,50.23336,Gallil,100,100,-89.89735,66.46583,0,False,True,False,331.5234,359.2969
ANG31`YL,Terrorist,-92.91856,893.7288,48.80258,Gallil,100,100,-92.6544,62.56517,0,False,True,False,331.5234,359.2969
ANG31`YL,Terrorist,-98.95351,897.1942,47.29384,Gallil,100,100,-102.1137,44.50593,0,False,True,False,331.5234,359.2969
ANG31`YL,Terrorist,-105.6597,899.1012,45.61729,Gallil,100,100,-109.9021,20.51277,0,False,True,False,331.5234,359.2969
ANG31`YL,Terrorist,-112.6114,899.7374,43.87936,Gallil,100,100,-111.7579,3.069139,0,False,True,False,331.5234,359.2969
ANG31`YL,Terrorist,-119.2958,898.7932,42.20828,Gallil,100,100,-102.4491,-30.33082,0,False,True,False,331.875,359.2969
ANG31`YL,Terrorist,-125.3962,895.8953,40.68317,Gallil,100,100,-94.15853,-57.65028,0,False,True,False,332.2266,358.9453
ANG31`YL,Terrorist,-130.927,891.647,39.30046,Gallil,100,100,-83.51045,-74.33198,0,False,True,False,332.5781,358.9453
ANG31`YL,Terrorist,-135.5312,886.5397,38.14941,Gallil,100,100,-60.67914,-88.92719,0,False,True,False,332.9297,358.9453
ANG31`YL,Terrorist,-138.277,880.4487,37.46296,Gallil,100,100,-32.06262,-103.4059,0,False,True,False,333.9844,358.9453
ANG31`YL,Terrorist,-139.4632,873.6403,37.16642,Gallil,100,100,-9.408967,-111.4034,0,False,True,False,336.4453,358.9453
ANG31`YL,Terrorist,-139.4208,866.6593,37.16221,Gallil,100,100,7.581878,-111.5426,0,False,True,False,336.4453,358.9453
ANG31`YL,Terrorist,-138.5178,859.7334,37.40277,Gallil,100,100,19.19298,-110.1402,0,False,True,False,337.1484,358.9453
ANG31`YL,Terrorist,-137.0143,852.9111,37.77864,Gallil,100,100,27.41041,-108.3878,0,False,True,False,338.2031,358.5938
ANG31`YL,Terrorist,-134.2901,847.601,38.45968,Gallil,100,100,50.69213,-61.28023,0,False,True,False,338.5547,358.5938
ANG31`YL,Terrorist,-130.8121,845.7917,39.32919,Gallil,100,100,46.83751,-0.2220766,0,False,True,False,338.5547,358.5938
ANG31`YL,Terrorist,-128.4293,846.8049,39.92489,Gallil,100,100,41.69413,30.67634,0,False,True,False,338.5547,358.5938
ANG31`YL,Terrorist,-125.8582,849.6418,40.56768,Gallil,100,100,41.47473,56.0564,0,False,True,False,338.5547,358.5938
ANG31`YL,Terrorist,-123.162,853.9314,41.24173,Gallil,100,100,44.57485,77.89519,0,False,True,False,338.9063,358.5938
ANG31`YL,Terrorist,-119.7922,858.9514,42.08417,Gallil,100,100,64.46186,78.21696,0,False,True,False,338.9063,358.5938
ANG31`YL,Terrorist,-115.0451,863.6766,43.27095,Gallil,100,100,84.01089,73.76591,0,False,True,False,338.9063,358.5938
ANG31`YL,Terrorist,-109.5247,867.9557,44.65104,Gallil,100,100,91.08417,64.82989,0,False,True,False,339.2578,358.5938
ANG31`YL,Terrorist,-103.6891,871.7974,46.10994,Gallil,100,100,94.79189,59.27679,0,False,True,False,339.9609,358.9453
ANG31`YL,Terrorist,-97.68606,875.3727,47.61071,Gallil,100,100,96.87729,55.8035,0,False,True,False,339.9609,358.9453
ANG31`YL,Terrorist,-91.58181,878.7729,49.13676,Gallil,100,100,98.2027,53.43658,0,False,True,False,339.9609,358.9453
ANG31`YL,Terrorist,-85.41096,882.0508,50.67948,Gallil,100,100,99.09952,51.75445,0,False,True,False,339.9609,358.9453
ANG31`YL,Terrorist,-79.18974,885.2322,52.23478,Gallil,100,100,99.84865,50.29401,0,False,True,False,339.6094,359.2969
ANG31`YL,Terrorist,-72.92933,888.3358,53.79988,Gallil,100,100,100.3953,49.1937,0,False,True,False,339.2578,359.6484
ANG31`YL,Terrorist,-66.63991,891.3801,55.37224,Gallil,100,100,100.7748,48.41157,0,False,True,False,339.6094,0
ANG31`YL,Terrorist,-60.33583,894.394,56.94826,Gallil,100,100,100.9177,48.11295,0,False,True,False,339.9609,0
ANG31`YL,Terrorist,-53.99559,897.3266,58.53332,Gallil,100,100,103.8727,41.34848,0,False,True,False,342.4219,359.6484
ANG31`YL,Terrorist,-48.46953,898.5718,59.91484,Gallil,100,100,71.71753,-0.7650496,0,False,True,False,343.8281,359.6484
ANG31`YL,Terrorist,-45.23862,897.1675,60.72256,Gallil,100,100,37.01379,-36.83459,0,False,True,False,343.8281,359.6484
ANG31`YL,Terrorist,-43.83013,894.0212,61.07469,Gallil,100,100,13.08558,-59.81961,0,False,True,False,343.8281,359.6484
ANG31`YL,Terrorist,-43.55247,889.5767,61.13634,Gallil,100,100,-1.240122,-79.86584,0,False,True,False,345.5859,359.6484
ANG31`YL,Terrorist,-43.96321,883.9319,61.04142,Gallil,100,100,-10.25705,-97.66965,0,False,True,False,346.6406,359.6484
ANG31`YL,Terrorist,-45.10856,877.535,60.75508,Gallil,100,100,-30.05102,-101.2911,0,False,True,False,347.3438,0.3515625
ANG31`YL,Terrorist,-47.92721,871.3861,60.05042,Gallil,100,100,-55.60159,-96.43207,0,False,True,False,348.3984,0.3515625
ANG31`YL,Terrorist,-51.94229,865.6747,59.04665,Gallil,100,100,-69.67215,-87.43587,0,False,True,False,349.4531,0.3515625
ANG31`YL,Terrorist,-56.60139,860.4704,57.88187,Gallil,100,100,-77.53639,-80.54406,0,False,True,False,352.2656,0.703125
ANG31`YL,Terrorist,-61.4529,855.4422,56.66899,Gallil,100,100,-75.69914,-82.27321,0,False,True,False,16.875,0.703125
ANG31`YL,Terrorist,-64.97399,849.8539,55.78872,Gallil,100,100,-39.01878,-94.60371,0,False,True,False,31.64063,358.9453
ANG31`YL,Terrorist,-66.26533,843.6074,55.46589,Gallil,100,100,-7.774222,-103.6943,0,False,True,False,31.64063,358.9453
ANG31`YL,Terrorist,-65.90613,836.8806,55.55569,Gallil,100,100,15.23915,-110.3901,0,False,True,False,31.64063,358.9453
ANG31`YL,Terrorist,-64.38602,830.0659,55.93571,Gallil,100,100,30.47792,-107.5655,0,False,True,False,32.34375,358.9453
ANG31`YL,Terrorist,-62.20239,823.6318,56.48162,Gallil,100,100,33.62969,-93.84452,0,False,True,False,34.80469,359.2969
ANG31`YL,Terrorist,-61.12201,819.6583,56.75172,Gallil,100,100,2.892154,-37.30981,0,False,True,False,37.26563,359.6484
ANG31`YL,Terrorist,-61.6831,819.2025,56.61144,Gallil,100,100,-14.23919,9.011069,0,False,True,False,45.35156,358.9453
ANG31`YL,Terrorist,-61.85994,819.2937,56.56723,Gallil,100,100,6.274455,-5.547236,0,False,True,False,48.51563,358.5938
ANG31`YL,Terrorist,-60.73779,818.9304,56.84777,Gallil,100,100,27.78257,-2.446866,0,False,True,False,48.51563,358.5938
ANG31`YL,Terrorist,-58.24738,818.9106,57.47038,Gallil,100,100,49.21739,0.9506723,0,False,True,False,48.51563,358.5938
ANG31`YL,Terrorist,-54.42923,819.0267,58.42491,Gallil,100,100,69.30873,-0.5589559,0,False,True,False,50.27344,358.2422
ANG31`YL,Terrorist,-49.68125,818.0907,59.61191,Gallil,100,100,81.37278,-24.91096,0,False,True,False,52.73437,357.8906
ANG31`YL,Terrorist,-43.85711,815.673,61.06794,Gallil,100,100,106.5207,-51.5448,0,False,True,False,55.19531,357.5391
ANG31`YL,Terrorist,-36.21999,811.5908,62.97722,Gallil,100,100,133.3376,-74.77209,0,False,True,False,56.60156,357.5391
ANG31`YL,Terrorist,-29.34149,807.7382,64.03125,Gallil,100,100,74.20082,-39.97345,0,False,True,False,58.00781,357.5391
ANG31`YL,Terrorist,-27.69289,806.9693,64.03125,Gallil,100,100,-8.199833,5.146762,0,False,True,False,59.0625,357.5391
ANG31`YL,Terrorist,-29.76631,808.1912,64.03125,Gallil,100,100,-52.59879,30.75084,0,False,True,False,59.76563,357.8906
ANG31`YL,Terrorist,-34.20483,810.7778,63.48101,Gallil,100,100,-62.98758,36.73928,0,False,True,False,60.11719,357.8906
ANG31`YL,Terrorist,-35.29999,811.4266,63.20722,Gallil,100,100,7.26559,-4.165551,0,False,True,False,60.11719,357.8906
ANG31`YL,Terrorist,-34.18805,810.794,63.48521,Gallil,100,100,25.99309,-14.72645,0,False,True,False,60.46875,357.8906
ANG31`YL,Terrorist,-31.8729,809.5004,64.03125,Gallil,100,100,48.26315,-26.56329,0,False,True,False,61.875,357.8906
ANG31`YL,Terrorist,-27.26678,807.0359,64.03125,Gallil,100,100,92.76228,-48.81002,0,False,True,False,63.28125,357.8906
ANG31`YL,Terrorist,-20.57787,803.5659,64.03125,Gallil,100,100,108.2616,-55.75611,0,True,True,False,64.33594,357.5391
ANG31`YL,Terrorist,-14.51065,800.4539,64.03125,Gallil,100,100,84.97549,-43.57068,0,True,True,False,64.6875,356.4844
ANG31`YL,Terrorist,-10.74853,798.4923,64.03125,Gallil,100,100,38.99648,-20.99153,0,True,True,False,65.03906,356.1328
ANG31`YL,Terrorist,-9.731837,797.9116,64.03125,Gallil,100,100,4.68783,-2.794513,0,False,True,False,65.39063,356.1328
ANG31`YL,Terrorist,-9.715345,797.9017,64.03125,Gallil,100,100,0,0,0,False,True,False,64.6875,356.8359
ANG31`YL,Terrorist,-9.715345,797.9017,64.03125,Gallil,100,100,0,0,0,False,True,False,64.6875,357.1875
ANG31`YL,Terrorist,-9.715345,797.9017,64.03125,Gallil,100,100,0,0,0,False,True,False,64.6875,357.5391
ANG31`YL,Terrorist,-9.62088,797.8582,64.03125,Gallil,100,100,4.686651,-2.149924,0,False,True,False,65.39063,358.2422
ANG31`YL,Terrorist,-9.143506,797.6411,64.03125,Gallil,100,100,9.936022,-4.49679,0,False,True,False,65.74219,358.9453
ANG31`YL,Terrorist,-8.335847,797.2822,64.03125,Gallil,100,100,15.23871,-6.723389,0,False,True,False,66.09375,359.6484
ANG31`YL,Terrorist,-7.197682,796.7822,64.18678,Gallil,100,100,20.52808,-8.979052,0,False,True,False,66.44531,0.3515625
ANG31`YL,Terrorist,-6.489669,796.4734,64.32351,Gallil,100,100,-3.406778,1.490962,0,True,True,False,66.44531,1.054688
ANG31`YL,Terrorist,-6.887124,796.6492,64.24675,Gallil,100,100,-8.649792,3.851995,0,True,True,False,66.09375,2.109375
ANG31`YL,Terrorist,-7.649545,796.9977,64.09951,Gallil,100,100,-18.89527,8.942625,0,False,True,False,63.98437,2.460938
ANG31`YL,Terrorist,-10.41816,798.409,64.03125,Gallil,100,100,-63.97348,33.33915,0,False,True,False,61.875,2.109375
ANG31`YL,Terrorist,-15.91932,801.3083,64.03125,Gallil,100,100,-105.1149,55.665,0,False,True,False,61.875,2.109375
ANG31`YL,Terrorist,-23.61053,805.3958,64.03125,Gallil,100,100,-135.6564,72.23359,0,False,True,False,61.875,2.109375
ANG31`YL,Terrorist,-32.91512,810.3585,63.80344,Gallil,100,100,-158.1519,84.43729,0,False,True,False,61.875,2.109375
ANG31`YL,Terrorist,-41.72458,815.0629,61.60107,Gallil,100,100,-122.8311,65.59505,0,False,True,False,61.875,2.109375
ANG31`YL,Terrorist,-48.09186,818.3347,60.00925,Gallil,100,100,-102.0485,45.66566,0,False,True,False,45,2.8125
ANG31`YL,Terrorist,-54.55342,820.9937,58.39386,Gallil,100,100,-102.9414,43.61541,0,False,True,False,12.30469,3.515625
ANG31`YL,Terrorist,-60.80092,824.1136,56.83199,Gallil,100,100,-97.10148,55.41246,0,False,True,False,357.1875,2.460938
ANG31`YL,Terrorist,-66.61687,827.9798,55.378,Gallil,100,100,-90.06116,66.24369,0,False,True,False,355.0781,1.757813
ANG31`YL,Terrorist,-72.03148,832.3933,54.02435,Gallil,100,100,-84.01385,73.76254,0,False,True,False,352.6172,1.054688
ANG31`YL,Terrorist,-77.09146,837.2104,52.75935,Gallil,100,100,-78.84877,79.25977,0,False,True,False,351.9141,0.3515625
ANG31`YL,Terrorist,-82.32006,841.8276,51.45221,Gallil,100,100,-90.18372,66.07674,0,False,True,False,351.9141,0.3515625
ANG31`YL,Terrorist,-88.32253,845.3904,49.95159,Gallil,100,100,-99.70086,50.58633,0,False,True,False,351.9141,0.3515625
ANG31`YL,Terrorist,-94.75866,848.0728,48.34256,Gallil,100,100,-105.6306,33.46839,0,False,True,False,351.9141,0.3515625
ANG31`YL,Terrorist,-102.3722,848.9373,46.43916,Gallil,100,100,-110.2085,-2.749848,0,False,True,False,351.5625,0.3515625
ANG31`YL,Terrorist,-108.4143,848.1294,44.92865,Gallil,100,100,-109.4551,-22.77759,0,False,True,False,351.5625,0.3515625
ANG31`YL,Terrorist,-115.1025,846.126,43.25658,Gallil,100,100,-105.0415,-38.28204,0,False,True,False,351.5625,0.703125
ANG31`YL,Terrorist,-121.5158,843.3587,41.65326,Gallil,100,100,-100.7988,-48.36161,0,False,True,False,352.2656,1.054688
ANG31`YL,Terrorist,-127.6823,840.0754,40.11164,Gallil,100,100,-97.13969,-55.34546,0,False,True,False,352.9688,1.054688
ANG31`YL,Terrorist,-133.6491,836.4403,38.61995,Gallil,100,100,-94.24868,-60.13672,0,False,True,False,354.375,0.703125
ANG31`YL,Terrorist,-139.4375,832.5273,37.17286,Gallil,100,100,-91.30879,-64.51312,0,False,True,False,357.1875,0.703125
ANG31`YL,Terrorist,-145.229,828.6292,35.72497,Gallil,100,100,-97.37326,-54.93346,0,False,True,False,357.1875,0.703125
ANG31`YL,Terrorist,-151.6462,825.888,34.12068,Gallil,100,100,-105.833,-36.03632,0,False,True,False,357.1875,0.703125
ANG31`YL,Terrorist,-158.4071,824.1403,32.43045,Gallil,100,100,-109.5332,-22.39926,0,False,True,False,357.1875,0.703125
ANG31`YL,Terrorist,-164.9892,823.0524,30.78491,Gallil,100,100,-94.79946,-14.81402,0,False,True,False,357.1875,0.703125
ANG31`YL,Terrorist,-169.9924,822.2706,29.53412,Gallil,100,100,-69.41653,-10.84751,0,False,True,False,358.2422,359.6484
ANG31`YL,Terrorist,-173.4973,821.7229,28.65789,Gallil,100,100,-45.70432,-7.142071,0,False,True,False,358.5938,359.6484
ANG31`YL,Terrorist,-175.5202,821.4068,28.15217,Gallil,100,100,-21.99209,-3.436635,0,False,True,False,358.5938,359.6484
ANG31`YL,Terrorist,-176.3268,821.3213,27.95053,Gallil,100,100,-15.26855,0.00293487,0,False,True,False,358.5938,359.6484
ANG31`YL,Terrorist,-178.0366,821.3462,27.52307,Gallil,100,100,-36.76218,0.5700204,0,False,True,False,359.2969,359.6484
ANG31`YL,Terrorist,-180.9567,821.3911,26.79304,Gallil,100,100,-46.88597,0.725051,0,False,True,False,358.9453,0
ANG31`YL,Terrorist,-183.0435,821.4233,26.27135,Gallil,100,100,-22.88884,0.3539562,0,False,True,False,358.9453,359.6484
ANG31`YL,Terrorist,-183.639,821.4325,26.12247,Gallil,100,100,0,0,0,False,True,False,358.9453,359.6484
ANG31`YL,Terrorist,-183.639,821.4325,26.12247,Gallil,100,100,0,0,0,False,True,False,358.5938,359.6484
ANG31`YL,Terrorist,-183.639,821.4325,26.12247,Gallil,100,100,0,0,0,False,True,False,356.1328,359.6484
ANG31`YL,Terrorist,-183.639,821.4325,26.12247,Gallil,100,100,0,0,0,False,True,False,350.1563,359.2969
ANG31`YL,Terrorist,-183.639,821.4325,26.12247,Gallil,100,100,0,0,0,False,True,False,347.3438,359.2969
ANG31`YL,Terrorist,-183.639,821.4325,26.12247,Gallil,100,100,0,0,0,False,True,False,346.6406,358.9453
ANG31`YL,Terrorist,-183.639,821.4325,26.12247,Gallil,100,100,0,0,0,False,True,False,345.5859,358.9453
ANG31`YL,Terrorist,-183.5472,821.7915,26.14542,Gallil,100,100,5.505147,21.52594,0,False,True,False,345.5859,358.9453
ANG31`YL,Terrorist,-182.3862,824.6243,26.43566,Gallil,100,100,37.82315,56.77783,0,False,True,False,345.5859,358.9453
ANG31`YL,Terrorist,-178.8158,828.5408,27.32826,Gallil,100,100,66.87059,64.78898,0,False,True,False,345.9375,358.9453
ANG31`YL,Terrorist,-174.0273,832.7217,28.5254,Gallil,100,100,83.42465,68.42822,0,False,True,False,346.6406,358.5938
ANG31`YL,Terrorist,-168.5382,837.006,29.89767,Gallil,100,100,89.09152,67.54214,0,False,True,False,347.3438,358.2422
ANG31`YL,Terrorist,-162.9135,841.1516,31.30384,Gallil,100,100,90.61132,65.48914,0,False,True,False,347.3438,358.2422
ANG31`YL,Terrorist,-157.1573,845.2318,32.7429,Knife,100,100,95.13498,66.56323,0,False,True,False,348.3984,358.5938
ANG31`YL,Terrorist,-150.6831,848.521,34.36145,Knife,100,100,109.6469,43.78935,0,False,True,False,355.7813,359.2969
ANG31`YL,Terrorist,-143.4273,850.7309,36.1754,Knife,100,100,120.6175,29.43962,0,False,True,False,356.1328,359.2969
ANG31`YL,Terrorist,-135.6417,852.1744,38.12178,Smoke,100,100,126.0574,18.44713,0,False,True,False,356.1328,359.2969
ANG31`YL,Terrorist,-127.7258,853.0217,40.10078,Smoke,100,100,126.9931,10.17395,0,False,True,False,356.1328,359.2969
ANG31`YL,Terrorist,-119.9222,853.9528,42.05167,Smoke,100,100,117.3237,27.51431,0,False,True,False,356.1328,359.2969
ANG31`YL,Terrorist,-113.6185,856.8697,43.6276,Smoke,100,100,89.49558,60.09968,0,False,True,False,354.0234,0
ANG31`YL,Terrorist,-108.7454,860.9526,44.84588,Smoke,100,100,63.15982,53.52316,0,False,True,False,318.1641,4.21875
ANG31`YL,Terrorist,-106.8241,863.0812,45.31631,Smoke,100,100,5.065183,24.48441,0,False,True,False,258.3984,9.140625
ANG31`YL,Terrorist,-107.7995,864.1729,45.08235,Smoke,100,100,-27.89939,11.41598,0,False,True,False,220.0781,11.60156
ANG31`YL,Terrorist,-110.3074,864.9486,44.45537,Smoke,100,100,-49.23883,14.72372,0,False,True,False,207.4219,14.0625
ANG31`YL,Terrorist,-114.0719,865.8078,43.51424,Smoke,100,100,-68.19178,6.110493,0,False,True,False,204.9609,15.82031
ANG31`YL,Terrorist,-118.9511,865.5321,42.29444,Smoke,100,100,-85.7029,-11.54049,0,False,True,False,202.8516,16.875
ANG31`YL,Terrorist,-124.8364,864.3668,40.82312,Smoke,100,100,-100.1433,-23.53565,0,False,True,False,201.7969,17.22656
ANG31`YL,Terrorist,-131.4899,862.5811,39.15974,Smoke,100,100,-110.8969,-32.07935,0,False,True,False,201.4453,17.57813
ANG31`YL,Terrorist,-138.7124,860.3465,37.35412,Smoke,100,100,-118.8333,-38.33258,0,False,True,False,201.4453,17.57813
ANG31`YL,Terrorist,-146.2462,857.8214,35.47066,Smoke,100,100,-120.4774,-41.42412,0,False,True,False,202.1484,17.57813
ANG31`YL,Terrorist,-153.5927,854.9063,33.63404,Smoke,100,100,-110.7619,-56.42316,0,False,True,False,209.8828,17.22656
ANG31`YL,Terrorist,-159.6306,850.4754,32.12456,Smoke,100,100,-84.4519,-81.21452,0,False,True,False,229.5703,17.57813
ANG31`YL,Terrorist,-163.7053,844.7818,31.10589,Smoke,100,100,-48.5262,-96.88366,0,False,True,False,258.75,17.57813
ANG31`YL,Terrorist,-165.1721,838.7271,30.7392,Smoke,100,100,-3.186686,-92.89657,0,False,True,False,299.5313,16.52344
ANG31`YL,Terrorist,-163.9274,834.0255,31.05037,Smoke,100,100,34.46938,-56.9257,0,False,True,False,351.2109,9.492188
ANG31`YL,Terrorist,-161.1465,832.119,31.74559,Smoke,100,100,50.52775,-12.08039,0,False,True,False,356.4844,8.085938
ANG31`YL,Terrorist,-157.6118,832.434,32.62927,Smoke,100,100,62.36168,13.2869,0,False,True,False,356.4844,8.085938
ANG31`YL,Terrorist,-152.9501,833.0261,33.79469,Smoke,100,100,83.9769,6.960754,0,False,True,False,356.4844,8.085938
ANG31`YL,Terrorist,-147.0607,833.3339,35.26706,Smoke,100,100,100.3205,6.736092,0,False,True,False,356.4844,8.085938
ANG31`YL,Terrorist,-140.6609,834.6605,36.86698,Smoke,100,100,103.8151,31.43828,0,False,True,False,356.8359,7.734375
ANG31`YL,Terrorist,-134.0868,837.3034,38.51052,Smoke,100,100,106.1962,49.84919,0,False,True,False,356.4844,6.679688
ANG31`YL,Terrorist,-127.3549,840.882,40.1935,Smoke,100,100,109.0049,62.17842,0,False,True,False,353.3203,6.328125
ANG31`YL,Terrorist,-120.5257,844.9598,41.9008,Smoke,100,100,108.9259,66.07494,0,False,True,False,346.2891,4.570313
ANG31`YL,Terrorist,-113.6856,849.0358,43.61082,Smoke,100,100,110.0723,64.14701,0,False,True,False,340.6641,2.8125
ANG31`YL,Terrorist,-106.7371,852.9237,45.34793,Smoke,100,100,112.0737,60.58247,0,False,True,False,337.8516,1.757813
ANG31`YL,Terrorist,-99.8354,856.8473,47.07337,Smoke,100,100,105.4526,70.23525,0,False,True,False,336.7969,1.40625
ANG31`YL,Terrorist,-93.70133,861.8904,48.60689,Smoke,100,100,92.52635,87.57644,0,False,True,False,336.7969,1.40625
ANG31`YL,Terrorist,-88.85567,867.0865,49.8183,Gallil,100,100,71.67539,85.80138,0,False,True,False,336.0938,0.3515625
ANG31`YL,Terrorist,-84.70058,872.7007,50.85707,Gallil,100,100,62.62658,92.61291,0,False,True,False,338.2031,359.6484
ANG31`YL,Terrorist,-81.04188,878.6522,51.77175,Gallil,100,100,55.75646,96.90437,0,False,True,False,338.2031,359.6484
ANG31`YL,Terrorist,-77.94703,884.1868,52.54546,Gallil,100,100,43.31574,77.62045,0,False,True,False,338.2031,359.6484
ANG31`YL,Terrorist,-75.43546,888.6874,53.17336,Gallil,100,100,29.85171,53.49333,0,False,True,False,338.9063,359.6484
ANG31`YL,Terrorist,-74.28599,890.6274,53.46072,Gallil,100,100,11.11575,14.13414,0,False,True,False,339.2578,359.2969
ANG31`YL,Terrorist,-74.41222,890.1277,53.42916,Gallil,100,100,-6.799358,-17.86821,0,False,True,False,339.2578,359.2969
ANG31`YL,Terrorist,-75.09647,888.301,53.2581,Gallil,100,100,-14.14423,-38.07534,0,False,True,False,339.9609,359.2969
ANG31`YL,Terrorist,-76.2165,885.2029,52.9781,Gallil,100,100,-20.8166,-58.5202,0,False,True,False,341.0156,358.2422
ANG31`YL,Terrorist,-77.75511,880.828,52.59344,Gallil,100,100,-27.60789,-78.88464,0,False,True,False,341.0156,358.2422
ANG31`YL,Terrorist,-79.69153,875.2736,52.10934,Gallil,100,100,-33.3517,-95.87879,0,False,True,False,341.0156,358.2422
ANG31`YL,Terrorist,-81.91856,868.8536,51.55258,Gallil,100,100,-36.54875,-105.6571,0,False,True,False,341.3672,358.2422
ANG31`YL,Terrorist,-84.1897,862.2455,50.98479,Gallil,100,100,-36.11945,-105.8046,0,False,True,False,342.0703,357.5391
ANG31`YL,Terrorist,-86.42905,855.6265,50.42496,Gallil,100,100,-35.57048,-105.9905,0,False,True,False,342.7734,357.1875
ANG31`YL,Terrorist,-88.60402,848.9862,49.88121,Gallil,100,100,-34.11975,-106.4663,0,False,True,False,344.8828,356.1328
ANG31`YL,Terrorist,-90.68697,842.3164,49.36048,Gallil,100,100,-32.7742,-106.8882,0,False,True,False,344.8828,356.4844
ANG31`YL,Terrorist,-92.70223,835.6259,48.85666,Gallil,100,100,-31.92119,-107.146,0,False,True,False,344.5313,356.8359
ANG31`YL,Terrorist,-94.67968,828.924,48.3623,Gallil,100,100,-31.42524,-107.2926,0,False,True,False,344.5313,356.8359
ANG31`YL,Terrorist,-96.62785,822.2136,47.87526,Gallil,100,100,-30.97934,-107.4221,0,False,True,False,344.5313,356.8359
ANG31`YL,Terrorist,-98.3985,816.0508,47.43259,Gallil,100,100,-22.07334,-76.39555,0,False,True,False,344.5313,356.8359
ANG31`YL,Terrorist,-99.11984,813.6291,47.25226,Gallil,100,100,-3.26251,-9.495239,0,False,True,False,344.8828,356.8359
ANG31`YL,Terrorist,-98.7883,814.2308,47.33514,Gallil,100,100,14.16322,13.99716,0,False,True,False,344.8828,356.8359
ANG31`YL,Terrorist,-96.15587,814.8875,47.99325,Gallil,100,100,64.17414,2.342831,0,False,True,False,351.2109,358.2422
ANG31`YL,Terrorist,-90.81438,813.8177,49.32862,Gallil,100,100,102.7659,-29.2444,0,False,True,False,28.82813,0.703125
ANG31`YL,Terrorist,-83.87865,812.2577,51.06256,Gallil,100,100,110.1723,-19.00821,0,False,True,False,51.67969,358.2422
ANG31`YL,Terrorist,-76.93895,811.4633,52.79748,Gallil,100,100,111.4832,-8.410881,0,False,True,False,51.67969,358.2422
ANG31`YL,Terrorist,-69.95749,811.1989,54.54285,Gallil,100,100,111.79,-1.492702,0,False,True,False,51.67969,358.2422
ANG31`YL,Terrorist,-62.97072,811.2661,56.28954,Gallil,100,100,111.7622,2.907648,0,False,True,False,52.38281,358.5938
ANG31`YL,Terrorist,-55.99126,811.5926,58.0344,Gallil,100,100,111.5741,7.103111,0,False,True,False,55.19531,359.2969
ANG31`YL,Terrorist,-49.03263,812.2193,59.77406,Gallil,100,100,111.104,12.45536,0,False,True,False,58.71093,359.2969
ANG31`YL,Terrorist,-42.11083,813.1714,61.50451,Gallil,100,100,110.4585,17.267,0,False,True,False,60.11719,358.9453
ANG31`YL,Terrorist,-35.16261,813.7867,63.24157,Gallil,100,100,111.7997,-0.2448437,0,False,True,False,62.22656,358.9453
ANG31`YL,Terrorist,-28.21235,813.1303,64.03125,Gallil,100,100,110.4517,-17.31044,0,False,True,False,63.98437,358.5938
ANG31`YL,Terrorist,-20.66667,811.3581,64.03125,Gallil,100,100,133.8935,-38.1692,0,False,True,False,65.39063,357.8906
ANG31`YL,Terrorist,-11.77092,808.5269,64.03125,Gallil,100,100,134.147,-43.97452,0,False,True,False,66.44531,357.5391
ANG31`YL,Terrorist,-5.65125,806.6158,64.29375,Gallil,100,100,58.39814,-15.21661,0,False,True,False,67.14844,357.5391
ANG31`YL,Terrorist,-5.074014,806.6901,64.32278,Gallil,100,100,-20.74942,9.67788,0,False,True,False,67.5,357.5391
ANG31`YL,Terrorist,-8.044788,807.9627,64.03125,Gallil,100,100,-68.31918,28.77217,0,False,True,False,67.5,357.5391
ANG31`YL,Terrorist,-13.48864,810.2387,64.03125,Gallil,100,100,-86.13605,35.95477,0,False,True,False,67.5,357.5391
ANG31`YL,Terrorist,-15.61927,811.1372,64.03125,Gallil,100,100,5.982673,-2.346541,0,False,True,False,67.5,357.5391
ANG31`YL,Terrorist,-13.57969,810.3035,64.03125,Gallil,100,100,53.42454,-21.73246,0,False,True,False,68.20313,357.1875
ANG31`YL,Terrorist,-8.585017,808.308,64.03125,Gallil,100,100,99.58145,-39.27566,0,False,True,False,69.25781,357.1875
ANG31`YL,Terrorist,-1.047689,805.394,64.57137,Gallil,100,100,135.3956,-51.65746,0,False,True,False,70.3125,356.8359
ANG31`YL,Terrorist,8.184891,801.9223,65.5951,Gallil,100,100,144.5771,-54.05323,0,False,True,False,70.3125,356.4844
ANG31`YL,Terrorist,14.45455,799.5541,66.3288,Gallil,100,100,57.87143,-22.49492,0,False,True,False,70.3125,356.4844
ANG31`YL,Terrorist,15.00435,799.31,66.39407,Gallil,100,100,-20.89819,7.545754,0,False,True,False,69.96094,356.4844
ANG31`YL,Terrorist,12.00501,800.3975,66.04423,Gallil,100,100,-69.03059,25.14739,0,False,True,False,69.60938,356.8359
ANG31`YL,Terrorist,6.097423,802.5685,65.35443,Gallil,100,100,-112.591,41.51855,0,False,True,False,69.60938,356.8359
ANG31`YL,Terrorist,-2.061285,805.5671,64.51267,Gallil,100,100,-136.1909,49.95049,0,False,True,False,69.96094,356.8359
ANG31`YL,Terrorist,-8.200353,807.8258,64.03125,Gallil,100,100,-39.88311,14.84259,0,False,True,False,69.96094,356.8359
ANG31`YL,Terrorist,-8.098358,807.798,64.03125,Gallil,100,100,24.72412,-8.926995,0,False,True,False,69.96094,356.8359
ANG31`YL,Terrorist,-4.846017,806.665,64.33563,Gallil,100,100,73.55309,-24.44345,0,False,True,False,74.17969,356.8359
ANG31`YL,Terrorist,1.381462,804.7589,64.79217,Gallil,100,100,118.1159,-34.38709,0,False,True,False,76.28906,356.8359
ANG31`YL,Terrorist,9.9812,802.3785,65.77653,Gallil,100,100,151.2721,-40.67738,0,False,True,False,76.64063,356.8359
ANG31`YL,Terrorist,20.33186,799.6633,66.9575,Gallil,100,100,175.6673,-45.41936,0,False,True,False,76.28906,357.1875
ANG31`YL,Terrorist,29.42534,797.3085,67.91653,Gallil,100,100,101.8166,-26.804,0,False,True,False,76.28906,357.1875
ANG31`YL,Terrorist,32.32243,796.4979,68.13424,Gallil,100,100,4.231147,-2.251374,0,False,True,False,76.28906,356.8359
ANG31`YL,Terrorist,30.49081,796.9265,68.00127,Gallil,100,100,-51.08135,12.2081,0,False,True,False,76.28906,356.8359
ANG31`YL,Terrorist,25.56359,798.117,67.55883,Gallil,100,100,-99.64008,24.31489,0,False,True,False,75.58594,357.1875
ANG31`YL,Terrorist,17.96048,800.0448,66.69304,Gallil,100,100,-136.9538,35.94888,0,False,True,False,72.77344,357.1875
ANG31`YL,Terrorist,8.491876,802.6827,65.6088,Gallil,100,100,-154.592,44.53357,0,False,True,False,70.66406,357.1875
ANG31`YL,Terrorist,0.6747811,804.9346,64.71178,Gallil,100,100,-99.52496,28.67032,0,False,True,False,70.3125,357.1875
ANG31`YL,Terrorist,-3.177095,805.951,64.44316,Gallil,100,100,-22.88667,3.484,0,False,True,False,70.3125,357.1875
ANG31`YL,Terrorist,-2.129628,805.5101,64.51046,Gallil,100,100,39.15718,-14.18088,0,False,True,False,70.3125,357.1875
ANG31`YL,Terrorist,2.014016,804.0223,64.87881,Gallil,100,100,87.24621,-31.17607,0,False,True,False,70.66406,357.1875
ANG31`YL,Terrorist,8.9138,801.5754,65.68222,Gallil,100,100,126.6967,-44.60627,0,False,True,False,71.36719,357.1875
ANG31`YL,Terrorist,17.91473,798.4703,66.72807,Gallil,100,100,156.277,-52.91929,0,False,True,False,73.125,357.5391
ANG31`YL,Terrorist,28.45544,795.0024,67.8394,Gallil,100,100,173.0872,-55.87423,0,True,True,False,74.17969,357.1875
ANG31`YL,Terrorist,38.52227,791.7906,68.64002,Gallil,100,100,152.6398,-48.21972,0,True,True,False,74.53125,356.8359
ANG31`YL,Terrorist,46.08689,789.4082,69.08901,Gallil,100,100,91.38127,-28.78057,0,True,True,False,74.88281,356.4844
ANG31`YL,Terrorist,50.68845,787.9662,69.24284,Gallil,100,100,69.83849,-21.59158,0,False,True,False,74.88281,356.4844
ANG31`YL,Terrorist,55.06099,786.6418,69.34473,Gallil,100,100,70.04709,-20.90491,0,False,True,False,74.88281,356.4844
ANG31`YL,Terrorist,59.37657,785.3722,69.44725,Gallil,100,100,64.40447,-18.82745,0,False,True,False,74.88281,356.4844
ANG31`YL,Terrorist,62.42376,784.4779,69.53087,Gallil,100,100,30.60357,-9.166137,0,False,True,False,74.88281,356.4844
ANG31`YL,Terrorist,62.76243,784.3651,69.53087,Gallil,100,100,-4.976421,1.34987,0,False,True,False,74.88281,356.4844
ANG31`YL,Terrorist,62.25645,784.503,69.5264,Gallil,100,100,-10.51872,2.881415,0,False,True,False,74.53125,356.4844
ANG31`YL,Terrorist,61.40439,784.7377,69.50599,Gallil,100,100,-16.05496,4.434873,0,False,True,False,74.53125,356.4844
ANG31`YL,Terrorist,60.20678,785.0712,69.47739,Gallil,100,100,-21.5773,6.037918,0,False,True,False,74.17969,356.4844
ANG31`YL,Terrorist,58.66476,785.5073,69.44071,Gallil,100,100,-27.07048,7.74196,0,True,True,False,73.82813,356.8359
ANG31`YL,Terrorist,56.78124,786.0562,69.39627,Gallil,100,100,-32.51535,9.606195,0,True,True,False,73.125,357.1875
ANG31`YL,Terrorist,54.55893,786.7262,69.34433,Gallil,100,100,-37.9244,11.58003,0,True,True,False,72.42188,357.1875
ANG31`YL,Terrorist,51.36234,787.7181,69.27025,Gallil,100,100,-70.46985,22.0514,0,False,True,False,72.42188,357.1875
ANG31`YL,Terrorist,45.3401,789.6169,69.04834,Gallil,100,100,-114.6739,36.32586,0,False,True,False,72.07031,357.1875
ANG31`YL,Terrorist,37.18114,792.2172,68.53336,Gallil,100,100,-129.7526,41.47503,0,False,True,False,71.36719,357.1875
ANG31`YL,Terrorist,30.53054,794.3607,68.00443,Gallil,100,100,-106.3277,34.54937,0,False,True,False,71.01563,357.1875
ANG31`YL,Terrorist,23.88781,796.5284,67.41909,Gallil,100,100,-106.3184,34.57806,0,False,True,False,73.47656,357.5391
ANG31`YL,Terrorist,17.21755,798.6093,66.64964,Gallil,100,100,-107.1334,31.9636,0,False,True,False,78.04688,357.1875
ANG31`YL,Terrorist,10.49496,800.5145,65.87902,Gallil,100,100,-107.8479,29.46298,0,False,True,False,78.04688,357.1875
ANG31`YL,Terrorist,4.04633,802.2264,65.14274,Gallil,100,100,-92.77891,24.46358,0,False,True,False,78.04688,357.1875
ANG31`YL,Terrorist,1.686665,802.9622,64.86726,Gallil,100,100,4.186661,1.174269,0,False,True,False,78.04688,357.1875
ANG31`YL,Terrorist,3.710607,802.5554,65.09832,Gallil,100,100,54.27013,-11.38662,0,False,True,False,77.69531,357.5391
ANG31`YL,Terrorist,8.838674,801.4496,65.67734,Gallil,100,100,102.7117,-22.46974,0,False,True,False,76.99219,357.5391
ANG31`YL,Terrorist,16.62762,799.7112,66.5583,Gallil,100,100,139.9894,-31.63118,0,False,True,False,76.64063,357.1875
ANG31`YL,Terrorist,25.69548,797.6453,67.58497,Gallil,100,100,132.8134,-30.30903,0,False,True,False,76.64063,357.1875
ANG31`YL,Terrorist,30.83348,796.4888,68.02853,Gallil,100,100,38.86222,-8.381348,0,False,True,False,76.64063,357.1875
ANG31`YL,Terrorist,30.33309,796.623,67.98873,Gallil,100,100,-34.08757,8.07626,0,False,True,False,76.64063,357.1875
ANG31`YL,Terrorist,26.4496,797.5441,67.66856,Gallil,100,100,-83.9485,19.92743,0,False,True,False,76.64063,357.1875
ANG31`YL,Terrorist,20.58775,798.9373,67.00341,Gallil,100,100,-100.6973,23.9516,0,False,True,False,76.64063,357.1875
ANG31`YL,Terrorist,13.96105,800.7025,66.24664,Gallil,100,100,-105.4806,37.05515,0,False,True,False,76.28906,357.1875
ANG31`YL,Terrorist,7.741368,803.8572,65.49836,Gallil,100,100,-94.70181,59.42058,0,False,True,False,76.28906,357.1875
ANG31`YL,Terrorist,2.191499,808.092,64.79462,Gallil,100,100,-84.46929,73.24054,0,False,True,False,76.28906,357.1875
ANG31`YL,Terrorist,-2.790894,812.9868,64.30466,Gallil,100,100,-76.29501,81.72092,0,False,True,False,75.58594,357.1875
ANG31`YL,Terrorist,-7.332516,818.2952,64.04583,Gallil,100,100,-70.10933,87.08571,0,False,True,False,74.88281,357.5391
ANG31`YL,Terrorist,-11.53667,823.8754,64.03125,Gallil,100,100,-65.36928,90.69783,0,False,True,False,74.17969,357.8906
ANG31`YL,Terrorist,-15.50817,829.6242,64.03125,Gallil,100,100,-62.30096,92.83226,0,False,True,False,74.17969,357.8906
ANG31`YL,Terrorist,-18.3977,835.9344,64.03125,Gallil,100,100,-34.80978,106.2427,0,False,True,False,74.17969,357.8906
ANG31`YL,Terrorist,-19.79389,842.7704,64.03125,Gallil,100,100,-13.58306,110.9718,0,False,True,False,73.82813,357.8906
ANG31`YL,Terrorist,-20.08043,849.7469,64.03125,Gallil,100,100,1.602569,111.7885,0,False,True,False,73.47656,357.5391
ANG31`YL,Terrorist,-19.59026,856.7148,64.03125,Gallil,100,100,12.14679,111.1382,0,False,True,False,72.77344,357.5391
ANG31`YL,Terrorist,-18.59669,862.2621,64.03125,Gallil,100,100,16.59779,0,0,False,True,False,73.82813,357.5391
ANG31`YL,Terrorist,-18.05805,862.2621,64.03125,Gallil,100,100,0,0,0,False,True,False,73.125,357.5391
ANG31`YL,Terrorist,-17.50286,862.089,64.03125,Gallil,100,100,18.24798,-5.724788,0,False,True,False,72.42188,357.5391
ANG31`YL,Terrorist,-15.64146,861.504,64.03125,Gallil,100,100,38.7545,-12.18486,0,False,True,False,72.42188,357.5391
ANG31`YL,Terrorist,-12.4983,860.5156,64.03125,Gallil,100,100,59.26304,-18.63855,0,False,True,False,72.42188,357.5391
ANG31`YL,Terrorist,-8.073032,859.1258,64.03125,Gallil,100,100,79.76244,-25.00372,0,False,True,False,72.77344,357.1875
ANG31`YL,Terrorist,-2.458403,857.3694,64.24889,Gallil,100,100,96.90438,-30.27672,0,False,True,False,72.77344,357.1875
ANG31`YL,Terrorist,4.033935,855.3618,64.76855,Gallil,100,100,106.9244,-32.656,0,False,True,False,74.53125,357.1875
ANG31`YL,Terrorist,10.72537,853.3494,65.43851,Gallil,100,100,107.1769,-31.8175,0,False,True,False,74.88281,357.1875
ANG31`YL,Terrorist,17.4332,851.3925,66.11041,Gallil,100,100,107.4355,-30.93286,0,False,True,False,75.23438,357.5391
ANG31`YL,Terrorist,23.7032,849.6041,66.7393,Gallil,100,100,88.81934,-25.29791,0,False,True,False,75.58594,357.1875
ANG31`YL,Terrorist,27.48499,848.5038,67.12524,Gallil,100,100,31.7526,-9.84252,0,False,True,False,75.58594,357.1875
ANG31`YL,Terrorist,26.91259,848.6219,67.06666,Gallil,100,100,-33.91404,8.776482,0,False,True,False,75.58594,357.1875
ANG31`YL,Terrorist,23.05042,849.6287,66.67246,Gallil,100,100,-83.45103,21.91526,0,False,True,False,74.88281,357.1875
ANG31`YL,Terrorist,16.30416,851.4364,65.99593,Gallil,100,100,-125.1149,33.90367,0,False,True,False,74.17969,357.1875
ANG31`YL,Terrorist,7.358543,853.8832,65.09908,Gallil,100,100,-155.7727,42.84123,0,False,True,False,74.17969,357.5391
ANG31`YL,Terrorist,-0.6859901,856.0941,64.32884,Gallil,100,100,-87.43845,23.85229,0,False,True,False,74.17969,357.5391
ANG31`YL,Terrorist,-2.765492,856.6435,64.22725,Gallil,100,100,8.634778,-2.495574,0,False,True,False,74.17969,357.5391
ANG31`YL,Terrorist,-0.4911932,856.0002,64.33785,Gallil,100,100,57.97301,-16.36319,0,False,True,False,74.17969,357.5391
ANG31`YL,Terrorist,4.82967,854.6237,64.84579,Gallil,100,100,104.4898,-18.26278,0,False,True,False,74.17969,357.5391
ANG31`YL,Terrorist,12.46255,854.8519,65.62231,Gallil,100,100,134.486,19.0705,0,False,True,False,74.53125,357.5391
ANG31`YL,Terrorist,21.67478,857.0614,66.56892,Gallil,100,100,156.4256,46.83988,0,False,True,False,74.88281,357.5391
ANG31`YL,Terrorist,32.04042,860.7475,67.63988,Gallil,100,100,172.427,67.5687,0,False,True,False,75.23438,357.5391
ANG31`YL,Terrorist,43.23773,865.5521,68.69347,Gallil,100,100,183.8113,83.52157,0,False,True,False,75.9375,357.5391
ANG31`YL,Terrorist,55.0124,871.239,69.57094,Gallil,100,100,191.4707,96.46207,0,False,True,False,77.69531,357.1875
ANG31`YL,Terrorist,66.87693,877.5458,70.43018,Gallil,100,100,188.0139,104.287,0,False,True,False,80.50781,357.1875
ANG31`YL,Terrorist,77.17654,885.4349,71.17609,Gallil,100,100,152.5008,139.2188,0,False,True,False,86.13281,357.5391
ANG31`YL,Terrorist,86.88259,894.335,82.50401,Gallil,100,100,155.6461,142.8835,267.6184,False,True,False,96.6797,358.2422
ANG31`YL,Terrorist,96.6105,903.2651,106.6676,Gallil,100,100,155.6461,142.8835,217.6184,False,True,False,97.38281,357.8906
ANG31`YL,Terrorist,106.3384,912.1953,109.7062,Gallil,100,100,155.6461,142.8835,167.6184,False,True,False,97.38281,357.8906
ANG31`YL,Terrorist,116.0663,921.1255,118.6198,Gallil,100,100,155.6461,142.8835,117.6184,False,True,False,97.38281,357.8906
ANG31`YL,Terrorist,125.7942,930.0557,124.4084,Gallil,100,100,155.6461,142.8835,67.61838,False,True,False,99.84375,358.2422
ANG31`YL,Terrorist,135.5221,938.9858,127.0719,Gallil,100,100,155.6461,142.8835,17.61838,False,True,False,99.84375,358.2422
ANG31`YL,Terrorist,145.25,947.916,126.6105,Gallil,100,100,155.6461,142.8835,-32.38162,False,True,False,100.1953,358.2422
ANG31`YL,Terrorist,154.9779,956.8462,123.0241,Gallil,100,100,155.6461,142.8835,-82.38162,False,True,False,99.84375,358.2422
ANG31`YL,Terrorist,159.9688,965.7764,116.3127,Gallil,100,100,0,142.8835,-132.3816,False,True,False,99.49219,358.2422
ANG31`YL,Terrorist,159.9688,974.7065,106.4762,Gallil,100,100,0,142.8835,-182.3816,False,True,False,99.49219,358.2422
ANG31`YL,Terrorist,159.9688,983.6367,93.51481,Gallil,100,100,0,142.8835,-232.3816,False,True,False,99.49219,358.2422
ANG31`YL,Terrorist,159.9029,992.645,80.01935,Gallil,100,100,-6.933393,148.9445,0,False,True,False,99.14063,358.2422
ANG31`YL,Terrorist,157.5853,1001.955,79.72966,Gallil,100,100,-57.86737,149.4748,0,False,True,False,95.97657,358.5938
ANG31`YL,Terrorist,152.539,1011.017,79.46152,Gallil,100,100,-100.8032,132.0114,0,False,True,False,85.78125,358.2422
ANG31`YL,Terrorist,144.8084,1018.302,79.65147,Gallil,100,100,-139.6058,106.7848,0,False,True,False,79.45313,357.8906
ANG31`YL,Terrorist,135.0578,1024.436,79.4077,Gallil,100,100,-167.408,92.61728,0,False,True,False,76.64063,357.8906
ANG31`YL,Terrorist,123.8628,1029.927,79.12783,Gallil,100,100,-187.2734,84.78559,0,False,True,False,74.88281,357.8906
ANG31`YL,Terrorist,113.3231,1034.581,79.03125,Gallil,100,100,-125.3131,58.89747,0,False,True,False,74.53125,358.2422
ANG31`YL,Terrorist,109.0639,1037.025,79.1781,Gallil,100,100,-26.83085,24.33317,0,False,True,False,74.53125,358.2422
ANG31`YL,Terrorist,109.5052,1037.423,79.15603,Gallil,100,100,10.12051,0.4371631,0,False,True,False,74.17969,358.2422
ANG31`YL,Terrorist,108.801,1037.706,79.19124,Gallil,100,100,-29.28205,15.11804,0,False,True,False,74.17969,358.2422
ANG31`YL,Terrorist,106.3754,1040.434,79.31252,Gallil,100,100,-41.73331,65.28643,0,False,True,False,74.53125,358.2422
ANG31`YL,Terrorist,105.6986,1045.531,79.34636,Gallil,100,100,18.00284,87.4329,0,False,True,False,74.53125,358.2422
ANG31`YL,Terrorist,108.762,1051.344,79.19319,Gallil,100,100,70.78326,96.92178,0,False,True,False,74.53125,358.2422
ANG31`YL,Terrorist,114.4804,1057.764,78.96925,Gallil,100,100,98.44852,112.6857,0,False,True,False,74.53125,358.2422
ANG31`YL,Terrorist,120.3204,1066.057,78.82325,Gallil,100,100,89.89582,146.7524,0,False,True,False,74.88281,358.2422
ANG31`YL,Terrorist,125.7033,1076.152,79.76561,Gallil,100,100,83.47076,171.8786,0,False,True,False,74.88281,358.2422
ANG31`YL,Terrorist,129.6434,1087.431,81.83808,Gallil,100,100,39.6449,185.309,0,False,True,False,74.88281,358.2422
ANG31`YL,Terrorist,130.529,1099.324,83.90421,Gallil,100,100,-3.68934,193.8043,0,False,True,False,74.88281,358.2422
ANG31`YL,Terrorist,129.1381,1111.673,90.05733,Gallil,100,100,-35.11533,200.3401,0,False,True,False,73.82813,358.5938
ANG31`YL,Terrorist,126.1501,1124.402,94.4775,Gallil,100,100,-56.05173,206.328,0,False,True,False,69.96094,358.9453
ANG31`YL,Terrorist,122.4052,1137.307,94.57113,Gallil,100,100,-60.06882,206.4382,0,False,True,False,57.65625,359.6484
ANG31`YL,Terrorist,117.8109,1149.915,94.68598,Gallil,100,100,-84.02792,197.8997,0,False,True,False,35.15625,359.6484
ANG31`YL,Terrorist,112.407,1162.218,94.82108,Gallil,100,100,-85.55515,197.2443,0,False,True,False,18.28125,358.2422
ANG31`YL,Terrorist,107.4281,1174.481,93.88663,Gallil,100,100,-73.12644,188.5907,0,True,True,False,10.19531,356.4844
ANG31`YL,Terrorist,103.5616,1184.988,93.80066,Gallil,100,100,-50.53108,142.4368,0,True,True,False,5.625,355.0781
ANG31`YL,Terrorist,101.2083,1191.777,93.83643,Gallil,100,100,-31.44761,97.93392,0,True,True,False,2.8125,354.7266
ANG31`YL,Terrorist,99.52055,1197.91,93.85226,Gallil,100,100,-23.65547,98.25085,0,True,True,False,359.6484,354.7266
ANG31`YL,Terrorist,99.29108,1204.146,93.75851,Gallil,100,100,22.85598,97.18244,0,False,True,False,359.6484,354.375
ANG31`YL,Terrorist,102.6023,1208.246,93.45988,Gallil,100,100,73.95503,41.19255,0,False,True,False,22.5,359.6484
ANG31`YL,Terrorist,108.2748,1208.897,93.2558,Gallil,100,100,108.6469,-1.209054,0,False,True,False,85.78125,2.109375
ANG31`YL,Terrorist,116.4319,1209.012,93.06837,Gallil,100,100,145.8013,4.989127,0,False,True,False,96.32813,358.5938
ANG31`YL,Terrorist,126.5465,1209.537,92.82918,Gallil,100,100,173.0889,10.77423,0,False,True,False,96.32813,358.5938
ANG31`YL,Terrorist,138.1026,1210.367,92.55069,Gallil,100,100,193.1877,15.03529,0,False,True,False,96.32813,358.5938
ANG31`YL,Terrorist,150.7204,1211.422,92.2981,Gallil,100,100,207.9855,18.22873,0,False,True,False,96.32813,358.9453
ANG31`YL,Terrorist,161.2724,1213.828,96.21487,Gallil,100,100,0.7641609,57.79337,0,False,True,False,97.03126,359.2969
ANG31`YL,Terrorist,161.609,1218.786,96.03125,Gallil,100,100,15.15849,97.55634,0,False,True,False,115.3125,1.40625
ANG31`YL,Terrorist,164.1243,1225.614,96.03125,Gallil,100,100,53.59322,121.414,0,False,True,False,149.0625,358.9453
ANG31`YL,Terrorist,168.1939,1234.115,96.03125,Gallil,100,100,73.20221,146.2531,0,False,True,False,149.4141,358.5938
ANG31`YL,Terrorist,174.1754,1242.757,96.03125,Gallil,100,100,114.6431,128.4821,0,False,True,False,149.4141,358.5938
ANG31`YL,Terrorist,182.5714,1250.186,96.03125,Gallil,100,100,148.0055,112.6667,0,False,True,False,152.2266,359.2969
ANG31`YL,Terrorist,192.4688,1257.164,96.03125,Gallil,100,100,157.6771,119.9655,0,False,True,False,154.3359,359.2969
ANG31`YL,Terrorist,201.7982,1265.712,96.03125,Gallil,100,100,143.0389,148.7145,0,False,True,False,156.4453,359.2969
ANG31`YL,Terrorist,210.2984,1268.306,96.36296,Gallil,100,100,130.5622,0.4622126,0,False,True,False,159.2578,359.2969
ANG31`YL,Terrorist,217.9728,1268.336,96.49104,Gallil,100,100,116.3471,0.4766769,0,False,True,False,164.5313,358.9453
ANG31`YL,Terrorist,224.6787,1269.778,96.03125,Gallil,100,100,100.1958,50.62021,0,False,True,False,168.75,358.9453
ANG31`YL,Terrorist,230.1469,1273.395,96.03125,Gallil,100,100,78.52396,62.97862,0,True,True,False,169.8047,358.9453
ANG31`YL,Terrorist,234.4663,1277.666,96.03125,Gallil,100,100,62.51013,72.09084,0,True,True,False,169.8047,358.9453
ANG31`YL,Terrorist,237.9419,1282.418,96.03125,Gallil,100,100,50.76558,78.79324,0,True,True,False,169.4531,358.9453
ANG31`YL,Terrorist,241.069,1288.966,96.03125,Gallil,100,100,49.64832,122.969,0,False,True,False,168.75,358.9453
ANG31`YL,Terrorist,244.2066,1297.833,96.03125,Gallil,100,100,51.61946,154.8858,0,False,True,False,163.4766,358.9453
ANG31`YL,Terrorist,247.7867,1308.247,96.03125,Gallil,100,100,54.83147,175.6563,0,False,True,False,127.9687,359.6484
ANG31`YL,Terrorist,247.4888,1319.795,96.03125,Gallil,100,100,-11.06257,192.8369,0,False,True,False,94.92187,359.2969
ANG31`YL,Terrorist,246.551,1332.323,96.03125,Gallil,100,100,-26.28924,201.3866,0,False,True,False,94.92187,359.2969
ANG31`YL,Terrorist,244.2933,1345.036,96.03125,Gallil,100,100,-34.93293,209.0143,0,False,True,False,94.92187,359.2969
ANG31`YL,Terrorist,242.2637,1358.304,96.03125,Gallil,100,100,-30.57326,212.8151,0,False,True,False,94.92187,359.2969
ANG31`YL,Terrorist,240.48,1371.622,101.8461,Gallil,100,100,-26.91817,213.3083,0,False,True,False,93.51563,359.2969
ANG31`YL,Terrorist,239.065,1384.984,104.0313,Gallil,100,100,-18.07649,214.2387,0,False,True,False,85.42969,359.2969
ANG31`YL,Terrorist,238.4706,1398.405,104.0313,Gallil,100,100,-2.00911,214.9906,0,False,True,False,76.99219,359.2969
ANG31`YL,Terrorist,238.2106,1411.833,104.0313,Gallil,100,100,-16.21642,214.3876,0,False,True,False,72.07031,359.6484
ANG31`YL,Terrorist,235.9554,1424.813,104.0313,Gallil,100,100,-58.16439,195.5428,0,False,True,False,68.55469,359.2969
ANG31`YL,Terrorist,230.6481,1436.088,104.0313,Gallil,100,100,-103.4594,170.3143,0,False,True,False,65.39063,358.9453
ANG31`YL,Terrorist,222.991,1446.126,104.0313,Gallil,100,100,-135.7855,154.0195,0,False,True,False,63.98437,358.9453
ANG31`YL,Terrorist,213.6448,1455.342,104.0313,Gallil,100,100,-159.0718,143.0839,0,False,True,False,62.57813,358.2422
ANG31`YL,Terrorist,203.2789,1463.889,104.0313,Gallil,100,100,-169.7366,131.9639,0,False,True,False,61.17188,358.2422
ANG31`YL,Terrorist,192.4556,1471.851,104.0313,Gallil,100,100,-175.3866,124.3565,0,False,True,False,60.46875,357.8906
ANG31`YL,Terrorist,182.0628,1479.046,101.0313,Gallil,100,100,-134.8316,94.46841,0,False,True,False,60.11719,357.8906
ANG31`YL,Terrorist,177.0526,1482.834,101.0313,Gallil,100,100,-41.4056,36.79752,0,False,True,False,61.17188,357.8906
ANG31`YL,Terrorist,177.1089,1483.401,101.0313,Gallil,100,100,25.80545,-7.526036,0,False,True,False,68.20313,358.2422
ANG31`YL,Terrorist,180.3985,1482.268,101.0313,Gallil,100,100,73.67286,-25.88038,0,False,True,False,70.3125,358.5938
ANG31`YL,Terrorist,186.5682,1480.076,101.0313,Gallil,100,100,116.3368,-41.56484,0,False,True,False,69.96094,358.5938
ANG31`YL,Terrorist,194.5918,1477.203,104.0313,Gallil,100,100,122.285,-43.82219,0,False,True,False,69.96094,358.2422
ANG31`YL,Terrorist,199.2316,1475.556,104.0313,Gallil,100,100,32.66215,-11.20022,0,False,True,False,69.60938,358.5938
ANG31`YL,Terrorist,199.3097,1475.544,104.0313,Gallil,100,100,0,0,0,False,True,False,69.25781,359.2969
ANG31`YL,Terrorist,199.3097,1475.544,104.0313,Gallil,100,100,0,0,0,False,True,False,69.25781,359.2969
ANG31`YL,Terrorist,199.3097,1475.544,104.0313,Gallil,100,100,0,0,0,False,True,False,69.25781,359.6484
ANG31`YL,Terrorist,199.3097,1475.544,104.0313,Gallil,100,100,0,0,0,False,True,False,68.90625,0.703125
ANG31`YL,Terrorist,199.3097,1475.544,104.0313,Gallil,100,100,0,0,0,False,True,False,68.90625,1.054688
ANG31`YL,Terrorist,199.3097,1475.544,104.0313,Gallil,100,100,0,0,0,False,True,False,68.90625,1.757813
ANG31`YL,Terrorist,199.3097,1475.544,104.0313,Gallil,100,100,0,0,0,False,True,False,68.55469,2.460938
ANG31`YL,Terrorist,199.3097,1475.544,104.0313,Gallil,100,100,0,0,0,False,True,False,68.55469,3.164063
ANG31`YL,Terrorist,199.3097,1475.544,104.0313,Gallil,100,100,0,0,0,False,True,False,68.20313,4.21875
ANG31`YL,Terrorist,199.3097,1475.544,104.0313,Gallil,100,100,0,0,0,False,True,False,67.85156,4.921875
ANG31`YL,Terrorist,199.3097,1475.544,104.0313,Gallil,100,100,0,0,0,False,True,False,67.85156,5.625
ANG31`YL,Terrorist,199.3097,1475.544,104.0313,Gallil,100,100,0,0,0,False,True,False,67.85156,6.328125
ANG31`YL,Terrorist,199.3097,1475.544,104.0313,Gallil,100,100,0,0,0,False,True,False,68.90625,6.328125
ANG31`YL,Terrorist,199.3097,1475.544,104.0313,Gallil,100,100,0,0,0,False,True,False,69.96094,6.679688
ANG31`YL,Terrorist,199.3097,1475.544,104.0313,Gallil,100,100,0,0,0,False,True,False,70.3125,6.679688
ANG31`YL,Terrorist,198.1954,1477.078,104.0313,Gallil,100,100,-26.73139,45.42228,0,False,True,False,72.77344,5.976563
ANG31`YL,Terrorist,195.6097,1481.531,104.0313,Knife,100,100,-54.66227,92.12281,0,False,True,False,78.39844,5.976563
ANG31`YL,Terrorist,192.6855,1489.094,104.0313,Knife,100,100,-36.17309,142.6557,0,False,True,False,83.32031,5.273438
ANG31`YL,Terrorist,191.0887,1499.434,101.0313,Knife,100,100,-18.1807,181.444,0,False,True,False,83.67188,4.921875
ANG31`YL,Terrorist,190.4348,1511.824,101.0313,Knife,100,100,-5.024596,210.0246,0,False,True,False,83.67188,4.570313
ANG31`YL,Terrorist,190.5524,1525.714,101.9968,Knife,100,100,7.305455,230.7326,0,False,True,False,81.21094,4.21875
ANG31`YL,Terrorist,191.3866,1540.665,104.1804,Knife,100,100,22.77583,242.0471,0,False,True,False,83.32031,4.921875
ANG31`YL,Terrorist,194.7884,1555.451,120.3015,Knife,100,100,72.64655,233.9245,255.1184,False,True,False,79.80469,5.976563
ANG31`YL,Terrorist,200.8416,1569.677,134.6839,Gallil,100,100,114.6486,221.8725,205.1184,False,True,False,69.60938,7.03125
ANG31`YL,Terrorist,208.7896,1583.218,145.9413,Gallil,100,100,134.0746,213.5443,155.1184,False,True,False,64.6875,7.734375
ANG31`YL,Terrorist,217.2262,1596.538,154.0738,Gallil,100,100,135.0338,213.0873,105.1184,False,True,False,64.33594,7.734375
ANG31`YL,Terrorist,225.7954,1609.792,159.0812,Gallil,100,100,142.0745,209.552,55.11838,False,True,False,62.57813,6.679688
ANG31`YL,Terrorist,235.1481,1622.629,160.9637,Gallil,100,100,154.0387,202.8899,5.118378,False,True,False,59.41407,4.21875
ANG31`YL,Terrorist,244.8102,1635.289,159.7211,Gallil,100,100,154.5931,202.5621,-44.88162,False,True,False,59.41407,3.867188
ANG31`YL,Terrorist,254.4723,1647.95,155.3536,Gallil,100,100,154.5931,202.5621,-94.88162,False,True,False,59.41407,3.867188
ANG31`YL,Terrorist,264.1344,1660.61,147.861,Gallil,100,100,154.5931,202.5621,-144.8816,False,True,False,58.71093,3.515625
ANG31`YL,Terrorist,273.7965,1673.27,137.2435,Gallil,100,100,154.5931,202.5621,-194.8816,False,True,False,54.84375,1.757813
ANG31`YL,Terrorist,283.4586,1685.93,123.5009,Gallil,100,100,154.5931,202.5621,-244.8816,False,True,False,52.03125,1.054688
ANG31`YL,Terrorist,290.7023,1694.065,117.0313,Gallil,100,100,83.51185,68.25066,0,False,True,False,49.92188,358.5938
ANG31`YL,Terrorist,295.6644,1699.86,117.0313,Gallil,100,100,68.32756,112.7456,0,False,True,False,47.46093,357.8906
ANG31`YL,Terrorist,299.1559,1708.219,117.0313,Gallil,100,100,42.08046,146.2161,0,False,True,False,46.05469,358.2422
ANG31`YL,Terrorist,299.645,1717.641,117.0313,Gallil,100,100,-16.11546,154.0342,0,False,True,False,45.35156,358.5938
ANG31`YL,Terrorist,297.0735,1727.489,117.0313,Gallil,100,100,-58.6101,160.1658,0,False,True,False,44.64844,358.5938
ANG31`YL,Terrorist,292.2935,1737.697,117.0944,Gallil,100,100,-88.87592,165.6935,0,False,True,False,43.24219,358.9453
ANG31`YL,Terrorist,285.9473,1748.228,117.1676,Gallil,100,100,-110.262,170.6166,0,False,True,False,42.1875,358.9453
ANG31`YL,Terrorist,278.5075,1759.051,117.2449,Gallil,100,100,-125.0161,174.917,0,False,True,False,41.48438,358.9453
ANG31`YL,Terrorist,270.5298,1769.863,117.424,Gallil,100,100,-129.2345,171.8238,0,False,True,False,40.07813,358.5938
ANG31`YL,Terrorist,263.0293,1779.739,117.5815,Gallil,100,100,-94.6683,125.712,0,False,True,False,39.72656,358.5938
ANG31`YL,Terrorist,259.5835,1784.505,117.5991,Gallil,100,100,-27.01483,40.98016,0,False,True,False,39.375,358.2422
ANG31`YL,Terrorist,259.5496,1784.467,117.5991,Gallil,100,100,9.293968,-26.79175,0,False,True,False,10.19531,5.273438
ANG31`YL,Terrorist,260.1533,1781.043,117.6606,Gallil,100,100,5.863718,-76.40702,0,False,True,False,296.3672,9.84375
ANG31`YL,Terrorist,260.9851,1775.11,117.6834,Gallil,100,100,35.70165,-101.8216,0,False,True,False,283.0078,10.89844
ANG31`YL,Terrorist,264.9158,1768.425,117.5766,Gallil,100,100,81.70599,-110.9915,0,False,True,False,280.8984,11.25
ANG31`YL,Terrorist,271.2101,1761.157,117.4055,Gallil,100,100,113.7876,-120.3824,0,False,True,False,278.4375,11.25
ANG31`YL,Terrorist,279.1527,1753.329,117.2382,Gallil,100,100,136.3096,-128.7984,0,False,True,False,277.3828,11.25
ANG31`YL,Terrorist,288.3605,1745.361,117.1425,Gallil,100,100,158.1525,-115.1632,0,False,True,False,277.3828,11.25
ANG31`YL,Terrorist,298.695,1739.534,117.0351,Gallil,100,100,155.0704,-79.81004,0,False,True,False,277.3828,10.89844
ANG31`YL,Terrorist,307.8635,1733.4,117.0313,Gallil,100,100,153.5623,-95.69395,0,False,True,False,277.7344,10.89844
ANG31`YL,Terrorist,318.3784,1728.683,120.0313,Gallil,100,100,178.5078,-61.03735,0,False,True,False,278.7891,10.54688
ANG31`YL,Terrorist,321.7662,1725.815,120.3503,Gallil,100,100,0.08185027,-35.21468,0,False,True,False,288.2813,9.84375
ANG31`YL,Terrorist,321.7675,1724.458,120.3504,Gallil,100,100,0.002229556,-11.2147,0,False,True,False,339.9609,12.65625
ANG31`YL,Terrorist,321.7675,1724.335,120.3504,Gallil,100,100,0,0,0,False,True,False,44.64844,5.273438
ANG31`YL,Terrorist,321.7675,1724.335,120.3504,Gallil,100,100,0,0,0,False,True,False,46.75781,4.21875
ANG31`YL,Terrorist,321.7675,1724.335,120.3504,Gallil,100,100,0,0,0,False,True,False,46.75781,4.21875
ANG31`YL,Terrorist,321.7675,1724.335,120.3504,Gallil,100,100,0,0,0,False,True,False,46.75781,4.21875
ANG31`YL,Terrorist,321.7675,1724.335,120.3504,Gallil,100,100,0,0,0,False,True,False,48.51563,3.515625
ANG31`YL,Terrorist,321.7675,1724.335,120.3504,Gallil,100,100,0,0,0,False,True,False,66.09375,358.2422
ANG31`YL,Terrorist,321.7675,1724.335,120.3504,Gallil,100,100,0,0,0,False,True,False,72.42188,355.0781
ANG31`YL,Terrorist,321.7675,1724.335,120.3504,Gallil,100,100,0,0,0,False,True,False,76.28906,352.2656
ANG31`YL,Terrorist,321.7675,1724.335,120.3504,Gallil,100,100,0,0,0,False,True,False,79.80469,350.1563
ANG31`YL,Terrorist,321.7675,1724.335,120.3504,Gallil,100,100,0,0,0,False,True,False,80.50781,348.75
ANG31`YL,Terrorist,321.7675,1724.335,120.3504,Gallil,100,100,0,0,0,False,True,False,80.50781,348.75
ANG31`YL,Terrorist,321.7675,1724.335,120.3504,Gallil,100,100,0,0,0,False,True,False,80.50781,348.75
ANG31`YL,Terrorist,321.7675,1724.335,120.3504,Gallil,100,100,0,0,0,False,True,False,80.50781,348.3984
ANG31`YL,Terrorist,321.7675,1724.335,120.3504,Gallil,100,100,0,0,0,False,True,False,80.50781,348.3984
ANG31`YL,Terrorist,321.7675,1724.335,120.3504,Gallil,100,100,0,0,0,False,True,False,80.50781,348.3984
ANG31`YL,Terrorist,321.7675,1724.335,120.3504,Gallil,100,100,0,0,0,False,True,False,80.50781,348.3984
ANG31`YL,Terrorist,321.7675,1724.335,120.3504,Gallil,100,100,0,0,0,False,True,False,80.50781,349.4531
ANG31`YL,Terrorist,321.7675,1724.335,120.3504,Gallil,100,100,0,0,0,False,True,False,80.85938,350.5078
ANG31`YL,Terrorist,321.7675,1724.335,120.3504,Gallil,100,100,0,0,0,False,True,False,79.80469,354.375
ANG31`YL,Terrorist,320.6195,1724.653,120.0313,Gallil,100,100,-39.68721,11.84235,0,False,True,False,71.36719,1.40625
ANG31`YL,Terrorist,317.1685,1725.874,120.0313,Gallil,100,100,-80.25804,31.08622,0,False,True,False,63.63281,4.21875
ANG31`YL,Terrorist,310.8091,1728.695,120.0313,Gallil,100,100,-116.2365,56.05041,0,False,True,False,57.30469,4.570313
ANG31`YL,Terrorist,302.6948,1733.066,117.0313,Gallil,100,100,-138.6677,80.62414,0,False,True,False,50.625,3.164063
ANG31`YL,Terrorist,293.5678,1738.949,117.0761,Gallil,100,100,-150.4644,104.4106,0,False,True,False,44.64844,0.703125
ANG31`YL,Terrorist,283.9411,1746.217,117.1757,Gallil,100,100,-156.2884,124.8563,0,False,True,False,42.89063,359.2969
ANG31`YL,Terrorist,275.5027,1753.01,117.2889,Gallil,100,100,-100.9002,76.66385,0,False,True,False,42.89063,359.2969
ANG31`YL,Terrorist,271.5561,1755.149,117.3961,Gallil,100,100,-46.1978,-0.1775562,0,False,True,False,42.89063,359.2969
ANG31`YL,Terrorist,269.2942,1752.831,117.4511,Gallil,100,100,-30.54972,-62.35482,0,False,True,False,42.89063,359.2969
ANG31`YL,Terrorist,267.6127,1747.14,117.5033,Gallil,100,100,-24.32736,-111.5708,0,False,True,False,43.59375,359.2969
ANG31`YL,Terrorist,266.2798,1738.82,117.3054,Gallil,100,100,-19.2287,-148.2456,0,False,True,False,43.94531,359.2969
ANG31`YL,Terrorist,263.5192,1729.302,117.4209,Gallil,100,100,-61.59822,-155.1966,0,False,True,False,44.29688,358.9453
ANG31`YL,Terrorist,258.5851,1719.456,117.0313,Gallil,100,100,-85.83238,-153.9948,0,False,True,False,44.64844,358.9453
ANG31`YL,Terrorist,253.7476,1711.626,116.0478,Gallil,100,100,-82.39314,-94.16915,0,False,True,False,45,358.9453
ANG31`YL,Terrorist,247.6831,1708.371,112.7796,Gallil,100,100,-107.2632,-22.48565,0,False,True,False,44.64844,358.9453
ANG31`YL,Terrorist,240.4215,1708.812,111.269,Gallil,100,100,-112.0779,17.20892,0,False,True,False,43.94531,358.5938
ANG31`YL,Terrorist,236.218,1707.982,111.2516,Gallil,100,100,-34.55215,-34.04296,0,False,True,False,43.59375,358.5938
ANG31`YL,Terrorist,235.8802,1705.006,111.1774,Gallil,100,100,3.088675,-45.76713,0,False,True,False,43.59375,358.2422
ANG31`YL,Terrorist,236.0164,1702.987,111.1271,Gallil,100,100,1.472669,-21.8216,0,False,True,False,43.94531,358.2422
ANG31`YL,Terrorist,236.0523,1702.456,111.1138,Gallil,100,100,0,0,0,False,True,False,43.94531,358.2422
ANG31`YL,Terrorist,234.6231,1701.072,111.0793,Gallil,100,100,-38.95129,-37.76051,0,False,True,False,44.29688,358.2422
ANG31`YL,Terrorist,230.9157,1697.463,110.9474,Gallil,100,100,-74.54753,-72.67081,0,False,True,False,44.29688,358.2422
ANG31`YL,Terrorist,225.2417,1691.928,110.6713,Gallil,100,100,-102.1975,-99.68209,0,False,True,False,44.29688,358.2422
ANG31`YL,Terrorist,218.1038,1684.97,110.4715,Gallil,100,100,-122.645,-119.4936,0,False,True,False,44.29688,358.2422
ANG31`YL,Terrorist,209.8851,1676.966,110.6663,Gallil,100,100,-137.7143,-134.077,0,False,True,False,44.29688,358.2422
ANG31`YL,Terrorist,200.8708,1668.192,110.6786,Gallil,100,100,-148.7928,-144.8401,0,False,True,False,44.29688,358.2422
ANG31`YL,Terrorist,191.3203,1658.893,110.46,Gallil,100,100,-154.0274,-150.0019,0,False,True,False,44.29688,357.8906
ANG31`YL,Terrorist,181.9583,1649.774,110.3936,Gallil,100,100,-137.3295,-133.7634,0,False,True,False,44.29688,357.8906
ANG31`YL,Terrorist,180.9032,1643.366,109.9259,Gallil,100,100,-22.62839,-75.23506,0,True,True,False,43.94531,357.8906
ANG31`YL,Terrorist,179.0971,1640.185,109.7916,Gallil,100,100,-32.32857,-32.688,0,True,True,False,43.94531,357.8906
ANG31`YL,Terrorist,177.5475,1638.868,109.7916,Gallil,100,100,-16.79165,-14.27136,0,True,True,False,43.94531,357.5391
ANG31`YL,Terrorist,177.1091,1638.534,109.8089,Gallil,100,100,-2.587728,2.670724,0,False,True,False,43.94531,357.5391
ANG31`YL,Terrorist,176.8043,1638.844,109.8714,Gallil,100,100,-6.656254,6.734308,0,False,True,False,44.64844,357.5391
ANG31`YL,Terrorist,176.2666,1639.417,109.9806,Gallil,100,100,-8.065078,11.89594,0,False,True,False,44.64844,357.5391
ANG31`YL,Terrorist,176.0598,1640.426,110.0821,Gallil,100,100,-1.421784,18.86793,0,False,True,False,44.64844,357.5391
ANG31`YL,Terrorist,176.0184,1641.809,110.1811,Gallil,100,100,-0.3071271,24.64002,0,False,True,False,44.64844,357.5391
ANG31`YL,Terrorist,176.0128,1643.551,110.3154,Gallil,100,100,0.03021448,30.38977,0,False,True,False,44.64844,357.5391
ANG31`YL,Terrorist,176.0214,1645.652,110.4936,Gallil,100,100,0.216163,36.13872,0,False,True,False,44.29688,357.5391
ANG31`YL,Terrorist,176.0403,1648.113,110.7026,Gallil,100,100,0.3821823,41.88738,0,False,True,False,44.29688,357.5391
ANG31`YL,Terrorist,176.0711,1650.934,110.9414,Gallil,100,100,0.5736611,47.6354,0,False,True,False,43.94531,357.5391
ANG31`YL,Terrorist,175.5863,1653.701,111.2151,Gallil,100,100,-8.889391,37.34505,0,False,True,False,43.94531,357.5391
ANG31`YL,Terrorist,175.2261,1655.214,111.3719,Gallil,100,100,-3.33185,13.99737,0,False,True,False,43.94531,357.5391
ANG31`YL,Terrorist,175.1763,1655.424,111.3918,Gallil,100,100,0,0,0,False,True,False,43.94531,357.5391
ANG31`YL,Terrorist,175.1763,1655.424,111.3918,Gallil,100,100,0,0,0,False,True,False,43.94531,357.5391
ANG31`YL,Terrorist,175.1763,1655.424,111.3918,Gallil,100,100,0,0,0,False,True,False,43.94531,357.5391
ANG31`YL,Terrorist,175.1763,1655.424,111.3918,Gallil,100,100,0,0,0,False,True,False,43.94531,357.5391
ANG31`YL,Terrorist,175.1763,1655.424,111.3918,Gallil,100,100,0,0,0,False,True,False,43.94531,357.5391
ANG31`YL,Terrorist,175.1763,1655.424,111.3918,Gallil,100,100,0,0,0,False,True,False,43.94531,357.5391
ANG31`YL,Terrorist,175.1763,1655.424,111.3918,Gallil,100,100,0,0,0,False,True,False,43.94531,357.5391
ANG31`YL,Terrorist,175.1763,1655.424,111.3918,Gallil,100,100,0,0,0,False,True,False,43.94531,357.5391
ANG31`YL,Terrorist,175.1763,1655.424,111.3918,Gallil,100,100,0,0,0,False,True,False,43.94531,357.5391
ANG31`YL,Terrorist,175.1763,1655.424,111.3918,Gallil,100,100,0,0,0,False,True,False,43.94531,357.5391
ANG31`YL,Terrorist,175.1763,1655.424,111.3918,Gallil,100,100,0,0,0,False,True,False,43.94531,357.5391
ANG31`YL,Terrorist,175.1763,1655.424,111.3918,Gallil,100,100,0,0,0,False,True,False,43.94531,357.5391
ANG31`YL,Terrorist,175.1763,1655.424,111.3918,Gallil,100,100,0,0,0,False,True,False,43.94531,357.5391
ANG31`YL,Terrorist,175.1763,1655.424,111.3918,Gallil,100,100,0,0,0,False,True,False,43.94531,357.5391
ANG31`YL,Terrorist,175.1763,1655.424,111.3918,Gallil,100,100,0,0,0,False,True,False,43.94531,357.5391
ANG31`YL,Terrorist,175.1763,1655.424,111.3918,Gallil,100,100,0,0,0,False,True,False,43.94531,357.5391
ANG31`YL,Terrorist,175.1763,1655.424,111.3918,Gallil,100,100,0,0,0,False,True,False,43.94531,357.5391
ANG31`YL,Terrorist,175.1763,1655.424,111.3918,Gallil,100,100,0,0,0,False,True,False,43.94531,357.5391
ANG31`YL,Terrorist,175.1763,1655.424,111.3918,Gallil,100,100,0,0,0,False,True,False,43.94531,357.5391
ANG31`YL,Terrorist,175.1763,1655.424,111.3918,Gallil,100,100,0,0,0,False,True,False,43.94531,357.5391
ANG31`YL,Terrorist,175.1763,1655.424,111.3918,Gallil,100,100,0,0,0,False,True,False,43.94531,357.5391
ANG31`YL,Terrorist,175.1763,1655.424,111.3918,Gallil,100,100,0,0,0,False,True,False,43.94531,357.5391
ANG31`YL,Terrorist,175.1763,1655.424,111.3918,Gallil,100,100,0,0,0,False,True,False,43.94531,357.5391
ANG31`YL,Terrorist,175.1763,1655.424,111.3918,Gallil,100,100,0,0,0,False,True,False,43.94531,357.5391
ANG31`YL,Terrorist,175.1763,1655.424,111.3918,Gallil,100,100,0,0,0,False,True,False,43.94531,357.5391
ANG31`YL,Terrorist,175.1763,1655.424,111.3918,Gallil,100,100,0,0,0,False,True,False,43.94531,357.5391
ANG31`YL,Terrorist,175.1763,1655.424,111.3918,Gallil,100,100,0,0,0,False,True,False,43.94531,357.5391
ANG31`YL,Terrorist,175.1763,1655.424,111.3918,Gallil,100,100,0,0,0,False,True,False,43.94531,357.5391
ANG31`YL,Terrorist,175.1763,1655.424,111.3918,Gallil,100,100,0,0,0,False,True,False,43.94531,357.5391
ANG31`YL,Terrorist,175.1763,1655.424,111.3918,Gallil,100,100,0,0,0,False,True,False,43.94531,357.5391
ANG31`YL,Terrorist,175.1763,1655.424,111.3918,Gallil,100,100,0,0,0,False,True,False,43.94531,357.5391
ANG31`YL,Terrorist,175.1763,1655.424,111.3918,Gallil,100,100,0,0,0,False,True,False,43.94531,357.5391
ANG31`YL,Terrorist,175.1763,1655.424,111.3918,Gallil,100,100,0,0,0,False,True,False,43.94531,357.5391
ANG31`YL,Terrorist,175.1763,1655.424,111.3918,Gallil,100,100,0,0,0,False,True,False,43.94531,357.5391
ANG31`YL,Terrorist,175.1763,1655.424,111.3918,Gallil,100,100,0,0,0,False,True,False,43.94531,357.5391
ANG31`YL,Terrorist,175.1763,1655.424,111.3918,Gallil,100,100,0,0,0,False,True,False,43.94531,357.5391
ANG31`YL,Terrorist,175.1763,1655.424,111.3918,Gallil,100,100,0,0,0,False,True,False,43.94531,357.5391
ANG31`YL,Terrorist,175.1763,1655.424,111.3918,Gallil,100,100,0,0,0,False,True,False,43.94531,357.5391
ANG31`YL,Terrorist,175.1763,1655.424,111.3918,Gallil,100,100,0,0,0,False,True,False,43.94531,357.5391
ANG31`YL,Terrorist,175.1763,1655.424,111.3918,Gallil,100,100,0,0,0,False,True,False,43.94531,357.5391
ANG31`YL,Terrorist,175.1763,1655.424,111.3918,Gallil,100,100,0,0,0,False,True,False,43.94531,357.5391
ANG31`YL,Terrorist,175.1763,1655.424,111.3918,Gallil,100,100,0,0,0,False,True,False,43.94531,357.5391
ANG31`YL,Terrorist,175.1763,1655.424,111.3918,Gallil,100,100,0,0,0,False,True,False,43.94531,358.2422
ANG31`YL,Terrorist,175.1763,1655.424,111.3918,Gallil,100,100,0,0,0,False,True,False,43.94531,358.5938
ANG31`YL,Terrorist,175.1763,1655.424,111.3918,Gallil,100,100,0,0,0,False,True,False,43.94531,358.9453
ANG31`YL,Terrorist,175.1763,1655.424,111.3918,Gallil,100,100,0,0,0,False,True,False,43.94531,359.2969
ANG31`YL,Terrorist,175.1763,1655.424,111.3918,Gallil,100,100,0,0,0,False,True,False,43.94531,359.6484
ANG31`YL,Terrorist,175.1763,1655.424,111.3918,Gallil,100,100,0,0,0,False,True,False,43.94531,0.703125
ANG31`YL,Terrorist,175.1763,1655.424,111.3918,Gallil,100,100,0,0,0,False,True,False,43.94531,1.40625
ANG31`YL,Terrorist,175.1763,1655.424,111.3918,Gallil,100,100,0,0,0,False,True,False,43.94531,2.109375
ANG31`YL,Terrorist,175.1763,1655.424,111.3918,Gallil,100,100,0,0,0,False,True,False,43.94531,2.8125
ANG31`YL,Terrorist,175.1763,1655.424,111.3918,Gallil,100,100,0,0,0,False,True,False,43.94531,3.164063
ANG31`YL,Terrorist,175.1763,1655.424,111.3918,Gallil,100,100,0,0,0,True,True,False,44.29688,3.867188
ANG31`YL,Terrorist,175.2809,1655.317,111.3765,Gallil,100,100,4.106562,-4.201396,0,True,True,False,44.29688,4.570313
ANG31`YL,Terrorist,175.7122,1654.88,111.3063,Gallil,100,100,12.19602,-12.28732,0,False,True,False,45,5.273438
ANG31`YL,Terrorist,177.7534,1652.843,110.9765,Gallil,100,100,48.75206,-48.20512,0,False,True,False,46.05469,5.625
ANG31`YL,Terrorist,182.0797,1648.664,110.2894,Gallil,100,100,84.14995,-79.95771,0,False,True,False,48.16407,6.328125
ANG31`YL,Terrorist,188.3458,1642.836,109.4695,Gallil,100,100,111.7516,-102.3591,0,False,True,False,49.57031,6.679688
ANG31`YL,Terrorist,194.6343,1635.053,109.5442,Gallil,100,100,90.96473,-140.6014,0,False,True,False,51.32813,6.679688
ANG31`YL,Terrorist,199.7175,1625.215,109.8347,Gallil,100,100,74.72595,-169.1876,0,False,True,False,52.03125,7.03125
ANG31`YL,Terrorist,204.0088,1613.876,110.1209,Gallil,100,100,64.8526,-189.959,0,False,True,False,54.49219,5.976563
ANG31`YL,Terrorist,207.8554,1601.452,110.8885,Gallil,100,100,59.51283,-204.9416,0,False,True,False,55.89844,5.625
ANG31`YL,Terrorist,211.3018,1588.467,111.3889,Gallil,100,100,50.12113,-209.0762,0,False,True,False,47.10937,7.03125
ANG31`YL,Terrorist,213.5692,1575.232,111.4489,Gallil,100,100,26.97014,-213.3017,0,False,True,False,17.57813,8.4375
ANG31`YL,Terrorist,214.9796,1561.873,111.4824,Gallil,100,100,11.96874,-214.6666,0,False,True,False,335.3906,9.492188
ANG31`YL,Terrorist,214.4781,1548.571,111.484,Gallil,100,100,-3.516408,-213.2691,0,False,True,False,293.2031,8.085938
ANG31`YL,Terrorist,214.4781,1535.436,106.0919,Gallil,100,100,0,-8.038608,0,False,True,False,260.1563,6.328125
ANG31`YL,Terrorist,214.4781,1535.337,106.3018,Gallil,100,100,0,-1.676295,0,False,True,False,260.1563,6.328125
ANG31`YL,Terrorist,214.4781,1535.233,106.5242,Gallil,100,100,0,-1.676293,0,False,True,False,260.1563,6.328125
ANG31`YL,Terrorist,213.614,1533.589,106.5642,Gallil,100,100,-23.57985,-44.65047,0,False,True,False,260.1563,6.328125
ANG31`YL,Terrorist,211.4196,1529.298,104.8725,Gallil,100,100,-40.48167,-88.68459,0,False,True,False,260.1563,6.328125
ANG31`YL,Terrorist,208.7265,1522.312,104.0313,Gallil,100,100,-53.02654,-122.8799,0,False,True,False,260.1563,6.328125
ANG31`YL,Terrorist,203.9383,1514.427,101.1918,Gallil,100,100,-93.22534,-128.3548,0,False,True,False,259.8047,6.328125
ANG31`YL,Terrorist,197.0249,1506.256,101.0313,Gallil,100,100,-122.802,-132.4336,0,False,True,False,260.1563,6.328125
ANG31`YL,Terrorist,188.5622,1497.852,101.0313,Gallil,100,100,-144.1483,-136.0558,0,False,True,False,261.2109,6.328125
ANG31`YL,Terrorist,180.5309,1490.359,101.0313,Gallil,100,100,-111.9818,-104.4642,0,False,True,False,263.6719,5.976563
ANG31`YL,Terrorist,174.5264,1483.821,101.0313,Gallil,100,100,-84.90779,-107.4415,0,False,True,False,266.4844,4.570313
ANG31`YL,Terrorist,170.678,1477.78,101.0313,Gallil,100,100,-51.68317,-99.13672,0,False,True,False,267.5391,3.867188
ANG31`YL,Terrorist,167.9952,1471.334,101.0313,Gallil,100,100,-36.81622,-105.5642,0,False,True,False,267.5391,3.867188
ANG31`YL,Terrorist,165.2789,1464.905,101.0313,Gallil,100,100,-50.7668,-99.60909,0,False,True,False,267.5391,3.867188
ANG31`YL,Terrorist,161.6751,1458.923,101.0479,Gallil,100,100,-62.20633,-92.89571,0,False,True,False,267.8906,3.867188
ANG31`YL,Terrorist,157.1385,1452.885,101.0817,Gallil,100,100,-85.30444,-105.2646,0,False,True,False,269.2969,3.164063
ANG31`YL,Terrorist,150.9033,1445.622,101.1145,Gallil,100,100,-109.7764,-124.038,0,False,True,False,270,3.164063
ANG31`YL,Terrorist,143.9124,1437.133,101.1529,Gallil,100,100,-101.6309,-148.7509,0,False,True,False,271.4063,2.8125
ANG31`YL,Terrorist,138.6388,1426.85,101.187,Gallil,100,100,-71.7645,-175.5654,0,False,True,False,273.8672,2.109375
ANG31`YL,Terrorist,135.0104,1415.155,101.4633,Gallil,100,100,-48.43012,-195.2457,0,False,True,False,273.8672,2.109375
ANG31`YL,Terrorist,132.6146,1402.42,101.4089,Gallil,100,100,-31.24305,-209.7413,0,False,True,False,273.8672,2.109375
ANG31`YL,Terrorist,131.1441,1389.082,101.3755,Gallil,100,100,-17.96787,-214.2479,0,False,True,False,273.8672,2.109375
ANG31`YL,Terrorist,130.3774,1375.668,101.1956,Gallil,100,100,-8.35941,-214.8374,0,False,True,False,273.8672,2.109375
ANG31`YL,Terrorist,130.1058,1362.234,94.47227,Gallil,100,100,-1.437991,-214.9952,0,False,True,False,274.5703,2.109375
ANG31`YL,Terrorist,130.2049,1348.797,93.23743,Gallil,100,100,3.677534,-214.9685,0,False,True,False,274.5703,2.109375
ANG31`YL,Terrorist,130.568,1335.364,92.33952,Gallil,100,100,7.28788,-214.8764,0,False,True,False,274.5703,2.460938
ANG31`YL,Terrorist,131.1171,1321.938,91.90801,Gallil,100,100,9.733804,-214.7795,0,False,True,False,273.8672,2.460938
ANG31`YL,Terrorist,131.7496,1308.515,92.1067,Gallil,100,100,10.15665,-214.76,0,False,True,False,272.4609,2.109375
ANG31`YL,Terrorist,132.3634,1295.092,92.30582,Gallil,100,100,9.448862,-214.7923,0,False,True,False,271.7578,2.109375
ANG31`YL,Terrorist,132.9197,1281.666,92.37399,Gallil,100,100,8.507848,-214.8316,0,False,True,False,271.4063,2.109375
ANG31`YL,Terrorist,133.4403,1267.699,92.36216,Smoke,100,100,8.257792,-231.4773,0,False,True,False,271.4063,2.109375
ANG31`YL,Terrorist,133.9515,1252.713,92.35055,Smoke,100,100,8.104396,-244.8659,0,False,True,False,271.4063,2.109375
ANG31`YL,Terrorist,134.4441,1237.409,92.33935,Smoke,100,100,7.723539,-244.8782,0,False,True,False,271.4063,2.109375
ANG31`YL,Terrorist,134.9166,1222.103,92.41563,Smoke,100,100,7.458659,-244.8864,0,False,True,False,271.7578,2.109375
ANG31`YL,Terrorist,135.4025,1206.719,92.67697,Knife,100,100,8.290653,-249.8625,0,False,True,False,272.8125,2.8125
ANG31`YL,Terrorist,135.9596,1191.104,92.93446,Knife,100,100,9.376027,-249.8241,0,False,True,False,272.8125,2.8125
ANG31`YL,Terrorist,136.5761,1175.491,93.19052,Knife,100,100,10.20516,-249.7916,0,False,True,False,272.8125,2.8125
ANG31`YL,Terrorist,137.2375,1159.88,94.20032,Knife,100,100,10.8919,-249.7626,0,False,True,False,273.1641,2.8125
ANG31`YL,Terrorist,137.9363,1144.271,94.18285,Knife,100,100,11.28464,-249.7452,0,False,True,False,272.8125,2.8125
ANG31`YL,Terrorist,138.6521,1128.662,94.16496,Knife,100,100,11.493,-249.7357,0,False,True,False,272.4609,1.757813
ANG31`YL,Terrorist,139.3577,1113.053,90.61953,Knife,100,100,11.14899,-249.7513,0,False,True,False,272.4609,1.757813
ANG31`YL,Terrorist,140.0452,1097.443,84.08494,Knife,100,100,10.89565,-249.7625,0,False,True,False,272.4609,1.757813
ANG31`YL,Terrorist,140.7193,1081.833,82.47127,Knife,100,100,10.70905,-249.7705,0,False,True,False,272.4609,1.757813
ANG31`YL,Terrorist,141.3912,1066.223,81.10364,Knife,100,100,10.88082,-249.7631,0,False,True,False,272.8125,1.757813
ANG31`YL,Terrorist,142.1858,1048.662,79.87206,Knife,100,100,11.71358,-249.7254,0,False,True,False,273.5156,2.109375
ANG31`YL,Terrorist,142.8619,1035.007,79.59294,Knife,100,100,12.88355,-249.6678,0,False,True,False,273.8672,2.109375
ANG31`YL,Terrorist,143.7146,1019.406,79.61054,Knife,100,100,14.28058,-249.5918,0,False,True,False,274.5703,2.460938
ANG31`YL,Terrorist,144.6072,1003.806,96.7273,Knife,100,100,14.28058,-249.5918,248.8684,False,True,False,274.5703,2.8125
ANG31`YL,Terrorist,145.4998,988.2063,110.719,Knife,100,100,14.28058,-249.5918,198.8684,False,True,False,275.2734,2.8125
ANG31`YL,Terrorist,146.3923,972.6067,121.5857,Knife,100,100,14.28058,-249.5918,148.8684,False,True,False,275.9766,2.8125
ANG31`YL,Terrorist,147.2849,957.0071,129.3274,Gallil,100,100,14.28058,-249.5918,98.86838,False,True,False,275.625,3.164063
ANG31`YL,Terrorist,148.1775,941.4075,133.9442,Gallil,100,100,14.28058,-249.5918,48.86838,False,True,False,275.9766,3.164063
ANG31`YL,Terrorist,149.1816,923.8579,135.4028,Gallil,100,100,14.28058,-249.5918,-7.381622,False,True,False,276.3281,2.460938
ANG31`YL,Terrorist,149.9626,910.2083,133.8029,Gallil,100,100,14.28058,-249.5918,-51.13162,False,True,False,278.0859,2.460938
ANG31`YL,Terrorist,150.8552,894.6086,129.0447,Gallil,100,100,14.28058,-249.5918,-101.1316,False,True,False,278.0859,2.460938
ANG31`YL,Terrorist,151.7478,879.009,121.1614,Gallil,100,100,14.28058,-249.5918,-151.1316,False,True,False,278.0859,2.460938
ANG31`YL,Terrorist,152.6404,863.4094,110.1531,Gallil,100,100,14.28058,-249.5918,-201.1316,False,True,False,279.1406,2.460938
ANG31`YL,Terrorist,153.533,847.8098,96.01981,Gallil,100,100,14.28058,-249.5918,-251.1316,False,True,False,280.1953,2.460938
ANG31`YL,Terrorist,154.3842,832.9323,79.3028,Gallil,100,100,8.992311,-157.165,0,False,True,False,280.5469,2.460938
ANG31`YL,Terrorist,155.2679,822.6395,79.41747,Gallil,100,100,17.76788,-170.5995,0,False,True,False,280.8984,2.460938
ANG31`YL,Terrorist,156.6371,811.4897,79.55698,Gallil,100,100,25.01543,-184.5394,0,False,True,False,281.6016,2.109375
ANG31`YL,Terrorist,158.4284,799.4484,79.72876,Gallil,100,100,31.37607,-199.0424,0,False,True,False,281.6016,2.109375
ANG31`YL,Terrorist,159.6659,786.6832,79.82817,Gallil,100,100,3.057889,-206.5808,0,False,True,False,288.6328,2.460938
ANG31`YL,Terrorist,158.5777,773.7877,79.46602,Gallil,100,100,-35.46077,-204.146,0,False,True,False,327.3047,2.109375
ANG31`YL,Terrorist,155.957,760.7546,78.72468,Gallil,100,100,-43.39656,-210.5748,0,False,True,False,347.3438,358.5938
ANG31`YL,Terrorist,153.2108,747.6007,77.96384,Gallil,100,100,-44.3184,-210.3827,0,False,True,False,347.3438,358.5938
ANG31`YL,Terrorist,151.4644,734.4459,77.59678,Gallil,100,100,-7.83957,-210.6362,0,False,True,False,347.3438,358.5938
ANG31`YL,Terrorist,152.4578,721.4211,78.02314,Gallil,100,100,38.23621,-198.4333,0,False,True,False,349.8047,358.9453
ANG31`YL,Terrorist,156.8754,710.5663,78.99706,Gallil,100,100,93.50144,-156.0183,0,False,True,False,351.9141,358.9453
ANG31`YL,Terrorist,164.2168,701.9804,80.03125,Gallil,100,100,134.2988,-124.164,0,False,True,False,352.2656,359.2969
ANG31`YL,Terrorist,173.733,695.1359,80.03125,Knife,100,100,166.0949,-99.09903,0,False,True,False,354.0234,359.2969
ANG31`YL,Terrorist,185.3121,689.5954,80.03125,Knife,100,100,198.7162,-81.38486,0,False,True,False,353.6719,358.9453
ANG31`YL,Terrorist,198.6092,684.9467,80.03125,Knife,100,100,222.5328,-70.02257,0,False,True,False,351.2109,358.9453
ANG31`YL,Terrorist,212.952,681.6693,80.03125,Knife,100,100,231.6155,-27.42039,0,False,True,False,349.1016,359.2969
ANG31`YL,Terrorist,226.541,681.9681,88.98026,Knife,100,100,212.6333,12.99384,273.8684,False,True,False,351.9141,359.6484
ANG31`YL,Terrorist,239.8454,683.1414,104.5345,Knife,100,100,213.1451,30.71388,223.8684,False,True,False,0.3515625,1.40625
ANG31`YL,Terrorist,253.106,686.0956,116.9637,Knife,100,100,211.2039,57.07887,173.8684,False,True,False,7.382813,1.757813
ANG31`YL,Terrorist,266.726,686.6873,126.2679,Knife,100,100,219.3777,-0.6910341,123.8684,False,True,False,7.734375,1.757813
ANG31`YL,Terrorist,280.5045,685.8311,132.4472,Gallil,100,100,221.0038,-27.18241,73.86838,False,True,False,0.3515625,2.8125
ANG31`YL,Terrorist,294.2221,682.8953,135.5015,Gallil,100,100,217.4193,-62.69245,23.86838,False,True,False,350.5078,3.164063
ANG31`YL,Terrorist,307.6896,678.3303,135.4308,Gallil,100,100,215.1919,-74.49869,-26.13162,False,True,False,348.75,1.054688
ANG31`YL,Terrorist,321.139,673.674,132.2351,Gallil,100,100,215.1919,-74.49869,-76.13162,False,True,False,349.1016,358.9453
ANG31`YL,Terrorist,334.5885,669.0178,125.9144,Gallil,100,100,215.1919,-74.49869,-126.1316,False,True,False,349.1016,358.9453
ANG31`YL,Terrorist,348.038,664.3615,116.4686,Gallil,100,100,215.1919,-74.49869,-176.1316,False,True,False,349.8047,358.9453
ANG31`YL,Terrorist,361.4874,659.7053,103.8978,Gallil,100,100,215.1919,-74.49869,-226.1316,False,True,False,350.1563,358.5938
ANG31`YL,Terrorist,373.2023,655.7224,96.03125,Gallil,100,100,162.8849,-51.79831,0,False,True,False,350.1563,358.5938
ANG31`YL,Terrorist,383.9651,652.6429,96.03125,Gallil,100,100,179.3647,-47.71344,0,False,True,False,350.1563,358.5938
ANG31`YL,Terrorist,397.2883,649.3777,96.03125,Gallil,100,100,197.504,-45.72203,0,False,True,False,350.1563,358.5938
ANG31`YL,Terrorist,406.5851,647.2255,96.03125,Gallil,100,100,151.1405,-34.98893,0,False,True,False,349.8047,358.9453
ANG31`YL,Terrorist,414.2876,645.452,96.03125,Gallil,100,100,109.0527,-24.63232,0,False,True,False,349.8047,358.9453
ANG31`YL,Terrorist,421.1119,643.9509,96.03125,Gallil,100,100,109.2489,-23.74676,0,False,True,False,348.3984,358.9453
ANG31`YL,Terrorist,427.9365,642.4509,96.03125,Gallil,100,100,109.0949,-24.44457,0,False,True,False,345.2344,358.2422
ANG31`YL,Terrorist,434.8427,641.4959,96.03125,Gallil,100,100,111.7348,-3.816967,0,False,True,False,345.2344,358.2422
ANG31`YL,Terrorist,441.8008,642.0237,96.03125,Gallil,100,100,110.5254,16.83375,0,False,True,False,345.2344,358.2422
ANG31`YL,Terrorist,448.606,643.5903,96.03125,Gallil,100,100,107.5255,30.61878,0,False,True,False,345.2344,358.2422
ANG31`YL,Terrorist,455.2206,645.8363,96.03125,Gallil,100,100,104.5824,39.51925,0,False,True,False,345.2344,358.2422
ANG31`YL,Terrorist,461.6743,648.513,96.03125,Gallil,100,100,102.3636,44.95477,0,False,True,False,345.2344,358.2422
ANG31`YL,Terrorist,468.0159,651.4464,96.03125,Gallil,100,100,100.8491,48.25656,0,False,True,False,344.8828,358.2422
ANG31`YL,Terrorist,474.3589,654.3679,96.03125,Gallil,100,100,104.5988,39.47572,0,False,True,False,343.8281,357.5391
ANG31`YL,Terrorist,481.1425,655.9906,96.03125,Gallil,100,100,110.5837,16.44625,0,False,True,False,343.125,357.8906
ANG31`YL,Terrorist,488.1115,656.4109,96.03125,Gallil,100,100,111.8,0.06109155,0,False,True,False,343.125,357.8906
ANG31`YL,Terrorist,495.0844,656.0026,96.03125,Gallil,100,100,111.2566,-11.00954,0,False,True,False,343.125,357.8906
ANG31`YL,Terrorist,502.037,655.3537,96.03125,Gallil,100,100,111.7677,-2.686759,0,False,True,False,343.125,357.8906
ANG31`YL,Terrorist,508.9963,655.886,96.03125,Gallil,100,100,110.6249,16.16662,0,False,True,False,343.125,357.8906
ANG31`YL,Terrorist,515.8218,657.3649,96.03125,Gallil,100,100,108.0464,28.72668,0,False,True,False,343.125,357.8906
ANG31`YL,Terrorist,522.6422,658.8409,96.03125,Gallil,100,100,110.8094,14.84985,0,False,True,False,343.125,357.8906
ANG31`YL,Terrorist,529.616,659.1776,96.03125,Gallil,100,100,111.7946,-1.098923,0,False,True,False,342.7734,357.8906
ANG31`YL,Terrorist,536.5851,658.7076,96.03125,Gallil,100,100,111.1675,-11.87581,0,False,True,False,342.7734,357.8906
ANG31`YL,Terrorist,543.4989,657.7025,96.03125,Gallil,100,100,110.2013,-18.83886,0,False,True,False,342.7734,357.8906
ANG31`YL,Terrorist,550.3569,656.3655,96.03125,Gallil,100,100,109.3844,-23.11466,0,False,True,False,342.7734,357.8906
ANG31`YL,Terrorist,557.1697,654.8138,96.03125,Gallil,100,100,108.7351,-25.9982,0,False,True,False,342.7734,357.8906
ANG31`YL,Terrorist,563.9476,653.1155,96.03125,Gallil,100,100,108.2433,-27.97532,0,False,True,False,342.7734,357.8906
ANG31`YL,Terrorist,570.6993,651.3158,96.03125,Gallil,100,100,107.8724,-29.37315,0,False,True,False,342.7734,357.8906
ANG31`YL,Terrorist,577.4311,649.4427,96.03125,Gallil,100,100,107.5915,-30.38591,0,False,True,False,342.7734,357.8906
ANG31`YL,Terrorist,584.1486,647.5188,96.03125,Gallil,100,100,107.3987,-31.06042,0,False,True,False,342.7734,357.8906
ANG31`YL,Terrorist,590.8551,645.5573,96.03125,Gallil,100,100,107.2534,-31.55872,0,False,True,False,343.125,357.8906
ANG31`YL,Terrorist,597.5567,643.5791,96.03125,Gallil,100,100,107.2059,-31.71953,0,False,True,False,343.125,357.8906
ANG31`YL,Terrorist,604.4222,642.3872,96.03125,Gallil,100,100,111.5623,-7.286983,0,False,True,False,343.125,357.8906
ANG31`YL,Terrorist,611.3942,642.6873,96.03125,Gallil,100,100,111.0345,13.06084,0,False,True,False,342.7734,357.8906
ANG31`YL,Terrorist,618.2587,643.9761,96.03125,Gallil,100,100,109.5297,22.41595,0,False,True,False,342.7734,357.8906
ANG31`YL,Terrorist,626.0749,644.7119,96.03125,Gallil,100,100,111.7798,2.122848,0,False,True,False,342.7734,357.8906
ANG31`YL,Terrorist,632.1821,644.4759,96.03125,Gallil,100,100,111.4683,-8.60569,0,False,True,False,342.7734,357.8906
ANG31`YL,Terrorist,639.1163,643.6263,96.03125,Gallil,100,100,110.508,-16.94777,0,False,True,False,342.7734,357.8906
ANG31`YL,Terrorist,645.9902,642.3749,96.03125,Gallil,100,100,109.5975,-22.08218,0,False,True,False,342.4219,357.8906
ANG31`YL,Terrorist,652.8072,640.8425,96.03125,Gallil,100,100,108.6392,-26.3962,0,False,True,False,340.3125,357.8906
ANG31`YL,Terrorist,659.5671,639.0745,96.03125,Gallil,100,100,107.8178,-29.57285,0,False,True,False,340.3125,357.8906
ANG31`YL,Terrorist,666.2831,637.1459,96.03125,Gallil,100,100,107.1985,-31.74452,0,False,True,False,340.3125,357.8906
ANG31`YL,Terrorist,673.9399,635.4454,96.03125,Gallil,100,100,111.1442,-12.09118,0,False,True,False,340.3125,357.8906
ANG31`YL,Terrorist,680.0472,635.3776,96.03125,Gallil,100,100,111.6334,6.101418,0,False,True,False,340.6641,357.8906
ANG31`YL,Terrorist,686.9689,636.3,96.03125,Gallil,100,100,109.8804,20.62862,0,False,True,False,340.6641,357.8906
ANG31`YL,Terrorist,693.8489,637.4869,96.03125,Gallil,100,100,111.2393,11.18342,0,False,True,False,341.0156,357.8906
ANG31`YL,Terrorist,700.8298,637.5898,96.03125,Gallil,100,100,111.6913,-4.92889,0,False,True,False,340.6641,357.8906
ANG31`YL,Terrorist,707.7786,636.8801,96.03125,Gallil,100,100,110.693,-15.69363,0,False,True,False,341.0156,357.5391
ANG31`YL,Terrorist,714.6509,635.6237,96.03125,Gallil,100,100,109.3984,-23.0484,0,False,True,False,340.3125,357.1875
ANG31`YL,Terrorist,721.4504,634.0157,96.03125,Gallil,100,100,108.3639,-27.50455,0,False,True,False,340.3125,357.1875
ANG31`YL,Terrorist,728.1917,632.178,96.03125,Gallil,100,100,107.4313,-30.94751,0,False,True,False,338.2031,357.5391
ANG31`YL,Terrorist,734.8719,630.1299,95.0999,Gallil,100,100,106.5018,-34.00901,0,False,True,False,338.2031,357.5391
ANG31`YL,Terrorist,741.7252,628.8464,94.45815,Gallil,100,100,111.3566,-9.947442,0,False,True,False,338.2031,357.5391
ANG31`YL,Terrorist,748.7053,628.9006,94.48524,Gallil,100,100,111.4934,8.273596,0,False,True,False,338.2031,357.5391
ANG31`YL,Terrorist,755.6215,629.8728,94.97133,Gallil,100,100,109.9086,20.47762,0,False,True,False,338.2031,357.5391
ANG31`YL,Terrorist,762.4881,631.1433,95.60658,Gallil,100,100,111.0411,13.00469,0,False,True,False,338.2031,357.5391
ANG31`YL,Terrorist,769.4669,631.2735,95.67168,Gallil,100,100,111.669,-5.411261,0,False,True,False,338.2031,357.5391
ANG31`YL,Terrorist,776.4049,630.4722,95.27104,Gallil,100,100,110.3661,-17.84855,0,False,True,False,337.8516,357.5391
ANG31`YL,Terrorist,783.2445,629.0499,94.55986,Gallil,100,100,108.7213,-26.05619,0,False,True,False,337.8516,357.5391
ANG31`YL,Terrorist,790.0591,627.531,93.80043,Gallil,100,100,110.6359,-16.09165,0,False,True,False,337.8516,357.5391
ANG31`YL,Terrorist,797.9051,627.3027,93.68626,Gallil,100,100,111.6571,5.650347,0,False,True,False,337.5,357.5391
ANG31`YL,Terrorist,803.9788,627.983,94.02644,Gallil,100,100,110.5086,16.94377,0,False,True,False,337.1484,357.5391
ANG31`YL,Terrorist,810.8276,629.3598,94.71483,Gallil,100,100,108.8892,25.34514,0,False,True,False,336.4453,357.5391
ANG31`YL,Terrorist,817.7075,630.5112,95.29054,Gallil,100,100,111.4794,8.460547,0,False,True,False,336.4453,357.5391
ANG31`YL,Terrorist,824.6865,630.3718,95.22084,Gallil,100,100,111.3917,-9.546277,0,False,True,False,336.4453,357.5391
ANG31`YL,Terrorist,831.5917,629.3236,94.69673,Gallil,100,100,109.6789,-21.67457,0,False,True,False,336.4453,357.5391
ANG31`YL,Terrorist,838.4946,628.3013,94.18559,Gallil,100,100,111.5491,-7.485312,0,False,True,False,335.3906,357.5391
ANG31`YL,Terrorist,845.4778,628.3785,94.20961,Gallil,100,100,111.7375,3.736293,0,False,True,False,335.0391,356.8359
ANG31`YL,Terrorist,853.3115,627.8443,93.95708,Gallil,100,100,110.7321,-15.41544,0,False,True,False,335.0391,356.8359
ANG31`YL,Terrorist,859.311,626.6763,93.37309,Gallil,100,100,108.8999,-25.29908,0,False,True,False,335.0391,356.8359
ANG31`YL,Terrorist,866.0439,624.812,92.44093,Gallil,100,100,106.8719,-32.82747,0,False,True,False,335.0391,356.8359
ANG31`YL,Terrorist,872.6687,622.5915,91.33067,Gallil,100,100,105.3895,-37.31345,0,False,True,False,335.0391,356.8359
ANG31`YL,Terrorist,879.2157,620.1503,90.11009,Gallil,100,100,104.306,-40.24291,0,False,True,False,335.0391,356.8359
ANG31`YL,Terrorist,885.7056,617.5611,88.81548,Gallil,100,100,103.5145,-42.23732,0,False,True,False,335.0391,356.8359
ANG31`YL,Terrorist,892.1562,614.8753,88.03125,Gallil,100,100,102.9801,-43.52386,0,False,True,False,334.6875,356.8359
ANG31`YL,Terrorist,898.5767,612.1178,88.03125,Gallil,100,100,102.5688,-44.48469,0,False,True,False,335.3906,356.4844
ANG31`YL,Terrorist,904.9777,609.3157,88.03125,Gallil,100,100,102.3093,-45.07812,0,False,True,False,335.3906,356.4844
ANG31`YL,Terrorist,911.3651,606.4827,88.03125,Gallil,100,100,102.1222,-45.5005,0,False,True,False,335.3906,356.4844
ANG31`YL,Terrorist,917.4814,603.1376,88.03125,Gallil,100,100,91.8103,-63.79739,0,False,True,False,335.3906,356.4844
ANG31`YL,Terrorist,922.7719,598.582,88.03125,Gallil,100,100,83.23603,-74.63914,0,False,True,False,335.3906,356.4844
ANG31`YL,Terrorist,928.2422,594.2391,88.03125,Gallil,100,100,90.32268,-65.88666,0,False,True,False,335.3906,356.4844
ANG31`YL,Terrorist,934.046,590.35,87.208,Gallil,100,100,94.48797,-59.76004,0,False,True,False,335.3906,356.4844
ANG31`YL,Terrorist,940.0699,586.821,85.84706,Gallil,100,100,99.49776,-50.10218,0,False,True,False,335.3906,356.4844
ANG31`YL,Terrorist,946.684,584.6888,86.287,Gallil,100,100,109.4679,-22.71613,0,False,True,False,335.3906,356.4844
ANG31`YL,Terrorist,953.6304,584.0231,86.94857,Gallil,100,100,111.7761,-2.310158,0,False,True,False,335.3906,356.4844
ANG31`YL,Terrorist,960.6035,584.3984,87.61268,Gallil,100,100,111.191,11.65337,0,False,True,False,335.3906,356.4844
ANG31`YL,Terrorist,967.5063,585.471,88.27009,Gallil,100,100,109.8326,20.88154,0,False,True,False,335.0391,356.8359
ANG31`YL,Terrorist,974.3259,586.9904,88.91957,Gallil,100,100,108.6084,26.52254,0,False,True,False,335.0391,356.8359
ANG31`YL,Terrorist,981.0804,588.778,89.56286,Gallil,100,100,107.6986,30.00421,0,False,True,False,335.0391,356.8359
ANG31`YL,Terrorist,987.7861,590.7422,90.73785,Gallil,100,100,106.9972,32.41649,0,False,True,False,335.0391,356.8359
ANG31`YL,Terrorist,994.5203,591.9988,92.41359,Gallil,100,100,110.5923,1.923168,0,False,True,False,334.6875,357.1875
ANG31`YL,Terrorist,1001.506,591.9988,93.91061,Gallil,100,100,111.7856,0,0,False,True,False,333.6328,357.5391
ANG31`YL,Terrorist,1008.493,591.9988,95.40778,Gallil,100,100,111.7874,0,0,False,True,False,332.2266,357.1875
ANG31`YL,Terrorist,1015.48,591.9988,96.90496,Gallil,100,100,111.7911,0,0,False,True,False,329.4141,357.5391
ANG31`YL,Terrorist,1022.467,591.9988,98.40213,Gallil,100,100,111.7911,0,0,False,True,False,329.4141,357.5391
ANG31`YL,Terrorist,1029.454,591.9988,99.72573,Gallil,100,100,111.7911,0,0,False,True,False,329.4141,357.5391
ANG31`YL,Terrorist,1036.441,591.9988,100.3912,Gallil,100,100,111.7911,0,0,False,True,False,329.4141,357.5391
ANG31`YL,Terrorist,1043.429,591.9988,101.0566,Gallil,100,100,111.7922,0,0,False,True,False,328.7109,357.8906
ANG31`YL,Terrorist,1051.289,591.9988,101.8053,Gallil,100,100,111.7926,0,0,False,True,False,328.3594,358.2422
ANG31`YL,Terrorist,1057.403,591.9988,102.3876,Gallil,100,100,111.7947,0,0,False,True,False,326.25,358.5938
ANG31`YL,Terrorist,1064.391,591.9988,103.053,Gallil,100,100,111.7978,0,0,False,True,False,322.7344,358.5938
ANG31`YL,Terrorist,1071.378,591.9988,103.7185,Gallil,100,100,111.7978,0,0,False,True,False,322.7344,358.5938
ANG31`YL,Terrorist,1078.365,591.9988,104.56,Gallil,100,100,111.7978,0,0,False,True,False,322.7344,358.5938
ANG31`YL,Terrorist,1085.353,591.9988,105.5582,Gallil,100,100,111.7988,0,0,False,True,False,321.3281,358.5938
ANG31`YL,Terrorist,1092.34,591.9988,106.5564,Gallil,100,100,111.7994,0,0,False,True,False,319.5703,358.5938
ANG31`YL,Terrorist,1099.327,591.9999,107.5547,Gallil,100,100,111.7997,0,0,False,True,False,316.7578,358.2422
ANG31`YL,Terrorist,1106.314,591.9997,108.5528,Gallil,100,100,111.8,-0.02463778,0,False,True,False,314.6484,358.2422
ANG31`YL,Terrorist,1113.302,591.9863,109.5184,Gallil,100,100,111.7991,-0.4474823,0,False,True,False,313.5938,358.5938
ANG31`YL,Terrorist,1120.291,591.9962,110.3516,Gallil,100,100,110.0454,0,0,False,True,False,312.1875,358.5938
ANG31`YL,Terrorist,1126.16,591.9962,111.0503,Gallil,100,100,88.09693,0,0,False,True,False,311.4844,358.5938
ANG31`YL,Terrorist,1131.976,591.9962,111.7426,Gallil,100,100,91.16473,0,0,True,True,False,311.1328,358.2422
ANG31`YL,Terrorist,1137.519,591.9962,112.4025,Gallil,100,100,86.98901,0,0,True,True,False,310.4297,357.5391
ANG31`YL,Terrorist,1142.62,591.9962,113.0099,Gallil,100,100,73.2323,0,0,True,True,False,309.0234,357.1875
ANG31`YL,Terrorist,1147.165,591.9962,113.5509,Gallil,100,100,72.38725,0,0,False,True,False,308.3203,356.8359
ANG31`YL,Terrorist,1151.67,591.9962,114.0315,Gallil,100,100,71.86787,0,0,False,True,False,307.6172,356.8359
ANG31`YL,Terrorist,1156.145,591.9962,114.4577,Gallil,100,100,71.4104,0,0,False,True,False,307.6172,356.8359
ANG31`YL,Terrorist,1160.596,591.9962,114.8816,Gallil,100,100,71.05101,0,0,False,True,False,307.2656,356.8359
ANG31`YL,Terrorist,1165.026,591.9962,115.3036,Gallil,100,100,70.80212,0,0,False,True,False,306.9141,357.1875
ANG31`YL,Terrorist,1169.161,591.9962,115.6973,Gallil,100,100,58.46733,0,0,False,True,False,306.5625,357.1875
ANG31`YL,Terrorist,1171.75,591.9962,115.9284,Gallil,100,100,20.78982,0,0,False,True,False,306.2109,357.5391
ANG31`YL,Terrorist,1171.803,591.8329,115.9368,Gallil,100,100,-2.50795,-1.86875,0,True,True,False,306.2109,357.5391
ANG31`YL,Terrorist,1171.803,591.8329,115.9368,Gallil,100,100,0,0,0,True,True,False,306.2109,357.5391
ANG31`YL,Terrorist,1171.803,591.8329,115.9368,Gallil,100,100,0,0,0,True,True,False,305.8594,357.5391
ANG31`YL,Terrorist,1171.803,591.8329,115.9368,Gallil,100,100,0,0,0,False,True,False,305.5078,357.8906
ANG31`YL,Terrorist,1173.075,591.9312,116.0653,Gallil,100,100,40.04782,-3.165064,0,False,True,False,304.8047,358.2422
ANG31`YL,Terrorist,1177.339,591.3445,116.4279,Gallil,100,100,90.00752,-14.09629,0,False,True,False,304.1016,358.5938
ANG31`YL,Terrorist,1184.404,590.2444,117.0193,Gallil,100,100,123.715,-13.3477,0,True,True,False,301.9922,358.5938
ANG31`YL,Terrorist,1191.76,590.0352,117.7044,Gallil,100,100,113.5795,3.514493,0,True,True,False,299.5313,358.2422
ANG31`YL,Terrorist,1198.474,590.6651,118.3682,Gallil,100,100,94.90096,13.1403,0,True,True,False,298.125,357.8906
ANG31`YL,Terrorist,1203.109,591.7857,118.851,Gallil,100,100,65.71291,26.3059,0,False,True,False,297.4219,357.5391
ANG31`YL,Terrorist,1206.702,591.9965,119.1764,Gallil,100,100,50.90738,0,0,False,True,False,297.4219,357.1875
ANG31`YL,Terrorist,1209.354,591.9965,119.4051,Gallil,100,100,35.86705,0,0,False,True,False,297.0703,357.5391
ANG31`YL,Terrorist,1210.426,591.9365,119.4875,Gallil,100,100,-1.035381,-3.062749,0,False,True,False,297.0703,357.5391
ANG31`YL,Terrorist,1210.146,591.796,119.4586,Gallil,100,100,-1.329508,-0.6526669,0,False,True,False,296.0156,357.5391
ANG31`YL,Terrorist,1210.146,591.796,119.4586,Gallil,100,100,0,0,0,False,True,False,296.0156,357.5391
ANG31`YL,Terrorist,1210.146,591.796,119.4586,Gallil,100,100,0,0,0,False,True,False,296.3672,357.5391
ANG31`YL,Terrorist,1210.146,591.796,119.4586,Gallil,100,100,0,0,0,False,True,False,296.3672,357.5391
ANG31`YL,Terrorist,1210.146,591.796,119.4586,Gallil,100,100,0,0,0,False,True,False,296.3672,357.5391
ANG31`YL,Terrorist,1210.146,591.796,119.4586,Gallil,100,100,0,0,0,False,True,False,296.3672,357.5391
ANG31`YL,Terrorist,1210.146,591.796,119.4586,Gallil,100,100,0,0,0,False,True,False,296.3672,357.5391
ANG31`YL,Terrorist,1210.146,591.796,119.4586,Gallil,100,100,0,0,0,False,True,False,296.3672,357.5391
ANG31`YL,Terrorist,1210.146,591.796,119.4586,Gallil,100,100,0,0,0,True,True,False,296.7188,357.8906
ANG31`YL,Terrorist,1210.146,591.796,119.4586,Gallil,100,100,0,0,0,True,True,False,296.7188,357.8906
ANG31`YL,Terrorist,1210.146,591.796,119.4586,Gallil,100,100,0,0,0,False,True,False,296.7188,357.8906
ANG31`YL,Terrorist,1210.146,591.796,119.4586,Gallil,100,100,0,0,0,False,True,False,296.3672,357.8906
ANG31`YL,Terrorist,1210.816,591.9902,119.5308,Gallil,100,100,19.20845,0,0,False,True,False,296.0156,358.5938
ANG31`YL,Terrorist,1212.612,591.9902,119.6857,Gallil,100,100,36.16831,0,0,False,True,False,295.6641,358.5938
ANG31`YL,Terrorist,1215.47,591.9902,119.9321,Gallil,100,100,53.15971,0,0,False,True,False,295.6641,358.5938
ANG31`YL,Terrorist,1219.39,591.9902,120.2702,Gallil,100,100,70.1511,0,0,False,True,False,295.6641,358.5938
ANG31`YL,Terrorist,1224.368,591.9902,120.6995,Gallil,100,100,86.82304,0,0,False,True,False,295.6641,358.5938
ANG31`YL,Terrorist,1230.276,591.9902,121.2091,Gallil,100,100,99.97503,0,0,False,True,False,295.3125,358.5938
ANG31`YL,Terrorist,1236.885,591.9902,121.7791,Gallil,100,100,109.776,0,0,False,True,False,295.3125,358.9453
ANG31`YL,Terrorist,1243.864,591.9902,122.3414,Gallil,100,100,111.7741,0,0,False,True,False,295.3125,358.9453
ANG31`YL,Terrorist,1250.85,591.9902,122.7157,Gallil,100,100,111.7757,0,0,False,True,False,294.2578,358.9453
ANG31`YL,Terrorist,1257.837,591.9902,123.09,Gallil,100,100,111.7858,0,0,False,True,False,288.6328,359.6484
ANG31`YL,Terrorist,1264.823,591.9998,123.4655,Gallil,100,100,111.7969,0,0,False,True,False,278.7891,359.6484
ANG31`YL,Terrorist,1271.811,591.9998,123.8398,Gallil,100,100,111.7996,0,0,False,True,False,273.8672,359.2969
ANG31`YL,Terrorist,1278.798,591.9998,124.2141,Gallil,100,100,111.7998,0,0,False,True,False,272.8125,359.2969
ANG31`YL,Terrorist,1285.785,591.9998,124.2785,Gallil,100,100,111.7998,0,0,False,True,False,272.4609,359.2969
ANG31`YL,Terrorist,1291.867,591.9887,124.2771,Gallil,100,100,72.47264,-0.6971572,0,False,True,False,272.4609,359.2969
ANG31`YL,Terrorist,1293.034,591.9039,124.2665,Gallil,100,100,-15.7999,-0.6310484,0,False,True,False,272.4609,359.2969
ANG31`YL,Terrorist,1290.247,591.7786,124.2508,Gallil,100,100,-66.95586,-3.601506,0,False,True,False,274.9219,359.2969
ANG31`YL,Terrorist,1285.117,591.3304,124.1949,Gallil,100,100,-71.34814,-2.473148,0,False,True,False,309.0234,2.8125
ANG31`YL,Terrorist,1282.639,591.9918,124.2623,Gallil,100,100,-12.93172,0,0,False,True,False,16.17188,6.328125
ANG31`YL,Terrorist,1283.967,591.9918,124.2623,Gallil,100,100,41.2392,0,0,False,True,False,74.17969,357.5391
ANG31`YL,Terrorist,1287.977,591.9918,124.2623,Gallil,100,100,79.47708,0,0,False,True,False,74.53125,357.1875
ANG31`YL,Terrorist,1293.451,591.9918,124.2623,Gallil,100,100,93.28893,0,0,False,True,False,74.53125,357.1875
ANG31`YL,Terrorist,1299.656,591.9918,124.2623,Gallil,100,100,103.458,0,0,False,True,False,74.88281,357.1875
ANG31`YL,Terrorist,1303.096,591.9918,124.2623,Gallil,78,95,25.93585,0,0,False,True,False,82.61719,357.1875
