Name,Team,Position.X,Position.Y,Position.Z,ActiveWeapon,HP,Armour,Velocity.X,Velocity.Y,Velocity.Z,IsDucking,HasHelmet,HasDefuseKit,ViewDirectionX,ViewDirectionY,Map = de_inferno
MICHU,Terrorist,-1731.18,226.762,-63.96878,Glock,100,0,0,0,0,False,False,False,285.8203,2.109375
MICHU,Terrorist,-1731.18,226.762,-63.96878,Glock,100,0,0,0,0,False,False,False,285.8203,2.109375
MICHU,Terrorist,-1731.18,226.762,-63.96878,Glock,100,100,0,0,0,False,False,False,77.34375,0
MICHU,Terrorist,-1731.18,226.762,-63.96878,Glock,100,100,0,0,0,False,False,False,77.34375,0
MICHU,Terrorist,-1731.18,226.762,-63.96878,Glock,100,100,0,0,0,False,False,False,77.34375,0
MICHU,Terrorist,-1731.18,226.762,-63.96878,Knife,100,100,0,0,0,False,False,False,77.34375,0
MICHU,Terrorist,-1731.18,226.762,-63.96878,Knife,100,100,0,0,0,False,False,False,77.34375,0
MICHU,Terrorist,-1731.18,226.762,-63.96878,Knife,100,100,0,0,0,False,False,False,77.34375,0
MICHU,Terrorist,-1731.18,226.762,-63.96878,Knife,100,100,0,0,0,False,False,False,77.34375,0
MICHU,Terrorist,-1731.18,226.762,-63.96878,Knife,100,100,0,0,0,False,False,False,77.34375,0
MICHU,Terrorist,-1731.18,226.762,-63.96878,Knife,100,100,0,0,0,False,False,False,77.34375,0
MICHU,Terrorist,-1731.18,226.762,-63.96878,Knife,100,100,0,0,0,False,False,False,77.34375,0
MICHU,Terrorist,-1731.18,226.762,-63.96878,Knife,100,100,0,0,0,False,False,False,77.34375,0
MICHU,Terrorist,-1731.18,226.762,-63.96878,Knife,100,100,0,0,0,False,False,False,77.34375,0
MICHU,Terrorist,-1731.18,226.762,-63.96878,Knife,100,100,0,0,0,False,False,False,77.34375,0
MICHU,Terrorist,-1731.18,226.762,-63.96878,Knife,100,100,0,0,0,False,False,False,77.34375,0
MICHU,Terrorist,-1731.18,226.762,-63.96878,Knife,100,100,0,0,0,False,False,False,77.34375,0
MICHU,Terrorist,-1731.18,226.762,-63.96878,Knife,100,100,0,0,0,False,False,False,77.34375,0
MICHU,Terrorist,-1731.18,226.762,-63.96878,Knife,100,100,0,0,0,False,False,False,77.34375,0
MICHU,Terrorist,-1731.18,226.762,-63.96878,Knife,100,100,0,0,0,False,False,False,77.34375,0
MICHU,Terrorist,-1731.18,226.762,-63.96878,Knife,100,100,0,0,0,False,False,False,77.34375,0
MICHU,Terrorist,-1731.18,226.762,-63.96878,Knife,100,100,0,0,0,False,False,False,77.34375,0
MICHU,Terrorist,-1731.18,226.762,-63.96878,Knife,100,100,0,0,0,False,False,False,77.34375,0
MICHU,Terrorist,-1731.18,226.762,-63.96878,Knife,100,100,0,0,0,False,False,False,77.34375,0
MICHU,Terrorist,-1731.18,226.762,-63.96878,Knife,100,100,0,0,0,False,False,False,77.34375,0
MICHU,Terrorist,-1731.18,226.762,-63.96878,Knife,100,100,0,0,0,False,False,False,77.34375,0
MICHU,Terrorist,-1731.18,226.762,-63.96878,Knife,100,100,0,0,0,False,False,False,77.34375,0
MICHU,Terrorist,-1731.18,226.762,-63.96878,Knife,100,100,0,0,0,False,False,False,77.34375,0
MICHU,Terrorist,-1731.18,226.762,-63.96878,Knife,100,100,0,0,0,False,False,False,77.34375,0
MICHU,Terrorist,-1731.18,226.762,-63.96878,Knife,100,100,0,0,0,False,False,False,77.34375,0
MICHU,Terrorist,-1731.18,226.762,-63.96878,Knife,100,100,0,0,0,False,False,False,77.34375,0
MICHU,Terrorist,-1731.18,226.762,-63.96878,Knife,100,100,0,0,0,False,False,False,77.34375,0
MICHU,Terrorist,-1731.18,226.762,-63.96878,Knife,100,100,0,0,0,False,False,False,77.34375,0
MICHU,Terrorist,-1731.18,226.762,-63.96878,Knife,100,100,0,0,0,False,False,False,77.34375,0
MICHU,Terrorist,-1731.18,226.762,-63.96878,Knife,100,100,0,0,0,False,False,False,77.34375,0
MICHU,Terrorist,-1731.18,226.762,-63.96878,Knife,100,100,0,0,0,False,False,False,77.34375,0
MICHU,Terrorist,-1731.18,226.762,-63.96878,Knife,100,100,0,0,0,False,False,False,77.34375,0
MICHU,Terrorist,-1731.18,226.762,-63.96878,Knife,100,100,0,0,0,False,False,False,77.34375,0
MICHU,Terrorist,-1731.18,226.762,-63.96878,Knife,100,100,0,0,0,False,False,False,77.34375,0
MICHU,Terrorist,-1731.18,226.762,-63.96878,Knife,100,100,0,0,0,False,False,False,77.34375,0
MICHU,Terrorist,-1731.18,226.762,-63.96878,Knife,100,100,0,0,0,False,False,False,77.34375,0
MICHU,Terrorist,-1731.18,226.762,-63.96878,Knife,100,100,0,0,0,False,False,False,77.34375,0
MICHU,Terrorist,-1731.18,226.762,-63.96878,Knife,100,100,0,0,0,False,False,False,77.34375,0
MICHU,Terrorist,-1731.18,226.762,-63.96878,Knife,100,100,0,0,0,False,False,False,77.34375,0
MICHU,Terrorist,-1731.18,226.762,-63.96878,Knife,100,100,0,0,0,False,False,False,77.34375,0
MICHU,Terrorist,-1731.18,226.762,-63.96878,Knife,100,100,0,0,0,False,False,False,77.34375,0
MICHU,Terrorist,-1731.18,226.762,-63.96878,Knife,100,100,0,0,0,False,False,False,77.34375,0
MICHU,Terrorist,-1731.18,226.762,-63.96878,Knife,100,100,0,0,0,False,False,False,77.34375,0
MICHU,Terrorist,-1731.18,226.762,-63.96878,Knife,100,100,0,0,0,False,False,False,77.34375,0
MICHU,Terrorist,-1731.18,226.762,-63.96878,Knife,100,100,0,0,0,False,False,False,77.34375,0
MICHU,Terrorist,-1731.18,226.762,-63.96878,Knife,100,100,0,0,0,False,False,False,77.34375,0
MICHU,Terrorist,-1731.18,226.762,-63.96878,Knife,100,100,0,0,0,False,False,False,77.34375,0
MICHU,Terrorist,-1731.18,226.762,-63.96878,Knife,100,100,0,0,0,False,False,False,77.34375,0
MICHU,Terrorist,-1731.18,226.762,-63.96878,Knife,100,100,0,0,0,False,False,False,77.34375,0
MICHU,Terrorist,-1731.18,226.762,-63.96878,Knife,100,100,0,0,0,False,False,False,77.34375,0
MICHU,Terrorist,-1731.18,226.762,-63.96878,Knife,100,100,0,0,0,False,False,False,77.34375,0
MICHU,Terrorist,-1731.18,226.762,-63.96878,Knife,100,100,0,0,0,False,False,False,77.34375,0
MICHU,Terrorist,-1731.18,226.762,-63.96878,Knife,100,100,0,0,0,False,False,False,77.34375,0
MICHU,Terrorist,-1731.18,226.762,-63.96878,Knife,100,100,0,0,0,False,False,False,77.34375,0
MICHU,Terrorist,-1731.18,226.762,-63.96878,Knife,100,100,0,0,0,False,False,False,77.34375,0
MICHU,Terrorist,-1731.18,226.762,-63.96878,Knife,100,100,0,0,0,False,False,False,77.34375,0
MICHU,Terrorist,-1731.18,226.762,-63.96878,Knife,100,100,0,0,0,False,False,False,77.34375,0
MICHU,Terrorist,-1731.18,226.762,-63.96878,Knife,100,100,0,0,0,False,False,False,77.34375,0
MICHU,Terrorist,-1731.18,226.762,-63.96878,Knife,100,100,0,0,0,False,False,False,77.34375,0
MICHU,Terrorist,-1731.18,226.762,-63.96878,Knife,100,100,0,0,0,False,False,False,77.34375,0
MICHU,Terrorist,-1731.18,226.762,-63.96878,Knife,100,100,0,0,0,False,False,False,77.34375,0
MICHU,Terrorist,-1731.18,226.762,-63.96878,Knife,100,100,0,0,0,False,False,False,77.34375,0
MICHU,Terrorist,-1731.18,226.762,-63.96878,Knife,100,100,0,0,0,False,False,False,77.34375,0
MICHU,Terrorist,-1731.18,226.762,-63.96878,Knife,100,100,0,0,0,False,False,False,77.34375,0
MICHU,Terrorist,-1731.18,226.762,-63.96878,Knife,100,100,0,0,0,False,False,False,77.34375,0
MICHU,Terrorist,-1731.18,226.762,-63.96878,Knife,100,100,0,0,0,False,False,False,77.34375,0
MICHU,Terrorist,-1731.18,226.762,-63.96878,Knife,100,100,0,0,0,False,False,False,77.34375,0
MICHU,Terrorist,-1731.18,226.762,-63.96878,Knife,100,100,0,0,0,False,False,False,77.34375,0
MICHU,Terrorist,-1731.18,226.762,-63.96878,Knife,100,100,0,0,0,False,False,False,77.34375,0
MICHU,Terrorist,-1731.18,226.762,-63.96878,Knife,100,100,0,0,0,False,False,False,77.34375,0
MICHU,Terrorist,-1731.18,226.762,-63.96878,Knife,100,100,0,0,0,False,False,False,77.34375,0
MICHU,Terrorist,-1731.18,226.762,-63.96878,Knife,100,100,0,0,0,False,False,False,77.34375,0
MICHU,Terrorist,-1731.18,226.762,-63.96878,Knife,100,100,0,0,0,False,False,False,77.34375,0
MICHU,Terrorist,-1731.18,226.762,-63.96878,Knife,100,100,0,0,0,False,False,False,77.34375,0
MICHU,Terrorist,-1731.18,226.762,-63.96878,Knife,100,100,0,0,0,False,False,False,77.34375,0
MICHU,Terrorist,-1731.18,226.762,-63.96878,Knife,100,100,0,0,0,False,False,False,77.34375,0
MICHU,Terrorist,-1731.18,226.762,-63.96878,Knife,100,100,0,0,0,False,False,False,77.34375,0
MICHU,Terrorist,-1731.18,226.762,-63.96878,Knife,100,100,0,0,0,False,False,False,77.34375,0
MICHU,Terrorist,-1731.18,226.762,-63.96878,Knife,100,100,0,0,0,False,False,False,77.34375,0
MICHU,Terrorist,-1731.18,226.762,-63.96878,Knife,100,100,0,0,0,False,False,False,77.34375,0
MICHU,Terrorist,-1731.18,226.762,-63.96878,Knife,100,100,0,0,0,False,False,False,77.34375,0
MICHU,Terrorist,-1731.18,226.762,-63.96878,Knife,100,100,0,0,0,False,False,False,77.34375,0
MICHU,Terrorist,-1731.18,226.762,-63.96878,Knife,100,100,0,0,0,False,False,False,77.34375,0
MICHU,Terrorist,-1731.18,226.762,-63.96878,Knife,100,100,0,0,0,False,False,False,77.34375,0
MICHU,Terrorist,-1731.18,226.762,-63.96878,Knife,100,100,0,0,0,False,False,False,77.34375,0
MICHU,Terrorist,-1731.18,226.762,-63.96878,Knife,100,100,0,0,0,False,False,False,76.99219,359.6484
MICHU,Terrorist,-1731.18,226.762,-63.96878,Knife,100,100,0,0,0,False,False,False,76.28906,0
MICHU,Terrorist,-1731.18,226.762,-63.96878,Knife,100,100,0,0,0,False,False,False,70.66406,0.703125
MICHU,Terrorist,-1731.18,226.762,-63.96878,Knife,100,100,0,0,0,False,False,False,49.92188,2.109375
MICHU,Terrorist,-1731.18,226.762,-63.96878,Knife,100,100,0,0,0,False,False,False,22.5,3.515625
MICHU,Terrorist,-1731.18,226.762,-63.96878,Knife,100,100,0,0,0,False,False,False,11.25,3.515625
MICHU,Terrorist,-1731.18,226.762,-63.96878,Knife,100,100,0,0,0,False,False,False,11.25,3.515625
MICHU,Terrorist,-1731.18,226.762,-63.96878,Knife,100,100,0,0,0,False,False,False,11.25,3.515625
MICHU,Terrorist,-1731.18,226.762,-63.96878,Knife,100,100,0,0,0,False,False,False,11.25,3.515625
MICHU,Terrorist,-1731.18,226.762,-63.96878,Knife,100,100,0,0,0,False,False,False,11.25,3.515625
MICHU,Terrorist,-1731.18,226.762,-63.96878,Knife,100,100,0,0,0,False,False,False,11.25,3.515625
MICHU,Terrorist,-1731.18,226.762,-63.96878,Glock,100,100,0,0,0,False,False,False,8.789063,2.8125
MICHU,Terrorist,-1731.18,226.762,-63.96878,Glock,100,100,0,0,0,False,False,False,3.164063,1.757813
MICHU,Terrorist,-1731.18,226.762,-63.96878,Knife,100,100,0,0,0,False,False,False,0,1.054688
MICHU,Terrorist,-1731.18,226.762,-63.96878,Glock,100,100,0,0,0,False,False,False,359.6484,1.40625
MICHU,Terrorist,-1731.18,226.762,-63.96878,Glock,100,100,0,0,0,False,False,False,359.6484,1.757813
MICHU,Terrorist,-1731.18,226.762,-63.96878,Glock,100,100,0,0,0,False,False,False,359.6484,1.757813
MICHU,Terrorist,-1731.18,226.762,-63.96878,Glock,100,100,0,0,0,False,False,False,359.6484,1.757813
MICHU,Terrorist,-1731.18,226.762,-63.96878,Glock,100,100,0,0,0,False,False,False,359.6484,1.757813
MICHU,Terrorist,-1731.18,226.762,-63.96878,Glock,100,100,0,0,0,False,False,False,359.6484,1.757813
MICHU,Terrorist,-1731.18,226.762,-63.96878,Glock,100,100,0,0,0,False,False,False,359.6484,1.757813
MICHU,Terrorist,-1731.18,226.762,-63.96878,Glock,100,100,0,0,0,False,False,False,358.9453,1.054688
MICHU,Terrorist,-1731.18,226.762,-63.96878,Glock,100,100,0,0,0,False,False,False,357.5391,0.703125
MICHU,Terrorist,-1731.18,226.762,-63.96878,Glock,100,100,0,0,0,False,False,False,357.5391,0.703125
MICHU,Terrorist,-1731.18,226.762,-63.96878,Glock,100,100,0,0,0,False,False,False,357.5391,0.703125
MICHU,Terrorist,-1731.18,226.762,-63.96878,Glock,100,100,0,0,0,False,False,False,357.5391,0.703125
MICHU,Terrorist,-1731.18,226.762,-63.96878,Glock,100,100,0,0,0,False,False,False,357.5391,0.703125
MICHU,Terrorist,-1731.18,226.762,-63.96878,Glock,100,100,0,0,0,False,False,False,357.5391,0.703125
MICHU,Terrorist,-1731.18,226.762,-63.96878,Glock,100,100,0,0,0,False,False,False,357.5391,0.703125
MICHU,Terrorist,-1731.18,226.762,-63.96878,Glock,100,100,0,0,0,False,False,False,357.5391,0.703125
MICHU,Terrorist,-1731.18,226.762,-63.96878,Glock,100,100,0,0,0,False,False,False,357.5391,0.703125
MICHU,Terrorist,-1731.18,226.762,-63.96878,Glock,100,100,0,0,0,False,False,False,357.5391,0.703125
MICHU,Terrorist,-1731.18,226.762,-63.96878,Glock,100,100,0,0,0,False,False,False,357.5391,0.703125
MICHU,Terrorist,-1731.18,226.762,-63.96878,Glock,100,100,0,0,0,False,False,False,357.5391,0.703125
MICHU,Terrorist,-1731.18,226.762,-63.96878,Glock,100,100,0,0,0,False,False,False,357.5391,0.703125
MICHU,Terrorist,-1731.18,226.762,-63.96878,Glock,100,100,0,0,0,False,False,False,357.5391,0.703125
MICHU,Terrorist,-1731.18,226.762,-63.96878,Glock,100,100,0,0,0,False,False,False,357.5391,0.703125
MICHU,Terrorist,-1731.18,226.762,-63.96878,Glock,100,100,0,0,0,False,False,False,357.5391,0.703125
MICHU,Terrorist,-1731.18,226.762,-63.96878,Glock,100,100,0,0,0,False,False,False,357.5391,0.703125
MICHU,Terrorist,-1731.18,226.762,-63.96878,Glock,100,100,0,0,0,False,False,False,357.5391,0.703125
MICHU,Terrorist,-1731.18,226.762,-63.96878,Glock,100,100,0,0,0,False,False,False,357.5391,0.703125
MICHU,Terrorist,-1731.18,226.762,-63.96878,Glock,100,100,0,0,0,False,False,False,357.5391,0.703125
MICHU,Terrorist,-1731.18,226.762,-63.96878,Glock,100,100,0,0,0,False,False,False,357.5391,0.703125
MICHU,Terrorist,-1731.18,226.762,-63.96878,Glock,100,100,0,0,0,False,False,False,357.5391,0.703125
MICHU,Terrorist,-1731.18,226.762,-63.96878,Glock,100,100,0,0,0,False,False,False,357.5391,0.703125
MICHU,Terrorist,-1731.18,226.762,-63.96878,Glock,100,100,0,0,0,False,False,False,357.5391,0.703125
MICHU,Terrorist,-1731.18,226.762,-63.96878,Glock,100,100,0,0,0,False,False,False,357.5391,0.703125
MICHU,Terrorist,-1731.18,226.762,-63.96878,Glock,100,100,0,0,0,False,False,False,357.5391,0.703125
MICHU,Terrorist,-1731.18,226.762,-63.96878,Glock,100,100,0,0,0,False,False,False,357.5391,0.703125
MICHU,Terrorist,-1731.18,226.762,-63.96878,Glock,100,100,0,0,0,False,False,False,357.5391,0.703125
MICHU,Terrorist,-1731.18,226.762,-63.96878,Glock,100,100,0,0,0,False,False,False,357.5391,0.703125
MICHU,Terrorist,-1731.18,226.762,-63.96878,Glock,100,100,0,0,0,False,False,False,357.5391,0.703125
MICHU,Terrorist,-1731.18,226.762,-63.96878,Glock,100,100,0,0,0,False,False,False,357.5391,0.703125
MICHU,Terrorist,-1731.18,226.762,-63.96878,Glock,100,100,0,0,0,False,False,False,357.5391,0.703125
MICHU,Terrorist,-1731.18,226.762,-63.96878,Glock,100,100,0,0,0,False,False,False,357.5391,0.703125
MICHU,Terrorist,-1731.18,226.762,-63.96878,Glock,100,100,0,0,0,False,False,False,357.5391,0.703125
MICHU,Terrorist,-1731.18,226.762,-63.96878,Glock,100,100,0,0,0,False,False,False,357.5391,0.703125
MICHU,Terrorist,-1731.18,226.762,-63.96878,Glock,100,100,0,0,0,False,False,False,357.5391,0.703125
MICHU,Terrorist,-1731.18,226.762,-63.96878,Glock,100,100,0,0,0,False,False,False,357.5391,0.703125
MICHU,Terrorist,-1731.18,226.762,-63.96878,Glock,100,100,0,0,0,False,False,False,357.5391,0.703125
MICHU,Terrorist,-1731.18,226.762,-63.96878,Glock,100,100,0,0,0,False,False,False,357.5391,0.703125
MICHU,Terrorist,-1731.18,226.762,-63.96878,Glock,100,100,0,0,0,False,False,False,357.5391,0.703125
MICHU,Terrorist,-1731.18,226.762,-63.96878,Glock,100,100,0,0,0,False,False,False,357.5391,0.703125
MICHU,Terrorist,-1731.18,226.762,-63.96878,Glock,100,100,0,0,0,False,False,False,357.5391,0.703125
MICHU,Terrorist,-1731.18,226.762,-63.96878,Glock,100,100,0,0,0,False,False,False,357.5391,0.703125
MICHU,Terrorist,-1731.18,226.762,-63.96878,Glock,100,100,0,0,0,False,False,False,357.5391,0.703125
MICHU,Terrorist,-1731.18,226.762,-63.96878,Knife,100,100,0,0,0,False,False,False,357.5391,0.703125
MICHU,Terrorist,-1731.18,226.762,-63.96878,Knife,100,100,0,0,0,False,False,False,357.1875,0.703125
MICHU,Terrorist,-1731.18,226.762,-63.96878,Knife,100,100,0,0,0,False,False,False,357.1875,0.703125
MICHU,Terrorist,-1731.18,226.762,-63.96878,Knife,100,100,0,0,0,False,False,False,357.1875,0.703125
MICHU,Terrorist,-1731.18,226.762,-63.96878,Knife,100,100,0,0,0,False,False,False,357.1875,0.703125
MICHU,Terrorist,-1731.18,226.762,-63.96878,Knife,100,100,0,0,0,False,False,False,357.1875,0.703125
MICHU,Terrorist,-1731.18,226.762,-63.96878,Knife,100,100,0,0,0,False,False,False,357.1875,0.703125
MICHU,Terrorist,-1731.18,226.762,-63.96878,Knife,100,100,0,0,0,False,False,False,357.1875,0.703125
MICHU,Terrorist,-1731.18,226.762,-63.96878,Knife,100,100,0,0,0,False,False,False,357.1875,0.703125
MICHU,Terrorist,-1731.18,226.762,-63.96878,Knife,100,100,0,0,0,False,False,False,357.1875,0.703125
MICHU,Terrorist,-1731.18,226.762,-63.96878,Knife,100,100,0,0,0,False,False,False,357.1875,0.703125
MICHU,Terrorist,-1731.18,226.762,-63.96878,Knife,100,100,0,0,0,False,False,False,357.1875,0.703125
MICHU,Terrorist,-1731.18,226.762,-63.96878,Knife,100,100,0,0,0,False,False,False,357.1875,0.703125
MICHU,Terrorist,-1731.18,226.762,-63.96878,Knife,100,100,0,0,0,False,False,False,357.1875,0.703125
MICHU,Terrorist,-1731.18,226.762,-63.96878,Knife,100,100,0,0,0,False,False,False,356.4844,0.703125
MICHU,Terrorist,-1731.18,226.762,-63.96878,Knife,100,100,0,0,0,False,False,False,355.7813,0.703125
MICHU,Terrorist,-1731.18,226.762,-63.96878,Knife,100,100,0,0,0,False,False,False,355.7813,0.703125
MICHU,Terrorist,-1731.18,226.762,-63.96878,Knife,100,100,0,0,0,False,False,False,355.7813,0.703125
MICHU,Terrorist,-1731.18,226.762,-63.96878,Knife,100,100,0,0,0,False,False,False,355.7813,0.703125
MICHU,Terrorist,-1731.18,226.762,-63.96878,Knife,100,100,0,0,0,False,False,False,355.7813,0.703125
MICHU,Terrorist,-1731.18,226.762,-63.96878,Knife,100,100,0,0,0,False,False,False,355.7813,0.703125
MICHU,Terrorist,-1731.18,226.762,-63.96878,Knife,100,100,0,0,0,False,False,False,355.7813,0.703125
MICHU,Terrorist,-1731.18,226.762,-63.96878,Knife,100,100,0,0,0,False,False,False,355.7813,0.703125
MICHU,Terrorist,-1731.18,226.762,-63.96878,Knife,100,100,0,0,0,False,False,False,355.7813,0.703125
MICHU,Terrorist,-1731.18,226.762,-63.96878,Knife,100,100,0,0,0,False,False,False,355.7813,0.703125
MICHU,Terrorist,-1731.18,226.762,-63.96878,Knife,100,100,0,0,0,False,False,False,355.7813,0.703125
MICHU,Terrorist,-1731.18,226.762,-63.96878,Knife,100,100,0,0,0,False,False,False,355.7813,0.703125
MICHU,Terrorist,-1731.18,226.762,-63.96878,Knife,100,100,0,0,0,False,False,False,355.7813,0.703125
MICHU,Terrorist,-1731.18,226.762,-63.96878,Knife,100,100,0,0,0,False,False,False,355.7813,0.703125
MICHU,Terrorist,-1731.18,226.762,-63.96878,Knife,100,100,0,0,0,False,False,False,355.7813,0.703125
MICHU,Terrorist,-1731.18,226.762,-63.96878,Knife,100,100,0,0,0,False,False,False,355.7813,0.703125
MICHU,Terrorist,-1731.18,226.762,-63.96878,Knife,100,100,0,0,0,False,False,False,355.7813,0.703125
MICHU,Terrorist,-1731.18,226.762,-63.96878,Knife,100,100,0,0,0,False,False,False,355.7813,0.703125
MICHU,Terrorist,-1731.18,226.762,-63.96878,Knife,100,100,0,0,0,False,False,False,355.7813,0.703125
MICHU,Terrorist,-1731.18,226.762,-63.96878,Knife,100,100,0,0,0,False,False,False,355.7813,0.703125
MICHU,Terrorist,-1731.18,226.762,-63.96878,Knife,100,100,0,0,0,False,False,False,355.7813,0.703125
MICHU,Terrorist,-1729.285,226.6232,-63.96878,Knife,100,100,58.40602,-4.278114,0,False,False,False,355.7813,0.703125
MICHU,Terrorist,-1723.463,226.1967,-63.96878,Knife,100,100,118.465,-8.677301,0,False,False,False,355.7813,0.703125
MICHU,Terrorist,-1714.391,225.5322,-63.96878,Knife,100,100,163.8886,-12.00448,0,False,False,False,355.7813,0.703125
MICHU,Terrorist,-1702.919,224.6919,-63.96878,Knife,100,100,197.3457,-14.45514,0,False,False,False,355.7813,0.703125
MICHU,Terrorist,-1689.68,223.7222,-63.96878,Knife,100,100,221.9887,-16.26018,0,False,False,False,355.7813,0.703125
MICHU,Terrorist,-1675.139,222.6571,-63.96878,Knife,100,100,240.1396,-17.5897,0,False,False,False,355.7813,0.703125
MICHU,Terrorist,-1659.703,221.5264,-63.96878,Knife,100,100,249.332,-18.26302,0,False,False,False,355.7813,0.703125
MICHU,Terrorist,-1644.12,220.3849,-63.96878,Knife,100,100,249.332,-18.26302,0,False,False,False,355.7813,0.703125
MICHU,Terrorist,-1628.537,219.2432,-63.96878,Knife,100,100,249.3307,-18.28132,0,False,False,False,355.7813,0.703125
MICHU,Terrorist,-1612.954,218.0982,-63.96878,Knife,100,100,249.3259,-18.34711,0,False,False,False,355.7813,0.703125
MICHU,Terrorist,-1597.371,216.9497,-63.96878,Knife,100,100,249.3223,-18.39557,0,False,False,False,355.7813,0.703125
MICHU,Terrorist,-1581.788,215.7987,-63.96878,Knife,100,100,249.3196,-18.43127,0,False,False,False,355.7813,0.703125
MICHU,Terrorist,-1566.206,214.6458,-63.96879,Knife,100,100,249.3177,-18.45757,0,False,False,False,355.7813,0.703125
MICHU,Terrorist,-1550.624,213.4915,-63.9688,Knife,100,100,249.3163,-18.47693,0,False,False,False,355.7813,0.703125
MICHU,Terrorist,-1535.042,212.3361,-63.9688,Knife,100,100,249.3152,-18.4912,0,False,False,False,355.7813,0.703125
MICHU,Terrorist,-1519.46,211.1801,-63.9688,Knife,100,100,249.3144,-18.5017,0,False,False,False,355.7813,0.703125
MICHU,Terrorist,-1503.878,210.0234,-63.9688,Knife,100,100,249.3138,-18.50944,0,False,False,False,355.7813,0.703125
MICHU,Terrorist,-1488.296,208.8659,-63.9688,Knife,100,100,249.3121,-18.53247,0,False,False,False,355.7813,0.703125
MICHU,Terrorist,-1472.714,207.7071,-63.9688,Knife,100,100,249.3125,-18.52792,0,False,False,False,355.7813,0.703125
MICHU,Terrorist,-1457.353,205.7339,-63.9688,Knife,100,100,240.3238,-52.46249,0,False,False,False,358.5938,0.703125
MICHU,Terrorist,-1442.62,201.0202,-63.9688,Knife,100,100,233.1899,-90.12473,0,False,False,False,6.328125,1.054688
MICHU,Terrorist,-1427.602,196.7714,-63.96882,Knife,100,100,244.8546,-50.46034,0,False,False,False,15.46875,1.40625
MICHU,Terrorist,-1412.09,195.0387,-60.99025,Knife,100,100,249.7867,-10.32415,0,False,False,False,22.85156,1.40625
MICHU,Terrorist,-1396.492,195.6986,-57.09084,Knife,100,100,248.6403,26.03865,0,False,False,False,28.125,1.054688
MICHU,Terrorist,-1381.119,198.4347,-53.24743,Knife,100,100,243.4821,56.71373,0,False,False,False,31.64063,1.054688
MICHU,Terrorist,-1366.142,202.8678,-49.50328,Knife,100,100,236.5146,80.99916,0,False,False,False,33.04688,1.40625
MICHU,Terrorist,-1351.602,208.5792,-47.96875,Knife,100,100,229.7719,98.51341,0,False,False,False,33.39844,1.40625
MICHU,Terrorist,-1337.443,215.1823,-47.96875,Knife,100,100,224.2334,110.5413,0,False,False,False,33.39844,1.40625
MICHU,Terrorist,-1323.583,222.3951,-47.96875,Knife,100,100,220.0327,118.6829,0,False,False,False,33.39844,1.40625
MICHU,Terrorist,-1310.809,230.8609,-47.96875,Knife,100,100,186.2873,154.1497,0,False,False,False,33.39844,2.109375
MICHU,Terrorist,-1300.403,241.7684,-47.96875,Knife,100,100,152.578,188.8254,0,False,False,False,33.39844,2.109375
MICHU,Terrorist,-1291.78,254.5081,-47.96875,Knife,100,100,127.7187,214.3722,0,False,False,False,33.39844,2.109375
MICHU,Terrorist,-1284.588,268.373,-47.96875,Knife,100,100,105.9623,226.4332,0,False,False,False,33.39844,2.109375
MICHU,Terrorist,-1278.562,282.7858,-47.96875,Knife,100,100,89.75345,233.3331,0,False,False,False,33.39844,2.109375
MICHU,Terrorist,-1273.383,297.526,-50.8843,Knife,100,100,78.073,237.4965,0,False,False,False,33.39844,2.109375
MICHU,Terrorist,-1268.8,312.4631,-55.96875,Knife,100,100,70.1413,239.9587,0,False,False,False,33.39844,2.460938
MICHU,Terrorist,-1264.606,327.5145,-55.96875,Knife,100,100,65.10172,241.3747,0,False,False,False,32.69531,2.460938
MICHU,Terrorist,-1260.638,342.6272,-55.96875,Knife,100,100,62.62214,242.0299,0,False,False,False,31.64063,2.460938
MICHU,Terrorist,-1256.724,357.7541,-55.96875,Knife,100,100,63.09715,241.9065,0,False,False,False,28.82813,2.8125
MICHU,Terrorist,-1252.654,372.8394,-55.96875,Knife,100,100,67.34705,240.7579,0,False,False,False,24.96094,3.164063
MICHU,Terrorist,-1248.141,387.7975,-55.96875,Knife,100,100,76.84562,237.8965,0,False,False,False,18.98438,3.515625
MICHU,Terrorist,-1242.837,402.4917,-55.96875,Knife,100,100,91.89063,232.4997,0,False,False,False,11.60156,3.867188
MICHU,Terrorist,-1236.41,416.7278,-55.96875,Knife,100,100,111.9664,223.5252,0,False,False,False,2.8125,4.570313
MICHU,Terrorist,-1228.617,430.2622,-55.96875,Knife,100,100,134.8425,210.5172,0,False,False,False,354.375,4.921875
MICHU,Terrorist,-1219.357,442.8369,-55.96875,Knife,100,100,158.5487,193.2933,0,False,False,False,346.2891,5.273438
MICHU,Terrorist,-1208.608,454.1619,-55.96875,Knife,100,100,182.337,171.0357,0,False,False,False,336.4453,4.921875
MICHU,Terrorist,-1196.457,463.9682,-55.96875,Knife,100,100,202.9205,146.0249,0,False,False,False,331.5234,4.921875
MICHU,Terrorist,-1183.291,472.3733,-55.96875,Knife,100,100,215.253,127.1462,0,False,False,False,335.7422,4.921875
MICHU,Terrorist,-1169.471,479.247,-55.96875,Knife,100,100,228.1175,87.91475,0,False,False,False,346.2891,5.273438
MICHU,Terrorist,-1154.637,483.4747,-55.96875,Knife,100,100,243.7141,55.70851,0,False,False,False,357.8906,4.921875
MICHU,Terrorist,-1139.295,486.4276,-55.96875,Knife,100,100,246.2537,43.11768,0,False,False,False,5.976563,3.867188
MICHU,Terrorist,-1123.89,489.0406,-49.91008,Knife,100,100,246.5145,41.6003,0,False,False,False,9.84375,3.515625
MICHU,Terrorist,-1108.487,491.6674,-42.20866,Knife,100,100,246.3878,42.34458,0,False,False,False,10.19531,3.515625
MICHU,Terrorist,-1093.092,494.3346,-39.96875,Knife,100,100,246.2904,42.90728,0,False,False,False,10.19531,3.515625
MICHU,Terrorist,-1077.701,497.0315,-39.96875,Knife,100,100,246.2179,43.32141,0,False,False,False,10.19531,3.515625
MICHU,Terrorist,-1062.314,499.7503,-39.96875,Knife,100,100,246.1641,43.62626,0,False,False,False,10.19531,3.515625
MICHU,Terrorist,-1046.931,502.4852,-39.96875,Knife,100,100,246.1242,43.85072,0,False,False,False,10.19531,3.515625
MICHU,Terrorist,-1031.549,505.2319,-39.96875,Knife,100,100,246.0947,44.01602,0,False,False,False,10.19531,3.515625
MICHU,Terrorist,-1016.172,508.0064,-39.96875,Knife,100,100,245.9182,44.9917,0,False,False,False,11.95313,3.515625
MICHU,Terrorist,-1000.829,510.9568,-39.96875,Knife,100,100,245.0126,49.68734,0,False,False,False,16.17188,3.867188
MICHU,Terrorist,-985.5919,514.4114,-39.96875,Knife,100,100,242.5803,60.45498,0,False,False,False,22.5,4.21875
MICHU,Terrorist,-970.5758,518.7205,-39.96875,Knife,100,100,238.1169,76.16,0,False,False,False,29.17969,4.21875
MICHU,Terrorist,-955.7182,523.5395,-39.96875,Knife,100,100,241.2939,65.40087,0,False,False,False,36.21094,4.921875
MICHU,Terrorist,-940.4126,526.6524,-31.96875,Knife,100,100,246.7004,40.48346,0,False,False,False,43.59375,5.625
MICHU,Terrorist,-924.9479,528.8824,-31.96875,Knife,100,100,247.6032,34.53481,0,False,False,False,53.78907,6.679688
MICHU,Terrorist,-909.5131,531.3046,-31.96875,Knife,100,100,246.0569,44.22656,0,False,False,False,65.39063,7.734375
MICHU,Terrorist,-894.2435,534.6074,-31.96875,Knife,100,100,244.8495,50.48474,0,False,False,False,77.69531,9.140625
MICHU,Terrorist,-878.79,536.8867,-31.96875,Knife,100,100,248.3306,28.8432,0,False,False,False,88.59375,12.30469
MICHU,Terrorist,-863.2401,538.4106,-31.96875,Knife,100,100,249.064,21.61289,0,False,False,False,90.70313,16.17188
MICHU,Terrorist,-847.9864,541.0057,-31.96875,Glock,100,100,233.0299,57.42012,0,False,False,False,80.85938,19.6875
MICHU,Terrorist,-833.6057,545.264,-31.96875,Glock,100,100,228.9335,72.03774,0,False,False,False,63.98437,20.39063
MICHU,Terrorist,-819.2049,549.4534,-31.96875,Glock,100,100,232.4074,59.88989,0,False,False,False,45.35156,17.57813
MICHU,Terrorist,-804.8959,554.3032,-31.96875,Knife,100,100,229.4442,88.76089,0,False,False,False,32.69531,12.30469
MICHU,Terrorist,-790.5063,560.3223,-31.96875,Knife,100,100,229.2508,99.71989,0,False,False,False,27.42188,7.382813
MICHU,Terrorist,-776.2331,566.6791,-31.96875,Knife,100,100,227.869,102.8383,0,False,False,False,26.01563,3.867188
MICHU,Terrorist,-762.0177,573.1648,-31.96875,Knife,100,100,227.1565,104.4027,0,False,False,False,25.66406,2.109375
MICHU,Terrorist,-747.8396,579.7316,-31.96875,Knife,100,100,226.6335,105.5332,0,False,False,False,25.66406,1.757813
MICHU,Terrorist,-733.6891,586.3576,-31.96875,Knife,100,100,226.2497,106.3536,0,False,False,False,25.66406,1.757813
MICHU,Terrorist,-719.5588,593.0268,-31.96875,Knife,100,100,225.9655,106.9561,0,False,False,False,25.66406,1.757813
MICHU,Terrorist,-705.4436,599.7278,-31.96875,Knife,100,100,225.7552,107.3991,0,False,False,False,25.66406,1.757813
MICHU,Terrorist,-691.3395,606.4523,-31.96875,Knife,100,100,225.5999,107.725,0,False,False,False,25.66406,1.757813
MICHU,Terrorist,-677.2437,613.1938,-31.96875,Knife,100,100,225.4852,107.9649,0,False,False,False,25.66406,1.757813
MICHU,Terrorist,-663.1918,619.997,-31.96875,Knife,100,100,220.5619,114.394,0,False,False,False,25.66406,1.757813
MICHU,Terrorist,-650.6104,628.704,-31.96875,Knife,100,100,187.7814,156.802,0,False,False,False,25.66406,1.757813
MICHU,Terrorist,-639.7607,639.6512,-31.96875,Knife,100,100,163.6367,188.0378,0,False,False,False,25.66406,1.757813
MICHU,Terrorist,-628.7051,650.6803,-31.96875,Knife,100,100,185.416,167.6928,0,False,False,False,25.66406,1.757813
MICHU,Terrorist,-616.6094,660.5644,-31.96875,Knife,100,100,198.9615,151.3748,0,False,False,False,25.66406,1.757813
MICHU,Terrorist,-603.849,669.5779,-31.96875,Knife,100,100,207.6646,139.1957,0,False,False,False,25.66406,1.757813
MICHU,Terrorist,-590.6586,677.9516,-31.96875,Knife,100,100,213.3167,130.3687,0,False,False,False,25.66406,1.757813
MICHU,Terrorist,-577.1915,685.8739,-31.96875,Knife,100,100,216.9282,124.2664,0,False,False,False,25.66406,1.757813
MICHU,Terrorist,-563.5439,693.4816,-31.96875,Knife,100,100,219.3424,119.9538,0,False,False,False,25.66406,1.757813
MICHU,Terrorist,-549.7722,700.8624,-31.96875,Knife,100,100,221.056,116.7658,0,False,False,False,25.66406,2.109375
MICHU,Terrorist,-535.9041,708.0605,-31.96875,Knife,100,100,222.5506,113.8913,0,False,False,False,24.60938,1.757813
MICHU,Terrorist,-521.9299,715.0503,-31.96875,Knife,100,100,224.5244,109.949,0,False,False,False,22.14844,1.054688
MICHU,Terrorist,-507.8913,721.8665,-31.96875,Knife,100,100,219.4514,116.8656,0,False,False,False,18.63281,359.6484
MICHU,Terrorist,-494.9679,730.5141,-31.96875,Knife,100,100,198.2163,152.3493,0,False,False,False,13.35938,357.8906
MICHU,Terrorist,-483.1229,740.6974,-31.96875,Knife,100,100,184.2923,168.927,0,False,False,False,5.976563,355.4297
MICHU,Terrorist,-471.7696,751.4324,-31.96875,Knife,100,100,181.0518,172.3956,0,False,False,False,357.5391,354.0234
MICHU,Terrorist,-460.304,762.0462,-31.96875,Knife,100,100,186.5622,166.4168,0,False,False,False,348.3984,355.0781
MICHU,Terrorist,-448.2278,771.9543,-31.96875,Knife,100,100,199.1366,151.1443,0,False,False,False,337.1484,0.703125
MICHU,Terrorist,-435.2669,780.6691,-31.96875,Knife,100,100,213.483,130.0962,0,False,False,False,330.4688,10.89844
MICHU,Terrorist,-421.5736,788.1881,-31.96875,Knife,100,100,222.2563,114.4645,0,False,False,False,335.3906,23.55469
MICHU,Terrorist,-407.5258,794.9281,-29.84923,Knife,100,100,229.7699,93.43549,0,False,False,False,348.75,32.69531
MICHU,Terrorist,-392.6685,799.6388,-26.13492,Knife,100,100,241.2473,65.57229,0,False,False,False,4.921875,35.15625
MICHU,Terrorist,-377.545,803.5652,-22.35402,Knife,100,100,241.7746,63.60057,0,False,False,False,18.98438,31.99219
MICHU,Terrorist,-362.5363,807.9049,-18.60187,Knife,100,100,238.5325,74.84799,0,False,False,False,26.01563,25.3125
MICHU,Terrorist,-347.7281,812.8717,-14.8998,Knife,100,100,238.2103,73.84379,0,False,False,False,26.36719,17.22656
MICHU,Terrorist,-332.5003,815.7893,-11.09285,Knife,100,100,247.0798,26.63261,0,False,False,False,21.79688,9.140625
MICHU,Terrorist,-316.9256,815.9528,-7.199173,Knife,100,100,249.5117,-15.61773,0,False,False,False,14.41406,2.109375
MICHU,Terrorist,-301.4987,813.5771,-3.342445,Knife,100,100,243.8514,-55.10418,0,False,False,False,6.328125,357.1875
MICHU,Terrorist,-286.4442,809.4028,0.4211732,Knife,100,100,241.9971,-62.74868,0,False,False,False,357.8906,355.0781
MICHU,Terrorist,-271.2295,805.8477,4.224846,Knife,100,100,243.8419,-55.14658,0,False,False,False,346.6406,355.7813
MICHU,Terrorist,-256.0555,802.1269,8.018341,Knife,100,100,241.2839,-65.43752,0,False,False,False,333.2813,358.2422
MICHU,Terrorist,-241.1844,797.3472,11.73612,Knife,100,100,235.0054,-85.27863,0,False,False,False,326.9531,3.867188
MICHU,Terrorist,-226.1084,793.3149,15.50511,Knife,100,100,245.6578,-46.39241,0,False,False,False,331.875,10.89844
MICHU,Terrorist,-210.5673,791.9589,19.3904,Knife,100,100,249.6892,-1.419364,0,False,False,False,346.6406,16.52344
MICHU,Terrorist,-195.1678,793.6286,23.24028,Knife,100,100,242.0047,48.92221,0,False,False,False,1.757813,17.22656
MICHU,Terrorist,-179.808,796.4271,27.08021,Knife,100,100,246.3068,42.81288,0,False,False,False,7.734375,14.0625
MICHU,Terrorist,-164.3927,798.9769,30.93404,Knife,100,100,246.9949,38.64613,0,False,False,False,4.570313,10.19531
MICHU,Terrorist,-148.905,801.0317,34.80597,Knife,100,100,248.5255,27.11254,0,False,False,False,356.4844,7.734375
MICHU,Terrorist,-133.3204,802.1018,38.70213,Knife,100,100,249.8512,8.625658,0,False,False,False,349.1016,7.382813
MICHU,Terrorist,-117.701,801.9091,42.60697,Knife,100,100,249.7019,-12.20575,0,False,False,False,344.1797,7.734375
MICHU,Terrorist,-102.1488,800.4441,46.49502,Knife,100,100,247.9648,-31.83515,0,False,False,False,341.0156,8.4375
MICHU,Terrorist,-86.63039,798.729,50.37462,Knife,100,100,249.7104,-12.02888,0,False,False,False,336.7969,8.789063
MICHU,Terrorist,-71.01387,798.9951,54.27875,Knife,100,100,249.6206,13.76761,0,False,False,False,328.3594,8.789063
MICHU,Terrorist,-55.42912,800.1138,58.17494,Knife,100,100,249.3315,18.27114,0,False,False,False,316.7578,8.4375
MICHU,Terrorist,-39.82491,800.88,62.07599,Knife,100,100,249.9392,5.512569,0,False,False,False,304.4531,8.4375
MICHU,Terrorist,-24.21144,800.4504,64.02895,Knife,100,100,249.392,-17.42581,0,False,False,False,294.6094,8.4375
MICHU,Terrorist,-8.726385,798.4221,64.02895,Knife,100,100,246.0317,-44.36644,0,False,False,False,286.875,9.140625
MICHU,Terrorist,6.442817,794.7073,65.591,Knife,100,100,239.7497,-70.85246,0,False,False,False,281.6016,10.54688
MICHU,Terrorist,21.13851,789.4188,67.25748,Knife,100,100,231.258,-94.97224,0,False,False,False,276.6797,11.95313
MICHU,Terrorist,34.7681,782.3986,68.34145,Knife,100,100,197.2863,-132.2278,0,False,False,False,273.8672,12.65625
MICHU,Terrorist,44.20224,772.976,68.81921,Knife,100,100,109.3928,-161.2357,0,False,False,False,279.1406,13.35938
MICHU,Terrorist,48.69123,762.0869,68.86147,Glock,100,100,49.09562,-185.0819,0,False,False,False,298.125,13.35938
MICHU,Terrorist,50.96425,749.6354,68.86147,Glock,100,100,32.45196,-209.4547,0,False,False,False,322.3828,11.60156
MICHU,Terrorist,53.44896,735.8677,68.86147,Knife,100,100,48.8908,-226.5509,0,False,False,False,341.3672,8.085938
MICHU,Terrorist,57.55006,721.5256,68.81987,Knife,100,100,79.141,-230.3443,0,False,False,False,352.6172,4.921875
MICHU,Terrorist,63.42668,707.1666,68.66624,Knife,100,100,103.6575,-227.4975,0,False,False,False,352.6172,4.921875
MICHU,Terrorist,70.46614,693.2203,68.55328,Knife,100,100,118.769,-219.9862,0,False,False,False,352.6172,4.921875
MICHU,Terrorist,78.27191,679.6863,68.39702,Knife,100,100,129.0851,-214.0958,0,False,False,False,352.6172,4.921875
MICHU,Terrorist,86.59547,666.4637,69.03722,Knife,100,100,135.9291,-209.8173,0,False,False,False,352.6172,4.921875
MICHU,Terrorist,95.2607,653.4619,70.01898,Knife,100,100,140.505,-206.7809,0,False,False,False,352.6172,4.921875
MICHU,Terrorist,104.1602,640.6192,70.76116,Knife,100,100,143.6997,-204.5737,0,False,False,False,352.6172,4.921875
MICHU,Terrorist,113.23,627.8961,71.53441,Knife,100,100,146.2265,-202.7753,0,False,False,False,353.3203,4.570313
MICHU,Terrorist,122.4998,615.3182,72.34436,Knife,100,100,150.3302,-199.7519,0,False,False,False,356.4844,3.867188
MICHU,Terrorist,132.118,603.0052,72.58936,Knife,100,100,156.8852,-194.6459,0,False,False,False,359.6484,3.515625
MICHU,Terrorist,142.1484,591.0255,72.38501,Knife,100,100,162.9654,-189.5845,0,False,False,False,0.3515625,3.515625
MICHU,Terrorist,152.4865,579.3099,72.94102,Knife,100,100,167.0839,-185.965,0,False,False,False,0.3515625,3.515625
MICHU,Terrorist,163.035,567.7832,73.76855,Knife,100,100,169.9469,-183.3523,0,False,False,False,0.3515625,3.515625
MICHU,Terrorist,173.7652,556.4458,75.25932,Knife,100,100,176.2616,-174.7954,0,False,False,False,0.3515625,3.515625
MICHU,Terrorist,185.898,547.223,76.65751,Knife,100,100,206.6638,-128.4479,0,False,False,False,0.3515625,3.515625
MICHU,Terrorist,199.6368,540.4486,77.68439,Knife,100,100,229.0567,-94.31034,0,False,False,False,0.3515625,3.515625
MICHU,Terrorist,214.4377,535.5164,78.40327,Knife,100,100,240.6716,-67.65501,0,False,False,False,0.3515625,3.515625
MICHU,Terrorist,229.6639,532.0276,80.03125,Knife,100,100,245.4317,-47.5738,0,False,False,False,0.3515625,3.515625
MICHU,Terrorist,244.6048,527.5364,80.03125,Knife,100,100,233.7685,-88.61303,0,False,False,False,0.3515625,3.515625
MICHU,Terrorist,258.7948,521.0121,80.03125,Knife,100,100,224.8469,-109.2881,0,False,False,False,0.3515625,3.515625
MICHU,Terrorist,273.3325,515.3156,80.03125,Knife,100,100,237.4274,-78.283,0,False,False,False,0.3515625,3.515625
MICHU,Terrorist,288.4191,511.2711,83.03125,Knife,100,100,243.836,-55.1725,0,False,False,False,0.3515625,3.515625
MICHU,Terrorist,303.7433,508.2611,82.7434,Knife,100,100,243.6391,-53.91806,0,False,False,False,0.703125,3.515625
MICHU,Terrorist,318.5864,503.4556,81.41321,Knife,100,100,232.2052,-92.63239,0,False,False,False,0.703125,3.515625
MICHU,Terrorist,332.6604,496.6876,80.03125,Knife,100,100,219.881,-118.9637,0,False,False,False,0.703125,3.515625
MICHU,Terrorist,346.02,488.5925,80.51158,Knife,100,100,209.3093,-136.71,0,False,False,False,0.703125,3.515625
MICHU,Terrorist,358.7978,479.6035,80.83333,Knife,100,100,200.9869,-148.675,0,False,False,False,0.703125,3.515625
MICHU,Terrorist,371.748,471.4003,81.0378,Knife,100,100,200.1262,-114.157,0,False,False,False,0.703125,3.515625
MICHU,Terrorist,382.3199,465.3699,81.61566,Knife,100,100,147.4042,-84.08304,0,False,False,False,0.703125,3.515625
MICHU,Terrorist,390.1066,464.0313,82.0055,Knife,100,100,108.5714,0,0,False,False,False,0.703125,3.515625
MICHU,Terrorist,395.842,464.0313,82.24699,Knife,100,100,79.96897,0,0,False,False,False,0.703125,3.515625
MICHU,Terrorist,399.9963,464.0313,82.42191,Knife,100,100,55.96897,0,0,False,False,False,0.703125,3.515625
MICHU,Terrorist,402.6506,464.0313,82.53367,Knife,100,100,31.96897,0,0,False,False,False,0.703125,3.515625
MICHU,Terrorist,403.8049,464.0313,82.57145,Knife,100,100,7.968971,0,0,False,False,False,0.703125,3.515625
MICHU,Terrorist,403.8591,464.0313,82.57145,Knife,100,100,0,0,0,False,False,False,0.703125,3.515625
MICHU,Terrorist,403.8591,464.0313,82.57145,Knife,100,100,0,0,0,False,False,False,0.703125,3.515625
MICHU,Terrorist,403.8591,464.0313,82.57145,Knife,100,100,0,0,0,False,False,False,0.703125,3.515625
MICHU,Terrorist,403.8591,464.0313,82.57145,Knife,100,100,0,0,0,False,False,False,0.703125,3.515625
MICHU,Terrorist,403.8591,464.0313,82.57145,Knife,100,100,0,0,0,False,False,False,0.703125,3.515625
MICHU,Terrorist,403.8591,464.0313,82.57145,Knife,100,100,0,0,0,False,False,False,0.703125,3.515625
MICHU,Terrorist,403.8591,464.0313,82.57145,Knife,100,100,0,0,0,False,False,False,0.703125,3.515625
MICHU,Terrorist,403.8591,464.0313,82.57145,Knife,100,100,0,0,0,False,False,False,0.703125,3.515625
MICHU,Terrorist,403.8563,464.2642,82.57145,Knife,100,100,-0.2255839,18.87365,0,False,False,False,0.703125,3.515625
MICHU,Terrorist,403.8155,467.676,82.41398,Knife,100,100,-0.9845021,82.36912,0,False,False,False,0.703125,3.515625
MICHU,Terrorist,403.7298,474.8486,82.07831,Knife,100,100,-1.643465,137.5018,0,False,False,False,0.703125,3.515625
MICHU,Terrorist,404.3607,484.1312,81.67513,Knife,100,100,0,156.2558,0,False,False,False,0.703125,3.515625
MICHU,Terrorist,405.4792,494.3433,81.01664,Knife,100,100,34.11587,162.2433,0,False,False,False,0.703125,3.515625
MICHU,Terrorist,407.681,502.5634,80.50703,Knife,100,100,44.06352,119.1625,0,False,False,False,0.703125,3.515625
MICHU,Terrorist,411.4115,506.3409,80.30147,Knife,100,100,67.61089,-7.705854,0,False,False,False,0.703125,3.515625
MICHU,Terrorist,415.9597,504.9222,80.44129,Knife,100,100,77.0084,-33.30805,0,False,False,False,0.703125,3.515625
MICHU,Terrorist,420.2796,504.907,80.48775,Knife,100,100,64.2941,17.21008,0,False,False,False,0.703125,3.515625
MICHU,Terrorist,424.3927,505.9966,80.46043,Knife,100,100,71.46957,17.67646,0,False,False,False,0.703125,3.515625
MICHU,Terrorist,429.6138,506.9427,80.4529,Knife,100,100,92.26704,13.41964,0,False,False,False,0.703125,3.515625
MICHU,Terrorist,435.955,507.6692,80.47009,Knife,100,100,107.9127,10.36185,0,False,False,False,0.703125,3.515625
MICHU,Terrorist,442.9911,508.2326,80.54386,Knife,100,100,108.2756,7.976215,0,False,False,False,0.703125,3.515625
MICHU,Terrorist,448.7285,507.1868,80.95119,Knife,100,100,80.22858,-34.07785,0,False,False,False,0.703125,3.515625
MICHU,Terrorist,452.945,505.9018,81.31749,Knife,100,100,57.38332,0,0,False,False,False,0.703125,3.515625
MICHU,Terrorist,455.7016,505.9018,81.43562,Knife,100,100,33.65522,0,0,False,False,False,0.703125,3.515625
MICHU,Terrorist,457.0537,507.3051,81.33022,Knife,100,100,14.5958,43.26812,0,False,False,False,0.703125,3.515625
MICHU,Terrorist,457.7462,512.2477,80.72231,Knife,100,100,9.106275,105.9166,0,False,False,False,0.703125,3.515625
MICHU,Terrorist,460.4484,517.8693,80.12157,Knife,100,100,75.17021,78.8318,0,False,False,False,0.703125,3.515625
MICHU,Terrorist,467.0066,521.4827,79.96383,Knife,100,100,120.4385,29.60087,0,False,False,False,0.703125,3.515625
MICHU,Terrorist,475.3877,521.0753,80.41364,Knife,100,100,143.6878,-31.87658,0,False,False,False,0.703125,3.515625
MICHU,Terrorist,484.997,517.4202,81.34262,Knife,100,100,160.8121,-77.15817,0,False,False,False,0.703125,3.515625
MICHU,Terrorist,488.4695,511.3731,82.29099,Knife,100,100,42.76712,-110.5106,0,False,False,False,0.703125,3.515625
MICHU,Terrorist,491.1848,502.8947,83.51865,Knife,100,100,38.30743,-155.7075,0,False,False,False,0.703125,3.515625
MICHU,Terrorist,493.2245,493.3204,84.85639,Knife,100,100,28.24983,-119.3233,0,False,False,False,0.703125,3.515625
MICHU,Terrorist,494.64,489.9069,85.35249,Knife,100,100,17.0533,-7.052378,0,False,False,False,0.703125,3.515625
MICHU,Terrorist,496.0446,491.4934,85.22681,Knife,100,100,46.42551,29.26992,0,False,False,False,0.703125,3.515625
MICHU,Terrorist,500.9915,492.4469,85.43207,Knife,100,100,97.90794,-7.389668,0,False,False,False,1.054688,3.515625
MICHU,Terrorist,508.2097,490.1137,86.30438,Knife,100,100,127.9279,-58.25265,0,False,False,False,1.757813,3.515625
MICHU,Terrorist,515.0723,484.2167,87.44523,Knife,100,100,97.2963,-119.6817,0,False,False,False,2.8125,3.867188
MICHU,Terrorist,520.3886,475.0785,88.20339,Knife,100,100,76.84117,-164.8126,0,False,False,False,4.570313,4.570313
MICHU,Terrorist,524.9622,464.0313,88.97363,Knife,100,100,84.10271,0,0,False,False,False,4.21875,4.570313
MICHU,Terrorist,531.7975,465.0767,89.47453,Knife,100,100,121.0457,40.44218,0,False,False,False,4.21875,4.570313
MICHU,Terrorist,540.0308,469.353,89.96615,Knife,100,100,139.211,88.0857,0,False,False,False,4.570313,4.570313
MICHU,Terrorist,549.967,474.6111,90.55584,Knife,100,100,173.8069,70.1219,0,False,False,False,6.679688,4.921875
MICHU,Terrorist,561.3917,476.6038,91.38398,Knife,100,100,189.2441,5.223802,0,False,False,False,8.085938,4.921875
MICHU,Terrorist,573.6433,475.1833,92.40382,Knife,100,100,200.7207,-42.43843,0,False,False,False,7.734375,5.273438
MICHU,Terrorist,586.9287,472.8304,93.17981,Knife,100,100,222.5266,-28.86396,0,False,False,False,5.273438,4.921875
MICHU,Terrorist,601.4762,471.4414,94.20052,Knife,100,100,237.7523,-24.37322,0,False,False,False,2.8125,4.21875
MICHU,Terrorist,615.8076,468.1072,95.33195,Knife,100,100,211.6758,-79.53494,0,False,False,False,5.625,4.570313
MICHU,Terrorist,626.8965,464.0162,96.20739,Knife,100,100,134.9646,0,0,False,False,False,10.89844,5.976563
MICHU,Terrorist,631.2316,464.0162,96.53641,Knife,100,100,21.43912,0,0,False,False,False,17.22656,7.734375
MICHU,Terrorist,629.8065,464.0162,96.43712,Knife,100,100,-49.07685,0,0,False,False,False,20.03906,8.4375
MICHU,Terrorist,624.7075,464.0162,96.03458,Knife,100,100,-105.9672,0,0,False,False,False,19.6875,8.4375
MICHU,Terrorist,616.4559,464.0162,95.38313,Knife,100,100,-150.3197,0,0,False,False,False,19.6875,8.4375
MICHU,Terrorist,605.9167,464.0162,94.55109,Knife,100,100,-180.5007,0,0,False,False,False,29.88281,9.84375
MICHU,Terrorist,594.1044,464.0162,93.61854,Knife,100,100,-193.3765,0,0,False,False,False,42.1875,10.54688
MICHU,Terrorist,581.7652,464.0199,92.88087,Knife,100,100,-203.94,0.4720175,0,False,False,False,42.53906,10.19531
MICHU,Terrorist,568.1747,464.2019,92.09405,Knife,100,100,-226.9202,4.815843,0,False,False,False,41.48438,9.84375
MICHU,Terrorist,553.4565,464.8059,91.19448,Knife,100,100,-236.6072,23.08678,0,False,False,False,41.48438,9.84375
MICHU,Terrorist,540.2086,466.8787,90.07182,Knife,100,100,-185.5313,29.83168,0,False,False,False,36.21094,9.84375
MICHU,Terrorist,532.8251,469.9023,89.37693,Knife,100,100,-69.55575,59.13107,0,False,False,False,24.25781,8.789063
MICHU,Terrorist,531.7877,471.682,89.21456,Knife,100,100,18.52903,2.867229,0,False,False,False,17.57813,7.734375
MICHU,Terrorist,534.8394,470.5945,89.51032,Knife,100,100,73.31451,-25.30007,0,False,False,False,14.76563,7.382813
MICHU,Terrorist,541.437,469.975,90.05412,Knife,100,100,128.2021,1.086262,0,False,False,False,15.82031,7.382813
MICHU,Terrorist,550.6224,470.0815,90.77534,Knife,100,100,151.1773,-19.96839,0,False,False,False,28.47656,9.140625
MICHU,Terrorist,557.9102,469.8642,91.35874,Knife,100,100,79.31262,25.54473,0,False,False,False,39.375,9.84375
MICHU,Terrorist,559.4592,471.9164,91.40503,Knife,100,100,-16.67779,28.0975,0,False,False,False,39.375,9.492188
MICHU,Terrorist,555.9957,473.4389,91.0752,Knife,100,100,-84.02715,22.88184,0,False,False,False,42.1875,9.492188
MICHU,Terrorist,549.5787,476.6593,90.44933,Knife,100,100,-116.2183,71.17815,0,False,False,False,45.70313,10.19531
MICHU,Terrorist,542.434,483.3566,89.63722,Knife,100,100,-61.72857,110.3211,0,False,False,False,38.32031,9.492188
MICHU,Terrorist,541.3741,489.7813,88.96571,Knife,100,100,10.66813,120.7945,0,False,False,False,28.125,8.4375
MICHU,Terrorist,542.0541,497.366,88.03619,Knife,100,100,0,121.0309,0,False,False,False,23.55469,8.085938
MICHU,Terrorist,544.6486,504.8453,87.27148,Knife,100,100,71.37301,114.7022,0,False,False,False,23.20313,8.085938
MICHU,Terrorist,551.0156,509.8013,87.13169,Knife,100,100,122.97,53.72803,0,False,False,False,19.6875,7.734375
MICHU,Terrorist,560.0176,511.3444,87.03197,Knife,100,100,158.3086,3.346482,0,False,False,False,14.76563,7.382813
MICHU,Terrorist,570.7565,510.0008,87.61316,Knife,100,100,180.6641,-39.91409,0,False,False,False,9.140625,7.03125
MICHU,Terrorist,582.5385,506.1748,88.77344,Knife,100,100,193.59,-76.72443,0,False,False,False,5.976563,6.679688
MICHU,Terrorist,594.9553,500.3429,90.41677,Knife,100,100,202.2426,-104.9432,0,False,False,False,5.976563,6.679688
MICHU,Terrorist,609.4647,492.0215,92.83147,Knife,100,100,209.2567,-127.9406,0,False,False,False,5.625,6.679688
MICHU,Terrorist,621.4072,485.8253,94.73876,Knife,100,100,226.357,-97.61192,0,False,False,False,5.625,6.679688
MICHU,Terrorist,626.8958,480.9286,95.28723,Knife,100,100,50.50202,-64.86314,0,False,False,False,4.921875,6.679688
MICHU,Terrorist,627.6017,477.8986,95.51335,Knife,100,100,0,-35.20155,0,False,False,False,3.867188,6.328125
MICHU,Terrorist,627.6017,475.1323,95.69264,Knife,100,100,0,-59.33989,0,False,False,False,1.40625,3.515625
MICHU,Terrorist,627.6017,470.1982,96.01244,Knife,100,100,0,-87.54686,0,False,False,False,1.40625,357.1875
MICHU,Terrorist,627.6017,465.7215,96.26306,Knife,100,100,0,-59.04359,0,False,False,False,3.867188,351.2109
MICHU,Terrorist,627.6292,464.0313,96.26306,Knife,100,100,0,0,0,False,False,False,8.4375,349.8047
MICHU,Terrorist,627.6292,464.1131,96.26306,Knife,100,100,0,2.201364,0,False,False,False,11.60156,353.3203
MICHU,Terrorist,627.6292,464.2545,96.26306,Knife,100,100,0,2.241662,0,False,False,False,11.95313,357.8906
MICHU,Terrorist,627.6292,464.3848,96.26306,Knife,100,100,0,1.964719,0,False,False,False,10.19531,0.3515625
MICHU,Terrorist,627.6292,464.5046,96.26306,Knife,100,100,0,1.964719,0,False,False,False,10.19531,3.164063
MICHU,Terrorist,627.6339,464.6996,96.26306,Knife,100,100,0,9.372808,0,False,False,False,14.0625,5.625
MICHU,Terrorist,627.8474,467.1315,96.22156,Knife,100,100,0,61.923,0,False,False,False,15.82031,6.679688
MICHU,Terrorist,628.9608,472.7847,95.90203,Knife,100,100,34.33867,111.1221,0,False,False,False,14.76563,6.328125
MICHU,Terrorist,632.1193,481.1059,95.49568,Knife,100,100,54.97505,149.5134,0,False,False,False,16.52344,6.679688
MICHU,Terrorist,634.1551,491.6882,93.94822,Knife,100,100,16.04365,182.9542,0,False,False,False,20.03906,7.03125
MICHU,Terrorist,635.3056,503.95,91.15828,Knife,100,100,30.84857,205.0236,0,False,False,False,19.6875,7.734375
MICHU,Terrorist,638.6127,516.8066,88.36658,Knife,100,100,78.23816,194.4382,0,False,False,False,15.82031,7.382813
MICHU,Terrorist,645.4698,527.8135,86.17326,Knife,100,100,131.7811,163.3397,0,False,False,False,15.82031,7.03125
MICHU,Terrorist,654.9024,537.5654,84.35368,Knife,100,100,154.7961,161.7763,0,False,False,False,23.90625,6.679688
MICHU,Terrorist,663.8167,548.8299,83.97679,Knife,100,100,131.2092,193.8641,0,False,False,False,37.61719,5.976563
MICHU,Terrorist,670.9245,561.8855,83.77135,Knife,100,100,100.0551,219.5122,0,False,False,False,44.64844,4.921875
MICHU,Terrorist,676.2137,576.3029,83.78065,Knife,100,100,73.34952,238.5152,0,False,False,False,46.40625,3.867188
MICHU,Terrorist,677.8652,590.6304,87.34817,Knife,100,100,-8.413098,220.0896,0,False,False,False,60.46875,3.164063
MICHU,Terrorist,674.7972,602.3775,88.03125,Knife,100,100,-78.2742,153.2794,0,False,False,False,63.63281,3.515625
MICHU,Terrorist,668.46,608.991,88.03125,Knife,100,100,-111.5649,63.76369,0,False,False,False,50.97656,5.625
MICHU,Terrorist,660.509,610.4461,88.03125,Knife,100,100,-141.1972,-1.52253,0,False,False,False,30.23438,7.734375
MICHU,Terrorist,650.7253,608.9468,88.03125,Knife,100,100,-161.8042,-47.0047,0,False,False,False,3.515625,7.03125
MICHU,Terrorist,640.1178,604.5393,88.03125,Knife,100,100,-176.3261,-85.90012,0,False,False,False,355.0781,5.976563
MICHU,Terrorist,628.6971,598.1251,88.03125,Knife,100,100,-186.3727,-115.2974,0,False,False,False,0.3515625,5.976563
MICHU,Terrorist,616.9979,589.9103,86.98812,Knife,100,100,-186.2085,-144.0562,0,False,False,False,9.140625,5.976563
MICHU,Terrorist,605.5638,580.0458,82.1987,Knife,100,100,-186.3733,-159.748,0,False,False,False,17.22656,5.976563
MICHU,Terrorist,593.5726,572.6622,81.3362,Knife,100,100,-184.0493,-71.7569,0,False,False,False,19.6875,5.273438
MICHU,Terrorist,582.966,571.5251,81.07848,Knife,100,100,-152.9948,19.07686,0,False,False,False,19.33594,4.921875
MICHU,Terrorist,577.5637,573.4332,81.13451,Knife,100,100,-39.02512,37.71339,0,False,False,False,17.22656,4.21875
MICHU,Terrorist,578.2825,575.8743,81.32668,Knife,100,100,45.01669,39.15342,0,False,False,False,13.00781,3.867188
MICHU,Terrorist,582.9979,576.5152,81.43611,Knife,100,100,96.44088,-12.11471,0,False,False,False,10.89844,3.867188
MICHU,Terrorist,590.4235,574.2853,81.40068,Knife,100,100,134.5254,-52.20015,0,False,False,False,10.89844,3.867188
MICHU,Terrorist,599.8622,569.9398,81.30006,Knife,100,100,162.5978,-81.69445,0,False,False,False,10.89844,3.867188
MICHU,Terrorist,610.7849,564.0377,81.74136,Knife,100,100,183.3762,-103.2681,0,False,False,False,11.25,3.867188
MICHU,Terrorist,622.8058,556.9971,82.31462,Knife,100,100,198.2149,-119.8192,0,False,False,False,8.4375,3.515625
MICHU,Terrorist,635.4902,548.9185,82.93155,Knife,100,100,205.7963,-136.4836,0,False,False,False,4.921875,3.515625
MICHU,Terrorist,648.3189,540.0198,83.56897,Knife,100,100,203.3831,-145.3798,0,False,False,False,4.570313,3.515625
MICHU,Terrorist,661.668,532.1765,85.80048,Knife,100,100,223.5092,-106.4315,0,False,False,False,4.570313,3.515625
MICHU,Terrorist,676.263,526.7822,87.59757,Knife,100,100,239.455,-71.84218,0,False,False,False,4.570313,3.515625
MICHU,Terrorist,691.14,522.0358,89.19045,Knife,100,100,233.7092,-88.76949,0,False,False,False,4.570313,3.515625
MICHU,Terrorist,705.3814,515.6232,90.67485,Knife,100,100,223.5094,-111.9981,0,False,False,False,4.921875,3.515625
MICHU,Terrorist,719.6112,509.218,92.15753,Knife,100,100,234.8472,-85.71345,0,False,False,False,7.382813,4.21875
MICHU,Terrorist,734.726,505.3851,91.43429,Knife,100,100,245.7161,-46.08255,0,False,False,False,11.95313,4.570313
MICHU,Terrorist,749.3538,505.0162,89.91978,Knife,100,100,221.3878,28.03461,0,False,False,False,19.33594,4.921875
MICHU,Terrorist,762.1623,509.0667,88.13908,Knife,100,100,196.8363,86.98608,0,False,False,False,27.42188,4.921875
MICHU,Terrorist,774.981,515.108,87.36768,Knife,100,100,209.9074,105.0295,0,False,False,False,35.85938,4.921875
MICHU,Terrorist,787.4966,522.8391,86.38358,Knife,100,100,179.1431,143.6198,0,False,False,False,45.70313,5.273438
MICHU,Terrorist,796.7379,533.2375,85.08382,Knife,100,100,124.444,182.2107,0,False,False,False,53.08593,4.921875
MICHU,Terrorist,804.4647,545.2957,84.21149,Knife,100,100,128.0851,199.6146,0,False,False,False,58.35937,3.867188
MICHU,Terrorist,812.4446,558.3041,84.08681,Knife,100,100,115.5256,215.5726,0,False,False,False,62.22656,2.8125
MICHU,Terrorist,818.2622,572.3342,83.86179,Knife,100,100,91.09189,229.9928,0,False,False,False,66.09375,1.757813
MICHU,Terrorist,823.7807,586.9027,85.48434,Knife,100,100,73.23354,236.1938,0,False,False,False,69.60938,1.40625
MICHU,Terrorist,826.2802,594.8707,88.03125,Knife,100,100,13.39517,33.59146,0,False,False,False,74.53125,1.757813
MICHU,Terrorist,825.4978,598.7844,88.03125,Knife,100,100,-30.18152,85.06752,0,False,False,False,75.9375,2.460938
MICHU,Terrorist,822.8442,605.7258,88.03125,Knife,100,100,-33.05594,125.0676,0,False,False,False,63.98437,2.8125
MICHU,Terrorist,823.3706,610.6808,88.03125,Knife,100,100,33.71612,42.12669,0,False,False,False,39.02344,2.8125
MICHU,Terrorist,826.3353,610.4164,88.03125,Knife,100,100,59.60189,-32.13734,0,False,False,False,13.71094,2.109375
MICHU,Terrorist,831.4581,606.9318,88.03125,Glock,100,100,94.8496,-75.74538,0,False,False,False,351.2109,359.2969
MICHU,Terrorist,837.8356,600.5949,88.03125,Glock,100,100,105.6279,-120.2305,0,False,False,False,341.7188,358.2422
MICHU,Terrorist,844.6517,591.7786,87.92229,Knife,100,100,111.7796,-156.3071,0,False,False,False,341.7188,358.2422
MICHU,Terrorist,852.6661,581.9754,83.04039,Knife,100,100,146.7102,-149.2161,0,False,False,False,341.7188,358.2422
MICHU,Terrorist,863.0941,573.2039,83.40527,Knife,100,100,180.9846,-134.1152,0,False,False,False,341.7188,358.2422
MICHU,Terrorist,875.3326,565.2302,83.98744,Knife,100,100,206.2296,-122.9926,0,False,False,False,341.7188,358.2422
MICHU,Terrorist,887.1411,558.7449,84.4486,Knife,100,100,221.8746,-115.2026,0,False,False,False,341.7188,358.2422
MICHU,Terrorist,902.9814,551.1282,84.9782,Knife,100,100,227.5895,-103.4553,0,False,False,False,341.7188,358.2422
MICHU,Terrorist,917.3218,544.9256,85.432,Knife,100,100,230.6809,-96.36544,0,False,False,False,341.7188,358.5938
MICHU,Terrorist,931.8135,539.0841,85.90877,Knife,100,100,232.6711,-91.45579,0,False,False,False,341.7188,358.5938
MICHU,Terrorist,946.4053,533.4971,86.77092,Knife,100,100,234.0182,-87.95166,0,False,False,False,341.7188,358.5938
MICHU,Terrorist,961.0662,528.0936,88.74199,Knife,100,100,234.9579,-85.4095,0,False,False,False,341.7188,358.5938
MICHU,Terrorist,975.7761,522.8252,90.64809,Knife,100,100,235.6419,-83.50375,0,False,False,False,341.7188,358.5938
MICHU,Terrorist,990.5224,517.6594,92.5308,Knife,100,100,236.1534,-82.04633,0,False,False,False,341.7188,358.5938
MICHU,Terrorist,1005.297,512.5744,94.40873,Knife,100,100,236.567,-80.84583,0,False,False,False,342.0703,358.9453
MICHU,Terrorist,1020.096,507.5628,96.28224,Knife,100,100,236.9724,-79.64975,0,False,False,False,342.4219,359.2969
MICHU,Terrorist,1034.925,502.6396,98.23285,Knife,100,100,237.5361,-77.95261,0,False,False,False,343.4766,359.6484
MICHU,Terrorist,1049.802,497.8633,100.1493,Knife,100,100,238.4658,-75.06042,0,False,False,False,344.8828,0.3515625
MICHU,Terrorist,1064.743,493.2918,101.3858,Knife,100,100,239.4982,-71.69813,0,False,False,False,345.5859,0.3515625
MICHU,Terrorist,1079.287,489.0251,102.5826,Glock,100,100,230.5914,-66.54029,0,False,False,False,345.9375,0.703125
MICHU,Terrorist,1093.719,484.9398,103.8633,Glock,100,100,231.1587,-64.54202,0,False,False,False,345.9375,0.703125
MICHU,Terrorist,1108.182,480.9597,105.4122,Glock,100,100,231.5626,-63.07752,0,False,False,False,345.9375,0.703125
MICHU,Terrorist,1122.665,477.0568,107.2067,Glock,100,100,231.853,-62.00137,0,False,False,False,345.9375,0.703125
MICHU,Terrorist,1137.164,473.2108,109.0861,Glock,100,100,232.0634,-61.20951,0,False,False,False,345.9375,0.703125
MICHU,Terrorist,1151.673,469.4066,110.9611,Glock,100,100,232.2163,-60.62645,0,False,False,False,345.9375,0.703125
MICHU,Terrorist,1166.191,465.6333,112.8328,Glock,100,100,232.328,-60.19703,0,False,False,False,345.9375,0.703125
MICHU,Terrorist,1180.783,462.6099,114.6144,Glock,100,100,234.8269,-27.86424,0,False,False,False,344.1797,0.703125
MICHU,Terrorist,1195.618,462.3289,116.0637,Glock,100,100,239.7791,10.29611,0,False,False,False,336.0938,1.054688
MICHU,Terrorist,1210.559,463.62,116.6476,Glock,100,100,238.6216,25.68567,0,False,False,False,325.8984,1.40625
MICHU,Terrorist,1225.472,465.2379,117.1701,Glock,100,100,238.7829,24.13934,0,False,False,False,315.7031,1.757813
MICHU,Terrorist,1240.429,466.3381,117.4942,Glock,100,100,239.7401,11.1657,0,False,False,False,306.5625,1.757813
MICHU,Terrorist,1255.425,466.3602,117.937,Glock,100,100,239.8384,-8.806922,0,False,False,False,298.4766,1.40625
MICHU,Terrorist,1270.355,464.9819,118.6015,Glock,100,100,237.7492,-32.79183,0,False,False,False,290.3906,1.40625
MICHU,Terrorist,1285.05,462.011,119.3631,Glock,100,100,232.5372,-59.38384,0,False,False,False,281.25,1.757813
MICHU,Terrorist,1299.267,457.264,120.1212,Glock,100,100,222.6546,-89.58208,0,False,False,False,269.2969,2.109375
MICHU,Terrorist,1312.595,450.4226,121.2114,Glock,100,100,204.2703,-125.8401,0,False,False,False,252.0703,2.460938
MICHU,Terrorist,1323.602,441.8943,122.473,Glock,39,94,129.7952,-120.8312,0,False,False,False,233.0859,2.8125
MICHU,Terrorist,1330.539,432.8079,122.3617,Glock,39,94,95.34764,-162.6344,0,False,False,False,220.4297,2.8125
MICHU,Terrorist,1335.239,421.5292,122.182,Glock,39,94,60.44883,-192.8934,0,False,False,False,216.5625,3.867188
MICHU,Terrorist,1337.993,408.8864,122.1708,Glock,39,94,32.37309,-207.3916,0,False,False,False,216.5625,3.867188
MICHU,Terrorist,1339.272,395.623,122.2672,Glock,39,94,12.2688,-215.5542,0,False,False,False,216.5625,3.867188
MICHU,Terrorist,1339.205,382.0476,122.4588,Glock,39,94,-21.69959,-213.9787,0,False,False,False,216.5625,3.867188
MICHU,Terrorist,1335.888,369.1242,122.9258,Glock,39,94,-75.10566,-201.7171,0,False,False,False,216.5625,3.867188
MICHU,Terrorist,1329.749,356.8485,128.0313,Glock,39,94,-114.4422,-192.6858,0,False,False,False,216.5625,3.867188
MICHU,Terrorist,1321.532,345.0499,128.0313,Glock,39,94,-143.4158,-186.0337,0,False,False,False,216.5625,3.867188
MICHU,Terrorist,1313.031,333.6756,128.0313,Glock,39,94,0,-177.5012,0,False,False,False,216.5625,3.867188
MICHU,Terrorist,1313.031,323.5524,128.0313,Glock,39,94,0,-138.5413,0,False,False,False,216.5625,4.21875
MICHU,Terrorist,1312.25,316.6337,128.0313,Glock,39,94,-39.261,-91.15304,0,False,False,False,216.5625,4.21875
MICHU,Terrorist,1307.497,312.2183,128.0313,Glock,39,94,-101.8738,-56.24892,0,False,False,False,216.5625,4.21875
MICHU,Terrorist,1299.436,309.6469,128.0313,Glock,39,94,-147.9917,-30.54009,0,False,False,False,216.5625,4.21875
MICHU,Terrorist,1288.939,308.4334,128.0313,Glock,39,94,-181.9601,-11.60409,0,False,False,False,216.5625,4.21875
MICHU,Terrorist,1276.663,308.1595,128.0313,Glock,39,94,-205.0342,-5.453957,0,False,False,False,216.5625,4.21875
MICHU,Terrorist,1263.654,306.2619,128.0313,Glock,39,94,-210.4197,-47.75146,0,False,False,False,215.8594,3.867188
MICHU,Terrorist,1250.305,302.207,128.0313,Glock,39,94,-216.3855,-76.00755,0,False,False,False,211.289,3.867188
MICHU,Terrorist,1237.879,295.6907,128.0313,Glock,39,94,-186.1267,-124.4496,0,False,False,False,201.7969,4.21875
MICHU,Terrorist,1226.867,286.6788,128.0313,Glock,39,94,-169.7726,-157.7829,0,False,False,False,198.2813,4.570313
MICHU,Terrorist,1216.807,275.8677,128.0313,Glock,39,94,-152.5847,-184.5174,0,False,False,False,208.125,5.976563
MICHU,Terrorist,1208.521,271.5878,143.1794,Glock,39,94,-102.5705,-28.04355,255.1184,False,False,False,229.5703,7.734375
MICHU,Terrorist,1205.584,267.7876,157.5618,Glock,39,94,0.5696246,-81.40557,205.1184,False,False,False,251.3672,7.734375
MICHU,Terrorist,1206.505,262.4835,168.8193,Glock,39,94,20.91337,-85.83035,155.1184,False,False,False,263.6719,6.679688
MICHU,Terrorist,1207.913,257.1098,176.9517,Glock,39,94,22.63209,-85.98876,105.1184,False,False,False,266.8359,5.976563
MICHU,Terrorist,1209.327,251.7355,181.9592,Glock,39,94,22.63209,-85.98876,55.11838,False,False,False,266.8359,5.976563
MICHU,Terrorist,1210.741,246.3612,183.8416,Glock,39,94,22.63209,-85.98876,5.118378,False,False,False,266.8359,5.976563
MICHU,Terrorist,1212.155,240.987,182.599,Glock,39,94,22.63209,-85.98876,-44.88162,False,False,False,266.8359,5.976563
MICHU,Terrorist,1213.569,235.6127,178.2315,Glock,39,94,22.63209,-85.98876,-94.88162,False,False,False,266.8359,5.976563
MICHU,Terrorist,1214.983,230.2384,170.7389,Glock,39,94,22.63209,-85.98876,-144.8816,False,False,False,266.8359,5.976563
MICHU,Terrorist,1216.236,224.0549,168.0009,Glock,39,94,15.92277,-119.659,0,False,False,False,266.8359,5.976563
MICHU,Terrorist,1216.923,215.0295,174.0179,Glock,39,94,7.529476,-161.7802,0,False,False,False,266.8359,5.976563
MICHU,Terrorist,1217.167,203.7789,181.5183,Glock,39,94,1.347341,-192.8049,0,False,False,False,266.8359,5.976563
MICHU,Terrorist,1217.084,190.8895,190.1112,Glock,39,94,-3.206149,-215.6563,0,False,False,False,266.8359,5.976563
MICHU,Terrorist,1216.76,176.7929,199.509,Glock,39,94,-6.56005,-232.4876,0,False,False,False,266.8359,5.976563
