Name,Team,Position.X,Position.Y,Position.Z,ActiveWeapon,HP,Armour,Velocity.X,Velocity.Y,Velocity.Z,IsDucking,HasHelmet,HasDefuseKit,ViewDirectionX,ViewDirectionY,Map = de_inferno
kucher,CounterTerrorist,2440,2032,123.4813,P2000,100,0,0,0,0,False,False,False,2.8125,359.6484
kucher,CounterTerrorist,2440,2032,123.4813,P2000,100,0,0,0,0,False,False,False,2.8125,359.6484
kucher,CounterTerrorist,2440,2032,123.4813,P2000,100,0,0,0,0,False,False,False,2.8125,359.6484
kucher,CounterTerrorist,2440,2032,123.4813,P2000,100,0,0,0,0,False,False,False,2.8125,359.6484
kucher,CounterTerrorist,2440,2032,123.4813,P2000,100,0,0,0,0,False,False,False,144.8438,0
kucher,CounterTerrorist,2440,2032,123.4813,P2000,100,0,0,0,0,False,False,False,144.8438,0
kucher,CounterTerrorist,2440,2032,123.4813,P2000,100,0,0,0,0,False,False,False,144.8438,0
kucher,CounterTerrorist,2440,2032,123.4813,P2000,100,0,0,0,0,False,False,False,144.8438,0
kucher,CounterTerrorist,2440,2032,123.4813,P2000,100,0,0,0,0,False,False,False,144.8438,0
kucher,CounterTerrorist,2440,2032,123.4813,P2000,100,0,0,0,0,False,False,False,144.8438,0
kucher,CounterTerrorist,2440,2032,123.4813,P2000,100,0,0,0,0,False,False,False,144.8438,0
kucher,CounterTerrorist,2440,2032,123.4813,P2000,100,0,0,0,0,False,False,False,144.8438,0
kucher,CounterTerrorist,2440,2032,123.4813,P2000,100,0,0,0,0,False,False,False,144.8438,0
kucher,CounterTerrorist,2440,2032,123.4813,P2000,100,0,0,0,0,False,False,False,144.8438,0
kucher,CounterTerrorist,2440,2032,123.4813,P2000,100,0,0,0,0,False,False,False,144.8438,0
kucher,CounterTerrorist,2440,2032,123.4813,P2000,100,0,0,0,0,False,False,False,144.8438,0
kucher,CounterTerrorist,2440,2032,123.4813,P2000,100,0,0,0,0,False,False,False,144.8438,0
kucher,CounterTerrorist,2440,2032,123.4813,P2000,100,0,0,0,0,False,False,False,144.8438,0
kucher,CounterTerrorist,2440,2032,123.4813,P2000,100,0,0,0,0,False,False,False,144.8438,0
kucher,CounterTerrorist,2440,2032,123.4813,P2000,100,0,0,0,0,False,False,False,144.8438,0
kucher,CounterTerrorist,2440,2032,123.4813,P2000,100,0,0,0,0,False,False,False,144.8438,0
kucher,CounterTerrorist,2440,2032,123.4813,P2000,100,0,0,0,0,False,False,False,144.8438,0
kucher,CounterTerrorist,2440,2032,123.4813,P2000,100,0,0,0,0,False,False,False,144.8438,0
kucher,CounterTerrorist,2440,2032,123.4813,P2000,100,0,0,0,0,False,False,False,144.8438,0
kucher,CounterTerrorist,2440,2032,123.4813,P2000,100,0,0,0,0,False,False,False,144.8438,0
kucher,CounterTerrorist,2440,2032,123.4813,P2000,100,0,0,0,0,False,False,False,144.8438,0
kucher,CounterTerrorist,2440,2032,123.4813,P2000,100,0,0,0,0,False,False,False,144.8438,0
kucher,CounterTerrorist,2440,2032,123.4813,P2000,100,0,0,0,0,False,False,False,144.8438,0
kucher,CounterTerrorist,2440,2032,123.4813,P2000,100,0,0,0,0,False,False,False,144.8438,0
kucher,CounterTerrorist,2440,2032,123.4813,P2000,100,0,0,0,0,False,False,False,144.8438,0
kucher,CounterTerrorist,2440,2032,123.4813,P2000,100,0,0,0,0,False,False,False,144.8438,0
kucher,CounterTerrorist,2440,2032,123.4813,P2000,100,0,0,0,0,False,False,False,144.8438,359.6484
kucher,CounterTerrorist,2440,2032,123.4813,P2000,100,0,0,0,0,False,False,False,144.8438,359.6484
kucher,CounterTerrorist,2440,2032,123.4813,P2000,100,0,0,0,0,False,False,False,144.8438,359.6484
kucher,CounterTerrorist,2440,2032,123.4813,P2000,100,0,0,0,0,False,False,False,144.8438,359.6484
kucher,CounterTerrorist,2440,2032,123.4813,P2000,100,0,0,0,0,False,False,False,144.8438,359.6484
kucher,CounterTerrorist,2440,2032,123.4813,P2000,100,0,0,0,0,False,False,False,143.4375,359.6484
kucher,CounterTerrorist,2440,2032,123.4813,P2000,100,0,0,0,0,False,False,False,142.7344,0.703125
kucher,CounterTerrorist,2440,2032,123.4813,P2000,100,0,0,0,0,False,False,False,177.5391,4.570313
kucher,CounterTerrorist,2440,2032,123.4813,P2000,100,0,0,0,0,False,False,False,227.8125,5.976563
kucher,CounterTerrorist,2440,2032,123.4813,P2000,100,0,0,0,0,False,False,False,242.2266,3.515625
kucher,CounterTerrorist,2440,2032,123.4813,P2000,100,0,0,0,0,False,False,False,242.2266,3.515625
kucher,CounterTerrorist,2440,2032,123.4813,P2000,100,0,0,0,0,False,False,False,242.2266,3.515625
kucher,CounterTerrorist,2440,2032,123.4813,P2000,100,0,0,0,0,False,False,False,242.2266,3.515625
kucher,CounterTerrorist,2440,2032,123.4813,P2000,100,0,0,0,0,False,False,False,242.2266,3.515625
kucher,CounterTerrorist,2440,2032,123.4813,P2000,100,0,0,0,0,False,False,False,243.2813,3.867188
kucher,CounterTerrorist,2440,2032,123.4813,P2000,100,0,0,0,0,False,False,False,246.4453,4.921875
kucher,CounterTerrorist,2440,2032,123.4813,P2000,100,0,0,0,0,False,False,False,250.3125,4.21875
kucher,CounterTerrorist,2440,2032,123.4813,P2000,100,0,0,0,0,False,False,False,251.0156,4.21875
kucher,CounterTerrorist,2440,2032,123.4813,P2000,100,0,0,0,0,False,False,False,251.3672,4.21875
kucher,CounterTerrorist,2440,2032,123.4813,Knife,100,0,0,0,0,False,False,False,252.4219,3.867188
kucher,CounterTerrorist,2440,2032,123.4813,P2000,100,0,0,0,0,False,False,False,253.4766,4.21875
kucher,CounterTerrorist,2440,2032,123.4813,P2000,100,0,0,0,0,False,False,False,254.1797,4.21875
kucher,CounterTerrorist,2440,2032,123.4813,Knife,100,0,0,0,0,False,False,False,254.5313,4.21875
kucher,CounterTerrorist,2440,2032,123.4813,Knife,100,0,0,0,0,False,False,False,254.8828,4.570313
kucher,CounterTerrorist,2440,2032,123.4813,P2000,100,0,0,0,0,False,False,False,255.5859,4.21875
kucher,CounterTerrorist,2440,2032,123.4813,P2000,100,0,0,0,0,False,False,False,255.5859,4.21875
kucher,CounterTerrorist,2440,2032,123.4813,P2000,100,0,0,0,0,False,False,False,255.5859,4.21875
kucher,CounterTerrorist,2440,2032,123.4813,P2000,100,0,0,0,0,False,False,False,255.5859,4.21875
kucher,CounterTerrorist,2440,2032,123.4813,P2000,100,0,0,0,0,False,False,False,255.5859,4.21875
kucher,CounterTerrorist,2440,2032,123.4813,M4A1,100,100,0,0,0,False,True,True,255.5859,4.21875
kucher,CounterTerrorist,2440,2032,123.4813,M4A1,100,100,0,0,0,False,True,True,255.5859,4.21875
kucher,CounterTerrorist,2440,2032,123.4813,M4A1,100,100,0,0,0,False,True,True,255.5859,4.21875
kucher,CounterTerrorist,2440,2032,123.4813,M4A1,100,100,0,0,0,False,True,True,256.2891,4.21875
kucher,CounterTerrorist,2440,2032,123.4813,M4A1,100,100,0,0,0,False,True,True,256.9922,3.515625
kucher,CounterTerrorist,2440,2032,123.4813,M4A1,100,100,0,0,0,False,True,True,258.0469,2.8125
kucher,CounterTerrorist,2440,2032,123.4813,M4A1,100,100,0,0,0,False,True,True,258.0469,2.8125
kucher,CounterTerrorist,2440,2032,123.4813,M4A1,100,100,0,0,0,False,True,True,258.0469,2.8125
kucher,CounterTerrorist,2440,2032,123.4813,M4A1,100,100,0,0,0,False,True,True,258.0469,2.8125
kucher,CounterTerrorist,2440,2032,123.4813,M4A1,100,100,0,0,0,False,True,True,258.0469,2.8125
kucher,CounterTerrorist,2440,2032,123.4813,M4A1,100,100,0,0,0,False,True,True,258.0469,2.8125
kucher,CounterTerrorist,2440,2032,123.4813,M4A1,100,100,0,0,0,False,True,True,258.0469,2.8125
kucher,CounterTerrorist,2440,2032,123.4813,M4A1,100,100,0,0,0,False,True,True,259.1016,1.054688
kucher,CounterTerrorist,2440,2032,123.4813,M4A1,100,100,0,0,0,False,True,True,259.1016,0.703125
kucher,CounterTerrorist,2440,2032,123.4813,M4A1,100,100,0,0,0,False,True,True,259.1016,0.703125
kucher,CounterTerrorist,2440,2032,123.4813,M4A1,100,100,0,0,0,False,True,True,259.1016,0.703125
kucher,CounterTerrorist,2440,2032,123.4813,M4A1,100,100,0,0,0,False,True,True,259.1016,0.703125
kucher,CounterTerrorist,2440,2032,123.4813,M4A1,100,100,0,0,0,False,True,True,259.1016,0.703125
kucher,CounterTerrorist,2440,2032,123.4813,M4A1,100,100,0,0,0,False,True,True,259.1016,0.703125
kucher,CounterTerrorist,2440,2032,123.4813,M4A1,100,100,0,0,0,False,True,True,259.1016,0.703125
kucher,CounterTerrorist,2440,2032,123.4813,M4A1,100,100,0,0,0,False,True,True,259.1016,0.703125
kucher,CounterTerrorist,2440,2032,123.4813,M4A1,100,100,0,0,0,False,True,True,259.1016,0.703125
kucher,CounterTerrorist,2440,2032,123.4813,M4A1,100,100,0,0,0,False,True,True,259.1016,0.703125
kucher,CounterTerrorist,2440,2032,123.4813,M4A1,100,100,0,0,0,False,True,True,259.1016,0.703125
kucher,CounterTerrorist,2440,2032,123.4813,M4A1,100,100,0,0,0,False,True,True,259.1016,0.703125
kucher,CounterTerrorist,2440,2032,123.4813,M4A1,100,100,0,0,0,False,True,True,259.1016,0.703125
kucher,CounterTerrorist,2440,2032,123.4813,M4A1,100,100,0,0,0,False,True,True,259.1016,0.703125
kucher,CounterTerrorist,2440,2032,123.4813,M4A1,100,100,0,0,0,False,True,True,259.1016,0.703125
kucher,CounterTerrorist,2440,2032,123.4813,M4A1,100,100,0,0,0,False,True,True,259.1016,0.703125
kucher,CounterTerrorist,2440,2032,123.4813,M4A1,100,100,0,0,0,False,True,True,259.1016,0.703125
kucher,CounterTerrorist,2440,2032,123.4813,M4A1,100,100,0,0,0,False,True,True,259.1016,0.703125
kucher,CounterTerrorist,2440,2032,123.4813,M4A1,100,100,0,0,0,False,True,True,259.1016,0.703125
kucher,CounterTerrorist,2440,2032,123.4813,M4A1,100,100,0,0,0,False,True,True,259.1016,0.703125
kucher,CounterTerrorist,2440,2032,123.4813,M4A1,100,100,0,0,0,False,True,True,259.1016,0.703125
kucher,CounterTerrorist,2440,2032,123.4813,M4A1,100,100,0,0,0,False,True,True,259.1016,0.703125
kucher,CounterTerrorist,2440,2032,123.4813,M4A1,100,100,0,0,0,False,True,True,259.1016,0.703125
kucher,CounterTerrorist,2440,2032,123.4813,M4A1,100,100,0,0,0,False,True,True,259.1016,0.703125
kucher,CounterTerrorist,2440,2032,123.4813,M4A1,100,100,0,0,0,False,True,True,259.1016,0.703125
kucher,CounterTerrorist,2440,2032,123.4813,M4A1,100,100,0,0,0,False,True,True,259.1016,0.703125
kucher,CounterTerrorist,2440,2032,123.4813,M4A1,100,100,0,0,0,False,True,True,259.1016,0.703125
kucher,CounterTerrorist,2440,2032,123.4813,M4A1,100,100,0,0,0,False,True,True,259.1016,0.703125
kucher,CounterTerrorist,2440,2032,123.4813,M4A1,100,100,0,0,0,False,True,True,259.1016,0.703125
kucher,CounterTerrorist,2440,2032,123.4813,M4A1,100,100,0,0,0,False,True,True,259.1016,0.703125
kucher,CounterTerrorist,2440,2032,123.4813,M4A1,100,100,0,0,0,False,True,True,259.1016,0.703125
kucher,CounterTerrorist,2440,2032,123.4813,M4A1,100,100,0,0,0,False,True,True,259.1016,0.703125
kucher,CounterTerrorist,2440,2032,123.4813,M4A1,100,100,0,0,0,False,True,True,259.1016,0.703125
kucher,CounterTerrorist,2440,2032,123.4813,M4A1,100,100,0,0,0,False,True,True,259.1016,0.703125
kucher,CounterTerrorist,2440,2032,123.4813,M4A1,100,100,0,0,0,False,True,True,259.1016,0.703125
kucher,CounterTerrorist,2440,2032,123.4813,M4A1,100,100,0,0,0,False,True,True,259.1016,0.703125
kucher,CounterTerrorist,2440,2032,123.4813,M4A1,100,100,0,0,0,False,True,True,259.1016,0.703125
kucher,CounterTerrorist,2440,2032,123.4813,M4A1,100,100,0,0,0,False,True,True,259.1016,0.703125
kucher,CounterTerrorist,2440,2032,123.4813,M4A1,100,100,0,0,0,False,True,True,259.1016,0.703125
kucher,CounterTerrorist,2440,2032,123.4813,M4A1,100,100,0,0,0,False,True,True,259.1016,0.703125
kucher,CounterTerrorist,2440,2032,123.4813,M4A1,100,100,0,0,0,False,True,True,259.1016,0.703125
kucher,CounterTerrorist,2440,2032,123.4813,M4A1,100,100,0,0,0,False,True,True,259.1016,0.703125
kucher,CounterTerrorist,2440,2032,123.4813,M4A1,100,100,0,0,0,False,True,True,259.1016,0.703125
kucher,CounterTerrorist,2440,2032,123.4813,M4A1,100,100,0,0,0,False,True,True,259.1016,0.703125
kucher,CounterTerrorist,2440,2032,123.4813,M4A1,100,100,0,0,0,False,True,True,259.1016,0.703125
kucher,CounterTerrorist,2440,2032,123.4813,M4A1,100,100,0,0,0,False,True,True,259.1016,0.703125
kucher,CounterTerrorist,2440,2032,123.4813,M4A1,100,100,0,0,0,False,True,True,259.1016,0.703125
kucher,CounterTerrorist,2440,2032,123.4813,M4A1,100,100,0,0,0,False,True,True,259.1016,0.703125
kucher,CounterTerrorist,2440,2032,123.4813,M4A1,100,100,0,0,0,False,True,True,259.1016,0.703125
kucher,CounterTerrorist,2440,2032,123.4813,M4A1,100,100,0,0,0,False,True,True,259.1016,0.703125
kucher,CounterTerrorist,2440,2032,123.4813,M4A1,100,100,0,0,0,False,True,True,259.1016,0.703125
kucher,CounterTerrorist,2440,2032,123.4813,M4A1,100,100,0,0,0,False,True,True,259.1016,0.703125
kucher,CounterTerrorist,2440,2032,123.4813,M4A1,100,100,0,0,0,False,True,True,259.1016,0.703125
kucher,CounterTerrorist,2440,2032,123.4813,M4A1,100,100,0,0,0,False,True,True,259.1016,0.703125
kucher,CounterTerrorist,2440,2032,123.4813,M4A1,100,100,0,0,0,False,True,True,259.1016,0.703125
kucher,CounterTerrorist,2440,2032,123.4813,M4A1,100,100,0,0,0,False,True,True,259.1016,0.703125
kucher,CounterTerrorist,2440,2032,123.4813,M4A1,100,100,0,0,0,False,True,True,259.1016,0.703125
kucher,CounterTerrorist,2440,2032,123.4813,M4A1,100,100,0,0,0,False,True,True,259.1016,0.703125
kucher,CounterTerrorist,2440,2032,123.4813,M4A1,100,100,0,0,0,False,True,True,259.1016,0.703125
kucher,CounterTerrorist,2440,2032,123.4813,M4A1,100,100,0,0,0,False,True,True,259.1016,0.703125
kucher,CounterTerrorist,2440,2032,123.4813,M4A1,100,100,0,0,0,False,True,True,259.1016,0.703125
kucher,CounterTerrorist,2440,2032,123.4813,M4A1,100,100,0,0,0,False,True,True,259.1016,0.703125
kucher,CounterTerrorist,2440,2032,123.4813,M4A1,100,100,0,0,0,False,True,True,259.1016,0.703125
kucher,CounterTerrorist,2440,2032,123.4813,M4A1,100,100,0,0,0,False,True,True,259.1016,0.703125
kucher,CounterTerrorist,2440,2032,123.4813,M4A1,100,100,0,0,0,False,True,True,259.1016,0.703125
kucher,CounterTerrorist,2440,2032,123.4813,M4A1,100,100,0,0,0,False,True,True,259.1016,0.703125
kucher,CounterTerrorist,2440,2032,123.4813,M4A1,100,100,0,0,0,False,True,True,259.1016,0.703125
kucher,CounterTerrorist,2440,2032,123.4813,M4A1,100,100,0,0,0,False,True,True,259.1016,0.703125
kucher,CounterTerrorist,2440,2032,123.4813,M4A1,100,100,0,0,0,False,True,True,259.1016,0.703125
kucher,CounterTerrorist,2440,2032,123.4813,M4A1,100,100,0,0,0,False,True,True,259.1016,0.703125
kucher,CounterTerrorist,2440,2032,123.4813,M4A1,100,100,0,0,0,False,True,True,259.1016,0.703125
kucher,CounterTerrorist,2440,2032,123.4813,M4A1,100,100,0,0,0,False,True,True,259.1016,0.703125
kucher,CounterTerrorist,2440,2032,123.4813,M4A1,100,100,0,0,0,False,True,True,259.1016,0.703125
kucher,CounterTerrorist,2440,2032,123.4813,M4A1,100,100,0,0,0,False,True,True,259.1016,0.703125
kucher,CounterTerrorist,2440,2032,123.4813,M4A1,100,100,0,0,0,False,True,True,259.1016,0.703125
kucher,CounterTerrorist,2440,2032,123.4813,M4A1,100,100,0,0,0,False,True,True,259.1016,0.703125
kucher,CounterTerrorist,2440,2032,123.4813,M4A1,100,100,0,0,0,False,True,True,259.1016,0.703125
kucher,CounterTerrorist,2440,2032,123.4813,M4A1,100,100,0,0,0,False,True,True,259.1016,0.703125
kucher,CounterTerrorist,2440,2032,123.4813,M4A1,100,100,0,0,0,False,True,True,259.1016,0.703125
kucher,CounterTerrorist,2440,2032,123.4813,M4A1,100,100,0,0,0,False,True,True,259.1016,0.703125
kucher,CounterTerrorist,2440,2032,123.4813,M4A1,100,100,0,0,0,False,True,True,259.1016,0.703125
kucher,CounterTerrorist,2440,2032,123.4813,M4A1,100,100,0,0,0,False,True,True,259.1016,0.703125
kucher,CounterTerrorist,2440,2032,123.4813,M4A1,100,100,0,0,0,False,True,True,259.1016,0.703125
kucher,CounterTerrorist,2440,2032,123.4813,M4A1,100,100,0,0,0,False,True,True,259.1016,0.703125
kucher,CounterTerrorist,2440,2032,123.4813,M4A1,100,100,0,0,0,False,True,True,259.1016,0.703125
kucher,CounterTerrorist,2440,2032,123.4813,M4A1,100,100,0,0,0,False,True,True,259.1016,0.703125
kucher,CounterTerrorist,2440,2032,123.4813,M4A1,100,100,0,0,0,False,True,True,259.1016,0.703125
kucher,CounterTerrorist,2440,2032,123.4813,M4A1,100,100,0,0,0,False,True,True,259.1016,0.703125
kucher,CounterTerrorist,2440,2032,123.4813,M4A1,100,100,0,0,0,False,True,True,259.1016,0.703125
kucher,CounterTerrorist,2440,2032,123.4813,M4A1,100,100,0,0,0,False,True,True,259.1016,0.703125
kucher,CounterTerrorist,2440,2032,123.4813,M4A1,100,100,0,0,0,False,True,True,259.1016,0.703125
kucher,CounterTerrorist,2440,2032,123.4813,M4A1,100,100,0,0,0,False,True,True,259.1016,0.703125
kucher,CounterTerrorist,2440,2032,123.4813,M4A1,100,100,0,0,0,False,True,True,259.1016,0.703125
kucher,CounterTerrorist,2440,2032,123.4813,M4A1,100,100,0,0,0,False,True,True,259.1016,0.703125
kucher,CounterTerrorist,2440,2032,123.4813,M4A1,100,100,0,0,0,False,True,True,259.1016,0.703125
kucher,CounterTerrorist,2440,2032,123.4813,M4A1,100,100,0,0,0,False,True,True,259.1016,0.703125
kucher,CounterTerrorist,2440,2032,123.4813,M4A1,100,100,0,0,0,False,True,True,259.1016,0.703125
kucher,CounterTerrorist,2440,2032,123.4813,M4A1,100,100,0,0,0,False,True,True,259.1016,0.703125
kucher,CounterTerrorist,2440,2032,123.4813,M4A1,100,100,0,0,0,False,True,True,259.1016,0.703125
kucher,CounterTerrorist,2440,2032,123.4813,M4A1,100,100,0,0,0,False,True,True,259.1016,0.703125
kucher,CounterTerrorist,2440,2032,123.4813,M4A1,100,100,0,0,0,False,True,True,259.1016,0.703125
kucher,CounterTerrorist,2440,2032,123.4813,M4A1,100,100,0,0,0,False,True,True,259.1016,0.703125
kucher,CounterTerrorist,2440,2032,123.4813,M4A1,100,100,0,0,0,False,True,True,259.1016,0.703125
kucher,CounterTerrorist,2440,2032,123.4813,M4A1,100,100,0,0,0,False,True,True,259.1016,0.703125
kucher,CounterTerrorist,2440,2032,123.4813,M4A1,100,100,0,0,0,False,True,True,259.1016,0.703125
kucher,CounterTerrorist,2440,2032,123.4813,M4A1,100,100,0,0,0,False,True,True,259.1016,0.703125
kucher,CounterTerrorist,2440,2032,123.4813,M4A1,100,100,0,0,0,False,True,True,259.1016,0.703125
kucher,CounterTerrorist,2440,2032,123.4813,M4A1,100,100,0,0,0,False,True,True,259.1016,0.703125
kucher,CounterTerrorist,2440,2032,123.4813,M4A1,100,100,0,0,0,False,True,True,259.1016,0.703125
kucher,CounterTerrorist,2440,2032,123.4813,M4A1,100,100,0,0,0,False,True,True,259.1016,0.703125
kucher,CounterTerrorist,2440,2032,123.4813,M4A1,100,100,0,0,0,False,True,True,259.1016,0.703125
kucher,CounterTerrorist,2440,2032,123.4813,M4A1,100,100,0,0,0,False,True,True,259.1016,0.703125
kucher,CounterTerrorist,2440,2032,123.4813,M4A1,100,100,0,0,0,False,True,True,259.1016,0.703125
kucher,CounterTerrorist,2440,2032,123.4813,M4A1,100,100,0,0,0,False,True,True,259.1016,0.703125
kucher,CounterTerrorist,2440,2032,123.4813,M4A1,100,100,0,0,0,False,True,True,259.1016,0.703125
kucher,CounterTerrorist,2440,2032,123.4813,M4A1,100,100,0,0,0,False,True,True,259.1016,0.703125
kucher,CounterTerrorist,2440,2032,123.4813,M4A1,100,100,0,0,0,False,True,True,259.1016,0.703125
kucher,CounterTerrorist,2440,2032,123.4813,M4A1,100,100,0,0,0,False,True,True,259.1016,0.703125
kucher,CounterTerrorist,2439.88,2031.374,123.469,M4A1,100,100,-5.82643,-30.38391,0,False,True,True,259.1016,0.703125
kucher,CounterTerrorist,2439.144,2027.535,123.3936,M4A1,100,100,-16.38352,-85.43746,0,False,True,True,259.1016,0.703125
kucher,CounterTerrorist,2437.996,2021.549,123.2762,M4A1,100,100,-24.14258,-125.8997,0,False,True,True,259.1016,0.703125
kucher,CounterTerrorist,2435.997,2011.121,123.1417,M4A1,100,100,-31.50471,-164.292,0,False,True,True,259.1016,0.703125
kucher,CounterTerrorist,2434.137,2001.424,123.1791,M4A1,100,100,-35.7141,-186.2433,0,False,True,True,259.1016,0.703125
kucher,CounterTerrorist,2431.462,1987.474,123.2337,M4A1,100,100,-39.70816,-207.0717,0,False,True,True,259.1016,0.703125
kucher,CounterTerrorist,2429.216,1975.763,123.2934,M4A1,100,100,-42.03262,-218.9728,0,False,True,True,259.1016,0.703125
kucher,CounterTerrorist,2426.223,1960.233,123.2738,M4A1,100,100,-42.73807,-220.9037,0,False,True,True,258.75,0
kucher,CounterTerrorist,2423.394,1945.8,123.3915,Knife,100,100,-47.14454,-237.9315,0,False,True,True,258.0469,0.3515625
kucher,CounterTerrorist,2420.319,1930.577,123.3358,Knife,100,100,-50.4009,-244.8668,0,False,True,True,256.6406,2.109375
kucher,CounterTerrorist,2417.076,1915.293,123.2699,Knife,100,100,-53.00038,-244.3173,0,False,True,True,255.9375,4.21875
kucher,CounterTerrorist,2413.686,1900.04,123.4703,Knife,100,100,-55.10159,-243.852,0,False,True,True,255.9375,5.625
kucher,CounterTerrorist,2410.635,1886.713,124.1028,Knife,100,100,-56.25254,-243.5891,0,False,True,True,255.9375,5.976563
kucher,CounterTerrorist,2406.632,1869.597,125.0537,Knife,100,100,-57.40733,-243.3195,0,False,True,True,255.9375,5.625
kucher,CounterTerrorist,2403.017,1854.396,125.8381,Knife,100,100,-58.13646,-243.1463,0,False,True,True,255.9375,5.273438
kucher,CounterTerrorist,2399.376,1839.201,126.8326,Knife,100,100,-58.12364,-243.1494,0,False,True,True,257.3438,4.570313
kucher,CounterTerrorist,2395.878,1823.973,127.92,Knife,100,100,-52.76955,-244.3673,0,False,True,True,264.375,4.570313
kucher,CounterTerrorist,2391.952,1808.87,128.993,Knife,100,100,-79.66105,-236.9686,0,False,True,True,270.7031,3.867188
kucher,CounterTerrorist,2385.841,1794.501,129.8891,Knife,100,100,-110.1535,-224.4241,0,False,True,True,270.7031,3.867188
kucher,CounterTerrorist,2378.191,1780.884,141.5938,Knife,100,100,-130.7601,-213.077,0,False,True,True,270.7031,3.867188
kucher,CounterTerrorist,2369.503,1767.901,148.0856,Knife,100,100,-144.6391,-203.9106,0,False,True,True,270.7031,3.867188
kucher,CounterTerrorist,2361.176,1754.752,154.66,Knife,100,100,-116.4512,-220.347,0,False,True,True,270.7031,3.867188
kucher,CounterTerrorist,2355.093,1740.378,160.0313,Knife,100,100,-83.51092,-235.6394,0,False,True,True,270.7031,3.867188
kucher,CounterTerrorist,2350.791,1725.364,160.0313,Knife,100,100,-58.53278,-243.0513,0,False,True,True,270.7031,3.867188
kucher,CounterTerrorist,2347.809,1710.029,160.0313,Knife,100,100,-40.03834,-246.773,0,False,True,True,271.4063,3.867188
kucher,CounterTerrorist,2345.813,1694.534,160.0313,Knife,100,100,-26.34109,-248.6084,0,False,True,True,271.4063,3.867188
kucher,CounterTerrorist,2344.529,1678.963,160.0313,Knife,100,100,-16.48568,-249.4558,0,False,True,True,271.7578,3.867188
kucher,CounterTerrorist,2343.569,1663.391,160.0313,Knife,100,100,-25.06672,-247.0023,0,False,True,True,271.7578,3.867188
kucher,CounterTerrorist,2340.321,1648.279,160.0313,Knife,100,100,-70.75708,-238.2278,0,False,True,True,272.4609,4.21875
kucher,CounterTerrorist,2335.077,1633.574,160.0313,Knife,100,100,-79.62309,-236.9814,0,False,True,True,273.5156,4.21875
kucher,CounterTerrorist,2331.136,1618.463,160.0313,Knife,100,100,-51.11794,-244.7181,0,False,True,True,274.9219,4.570313
kucher,CounterTerrorist,2328.746,1603.027,160.0313,Knife,100,100,-29.09123,-248.3016,0,False,True,True,275.9766,4.570313
kucher,CounterTerrorist,2327.539,1587.452,160.0313,Knife,100,100,-12.50154,-249.6872,0,False,True,True,276.3281,4.570313
kucher,CounterTerrorist,2328.325,1572.23,160.0313,Knife,100,100,39.52523,-235.8156,0,False,True,True,277.0313,4.570313
kucher,CounterTerrorist,2332.657,1558.063,160.0313,Knife,100,100,90.51237,-219.8806,0,False,True,True,279.1406,4.570313
kucher,CounterTerrorist,2339.764,1544.851,160.0313,Knife,100,100,130.5439,-204.6257,0,False,True,True,283.3594,5.273438
kucher,CounterTerrorist,2349.128,1532.676,160.0313,Knife,100,100,164.0919,-186.4989,0,False,True,True,290.3906,6.679688
kucher,CounterTerrorist,2360.369,1521.857,160.0313,Knife,100,100,190.8887,-161.4357,0,False,True,True,298.4766,8.085938
kucher,CounterTerrorist,2373.046,1512.743,160.0313,Knife,100,100,211.1837,-133.7962,0,False,True,True,303.75,8.789063
kucher,CounterTerrorist,2386.773,1505.297,160.0313,Knife,100,100,225.3409,-108.2658,0,False,True,True,306.2109,9.140625
kucher,CounterTerrorist,2401.185,1499.272,160.0313,Knife,100,100,233.9833,-88.04435,0,False,True,True,306.2109,9.140625
kucher,CounterTerrorist,2415.999,1494.311,160.0313,Knife,100,100,239.0012,-73.33768,0,False,True,True,306.2109,9.140625
kucher,CounterTerrorist,2431.049,1490.116,160.0313,Knife,100,100,241.9728,-62.84226,0,False,True,True,306.2109,9.140625
kucher,CounterTerrorist,2446.216,1486.394,160.0313,Knife,100,100,240.8865,-63.16087,0,False,True,True,306.2109,9.140625
kucher,CounterTerrorist,2460.612,1480.784,160.0313,Knife,100,100,222.948,-108.4233,0,False,True,True,306.2109,9.140625
kucher,CounterTerrorist,2474.009,1472.817,160.0313,Knife,100,100,207.0858,-140.0552,0,False,True,True,306.2109,9.140625
kucher,CounterTerrorist,2486.4,1463.31,160.0313,Knife,100,100,191.8688,-160.2696,0,False,True,True,306.2109,9.140625
kucher,CounterTerrorist,2497.953,1452.794,160.0313,Knife,100,100,179.8493,-173.6498,0,False,True,True,306.2109,9.140625
kucher,CounterTerrorist,2508.862,1441.609,160.0313,Knife,100,100,170.7497,-182.6049,0,False,True,True,305.8594,9.140625
kucher,CounterTerrorist,2519.255,1429.944,160.0313,Knife,100,100,162.7273,-189.7889,0,False,True,True,303.3984,8.789063
kucher,CounterTerrorist,2529.031,1417.758,160.0313,Knife,100,100,150.3206,-199.7591,0,False,True,True,293.9063,8.085938
kucher,CounterTerrorist,2537.688,1404.761,160.0313,Knife,100,100,127.5361,-215.0222,0,False,True,True,279.4922,7.03125
kucher,CounterTerrorist,2544.481,1390.708,160.0313,Knife,100,100,92.34439,-232.3198,0,False,True,True,263.6719,5.976563
kucher,CounterTerrorist,2548.818,1375.717,160.0313,Knife,100,100,51.73196,-244.5891,0,False,True,True,255.9375,5.976563
kucher,CounterTerrorist,2550.843,1360.234,160.0313,Knife,100,100,18.86771,-249.287,0,False,True,True,255.9375,5.976563
kucher,CounterTerrorist,2551.186,1346.571,160.0313,Knife,100,100,-2.279296,-249.9896,0,False,True,True,255.9375,5.976563
kucher,CounterTerrorist,2550.229,1329.023,160.0313,Knife,100,100,-21.54488,-249.0699,0,False,True,True,255.9375,5.976563
kucher,CounterTerrorist,2548.449,1313.501,160.0313,Knife,100,100,-33.26651,-247.7768,0,False,True,True,255.9375,5.976563
kucher,CounterTerrorist,2546.075,1298.058,160.0313,Knife,100,100,-41.17945,-246.5852,0,False,True,True,255.9375,5.976563
kucher,CounterTerrorist,2543.667,1284.6,160.0313,Knife,100,100,-45.97537,-245.7362,0,False,True,True,255.9375,5.976563
kucher,CounterTerrorist,2540.253,1267.357,160.0313,Knife,100,100,-50.42235,-244.8624,0,False,True,True,255.5859,5.976563
kucher,CounterTerrorist,2537.033,1252.074,160.0313,Knife,100,100,-44.46151,-245.3953,0,False,True,True,250.6641,5.625
kucher,CounterTerrorist,2535.779,1236.543,160.0313,Knife,100,100,-4.463135,-249.9602,0,False,True,True,243.2813,5.273438
kucher,CounterTerrorist,2535.885,1220.937,160.0313,Knife,100,100,-9.192428,-248.9825,0,False,True,True,235.1953,4.570313
kucher,CounterTerrorist,2534.096,1207.458,160.0313,Knife,100,100,-49.6436,-244.0947,0,False,True,True,229.2188,4.21875
kucher,CounterTerrorist,2528.834,1190.722,160.0313,Knife,100,100,-93.19479,-231.98,0,False,True,True,224.2969,3.515625
kucher,CounterTerrorist,2521.949,1176.707,160.0313,Knife,100,100,-122.0818,-218.1652,0,False,True,True,222.1875,3.164063
kucher,CounterTerrorist,2513.538,1163.546,160.0313,Knife,100,100,-143.3017,-204.8527,0,False,True,True,220.7813,2.8125
kucher,CounterTerrorist,2505.254,1152.673,160.0313,Knife,100,100,-157.1398,-194.4404,0,False,True,True,219.375,2.460938
kucher,CounterTerrorist,2493.643,1139.48,160.0313,Knife,100,100,-171.0415,-182.3316,0,False,True,True,216.9141,1.757813
kucher,CounterTerrorist,2482.515,1128.56,160.0313,Knife,100,100,-186.9529,-161.443,0,False,True,True,215.1563,1.054688
kucher,CounterTerrorist,2469.86,1120.52,160.0313,Knife,100,100,-213.3808,-105.6208,0,False,True,True,215.1563,1.054688
kucher,CounterTerrorist,2455.809,1115.428,160.0313,Knife,100,100,-232.8485,-64.51622,0,False,True,True,215.1563,1.054688
kucher,CounterTerrorist,2440.729,1112.502,160.0313,Knife,100,100,-247.2124,-34.38269,0,False,True,True,215.1563,0.703125
kucher,CounterTerrorist,2425.146,1112.172,160.0313,Knife,100,100,-249.4615,0.3212576,0,False,True,True,215.1563,0.703125
kucher,CounterTerrorist,2409.667,1111.741,158.2745,Knife,100,100,-246.416,-18.28002,0,False,True,True,215.1563,0.703125
kucher,CounterTerrorist,2396.258,1109.596,157.0283,Knife,100,100,-244.1972,-53.55123,0,False,True,True,215.1563,0.703125
kucher,CounterTerrorist,2379.437,1104.533,155.9439,Knife,100,100,-235.1631,-84.84301,0,False,True,True,215.1563,0.703125
kucher,CounterTerrorist,2365.012,1098.537,155.0196,Knife,100,100,-227.555,-103.5312,0,False,True,True,215.5078,0.703125
kucher,CounterTerrorist,2351.019,1091.59,154.1068,Knife,100,100,-221.2578,-116.383,0,False,True,True,215.5078,0.703125
kucher,CounterTerrorist,2339.059,1084.967,152.9823,Knife,100,100,-216.9493,-124.2296,0,False,True,True,215.5078,0.703125
kucher,CounterTerrorist,2323.967,1075.955,151.5038,Knife,100,100,-213.0027,-130.881,0,False,True,True,215.5078,0.703125
kucher,CounterTerrorist,2312.383,1068.694,150.3526,Knife,100,100,-211.1759,-133.8085,0,False,True,True,214.1016,1.40625
kucher,CounterTerrorist,2297.574,1059.223,148.8577,Knife,100,100,-210.2959,-135.1874,0,False,True,True,213.3984,2.460938
kucher,CounterTerrorist,2284.447,1050.749,148.0785,Knife,100,100,-209.8573,-135.8672,0,False,True,True,213.3984,2.460938
kucher,CounterTerrorist,2271.343,1042.239,148.1606,Knife,100,100,-209.5332,-136.3665,0,False,True,True,213.3984,2.460938
kucher,CounterTerrorist,2259.891,1034.771,148.5554,Knife,100,100,-209.32,-136.6936,0,False,True,True,213.3984,2.460938
kucher,CounterTerrorist,2245.181,1025.147,149.3855,Knife,100,100,-209.1172,-137.0036,0,False,True,True,213.3984,2.460938
kucher,CounterTerrorist,2233.053,1015.541,150.2662,Knife,100,100,-178.8535,-170.0452,0,False,True,True,209.1797,2.460938
kucher,CounterTerrorist,2222.72,1003.923,151.036,Knife,100,100,-156.3575,-195.0701,0,False,True,True,201.0938,0.703125
kucher,CounterTerrorist,2213.411,991.3957,151.7085,Knife,100,100,-139.7138,-205.0738,0,False,True,True,191.25,358.5938
kucher,CounterTerrorist,2206.463,977.7751,152.2387,Knife,100,100,-92.14465,-227.1056,0,False,True,True,186.6797,358.5938
kucher,CounterTerrorist,2201.958,963.2,152.6205,P2000,100,100,-57.11374,-233.1052,0,False,True,True,186.3281,358.5938
kucher,CounterTerrorist,2199.535,950.3049,152.8593,P2000,100,100,-35.58613,-237.3471,0,False,True,True,185.9766,358.5938
kucher,CounterTerrorist,2197.847,933.519,153.3612,P2000,100,100,-15.8716,-239.4746,0,False,True,True,185.9766,358.5938
kucher,CounterTerrorist,2197.302,918.1716,153.8712,Knife,100,100,-3.648838,-249.9734,0,False,True,True,186.3281,358.5938
kucher,CounterTerrorist,2197.491,902.5494,154.2985,Knife,100,100,9.098573,-249.8344,0,False,True,True,192.3047,358.9453
kucher,CounterTerrorist,2198.651,887.3624,154.5934,M4A1,100,100,23.8203,-223.7355,0,False,True,True,201.0938,359.6484
kucher,CounterTerrorist,2200.591,875.1208,154.6998,Knife,100,100,45.2593,-226.4571,0,False,True,True,207.4219,359.6484
kucher,CounterTerrorist,2204.895,858.8416,154.6458,Knife,100,100,73.18198,-234.8183,0,False,True,True,210.2344,358.9453
kucher,CounterTerrorist,2209.545,845.574,154.4548,M4A1,100,100,81.5771,-209.6907,0,False,True,True,213.3984,358.5938
kucher,CounterTerrorist,2215.207,832.7059,154.1274,M4A1,100,100,97.90385,-202.5829,0,False,True,True,219.375,0.3515625
kucher,CounterTerrorist,2221.293,820.0343,153.7421,M4A1,100,100,88.34943,-206.9284,0,False,True,True,231.6797,2.8125
kucher,CounterTerrorist,2225.636,808.5665,153.5371,M4A1,100,100,66.4858,-211.8047,0,False,True,True,244.3359,3.867188
kucher,CounterTerrorist,2228.291,793.318,153.4567,M4A1,100,100,17.66272,-220.6421,0,False,True,True,247.5,3.867188
kucher,CounterTerrorist,2228.26,779.3383,153.4477,M4A1,100,100,-13.15514,-224.6151,0,False,True,True,247.5,3.867188
kucher,CounterTerrorist,2226.635,765.3756,153.6577,M4A1,100,100,-34.61575,-222.3213,0,False,True,True,247.5,3.867188
kucher,CounterTerrorist,2224.291,753.2982,153.9323,M4A1,100,100,-48.43198,-219.7256,0,False,True,True,247.5,3.867188
kucher,CounterTerrorist,2220.373,737.9729,154.397,M4A1,100,100,-60.81115,-216.6264,0,False,True,True,247.5,3.867188
kucher,CounterTerrorist,2216.306,724.5118,154.8824,M4A1,100,100,-67.88627,-214.5145,0,False,True,True,247.8516,3.867188
kucher,CounterTerrorist,2212.46,712.8236,155.3426,M4A1,100,100,-71.93302,-213.1916,0,False,True,True,248.2031,3.867188
kucher,CounterTerrorist,2207.255,697.8843,155.9667,M4A1,100,100,-75.50533,-211.9527,0,False,True,True,248.2031,3.867188
kucher,CounterTerrorist,2202.456,684.6661,156.5427,M4A1,100,100,-77.68372,-211.164,0,False,True,True,248.2031,3.867188
kucher,CounterTerrorist,2197.542,671.4898,157.1328,M4A1,100,100,-79.2422,-210.5841,0,False,True,True,248.2031,3.867188
kucher,CounterTerrorist,2192.549,658.3437,160.0313,M4A1,100,100,-80.34592,-210.1655,0,False,True,True,248.2031,4.570313
kucher,CounterTerrorist,2187.5,645.219,160.0313,M4A1,100,100,-81.10209,-209.8748,0,False,True,True,248.2031,4.921875
kucher,CounterTerrorist,2182.413,632.1088,160.0313,M4A1,100,100,-81.59169,-209.685,0,False,True,True,248.2031,5.273438
kucher,CounterTerrorist,2177.301,619.0082,160.0313,M4A1,100,100,-81.89484,-209.5668,0,False,True,True,248.5547,5.976563
kucher,CounterTerrorist,2172.819,607.5487,160.0313,M4A1,100,100,-81.98573,-209.5312,0,False,True,True,248.5547,5.976563
kucher,CounterTerrorist,2167.051,592.8174,160.0313,M4A1,100,100,-82.07197,-209.4975,0,False,True,True,248.5547,5.976563
kucher,CounterTerrorist,2161.92,579.7245,160.0313,M4A1,100,100,-82.10382,-209.485,0,False,True,True,248.5547,5.625
kucher,CounterTerrorist,2156.6,566.1602,160.0313,Knife,100,100,-87.92459,-224.0124,0,False,True,True,248.5547,5.625
kucher,CounterTerrorist,2150.943,551.7582,160.0313,Knife,100,100,-91.43794,-232.6781,0,False,True,True,248.5547,5.625
kucher,CounterTerrorist,2145.224,537.2173,160.0313,Knife,100,100,-91.56092,-232.6297,0,False,True,True,248.2031,5.625
kucher,CounterTerrorist,2139.492,522.6816,160.0313,Knife,100,100,-91.85327,-232.5145,0,False,True,True,248.2031,5.976563
kucher,CounterTerrorist,2133.732,508.1569,160.0313,Knife,100,100,-92.46336,-232.2725,0,False,True,True,247.5,6.679688
kucher,CounterTerrorist,2127.915,493.6553,160.0313,Knife,100,100,-93.65269,-231.7955,0,False,True,True,246.7969,8.085938
kucher,CounterTerrorist,2122.013,479.1881,160.0313,Knife,100,100,-95.00005,-231.2466,0,False,True,True,246.7969,9.492188
kucher,CounterTerrorist,2116.05,464.7456,160.0313,Knife,100,100,-95.66203,-230.9735,0,False,True,True,247.1484,9.492188
kucher,CounterTerrorist,2110.054,450.3167,160.0313,Knife,100,100,-96.11988,-230.7834,0,False,True,True,247.1484,9.492188
kucher,CounterTerrorist,2104.792,437.6985,160.0313,Knife,100,100,-96.14592,-230.7725,0,False,True,True,248.2031,9.84375
kucher,CounterTerrorist,2098.951,423.2069,160.0313,Knife,100,100,-89.46631,-233.4433,0,False,True,True,257.6953,11.95313
kucher,CounterTerrorist,2092.898,406.7035,175.1794,Knife,100,100,-85.86539,-234.7917,255.1184,False,True,True,262.9688,14.41406
kucher,CounterTerrorist,2088.069,393.8993,187.9349,Knife,100,100,-98.24543,-231.3675,211.3684,False,True,True,253.8281,13.00781
kucher,CounterTerrorist,2079.598,378.2018,200.8193,Knife,100,100,-136.2758,-216.4922,155.1184,False,True,True,244.6875,12.30469
kucher,CounterTerrorist,2070.328,365.066,208.9517,P2000,100,100,-156.5557,-205.5328,105.1184,False,True,True,239.4141,12.30469
kucher,CounterTerrorist,2059.958,352.5925,213.9592,P2000,100,100,-173.0319,-194.7924,55.11838,False,True,True,234.8437,11.95313
kucher,CounterTerrorist,2048.688,340.7546,215.8416,P2000,100,100,-185.5243,-185.3946,5.118378,False,True,True,231.6797,11.95313
kucher,CounterTerrorist,2036.656,329.5339,214.599,P2000,100,100,-198.5491,-174.242,-44.88162,False,True,True,227.8125,11.60156
kucher,CounterTerrorist,2023.729,319.1456,210.2315,P2000,100,100,-213.4311,-159.4738,-94.88162,False,True,True,223.2422,10.89844
kucher,CounterTerrorist,2010.143,309.4484,202.7389,P2000,100,100,-217.8411,-154.6241,-144.8816,False,True,True,220.4297,10.54688
kucher,CounterTerrorist,1998.567,297.4041,192.1214,P2000,100,100,-177.2239,-201.8724,-194.8816,False,True,True,222.1875,10.54688
kucher,CounterTerrorist,1988.201,284.0782,178.3788,P2000,100,100,-153.6553,-224.42,-244.8816,False,True,True,229.2188,10.89844
kucher,CounterTerrorist,1980.152,268.9314,161.5113,P2000,100,100,-105.9695,-256.4522,0,False,True,True,241.1719,12.65625
kucher,CounterTerrorist,1977.558,258.081,172.9738,M4A1,100,100,-26.72229,-179.3154,214.7888,False,True,True,252.0703,14.76563
kucher,CounterTerrorist,1976.962,246.607,184.8356,M4A1,100,100,2.117023,-185.8148,164.7888,False,True,True,261.2109,16.52344
kucher,CounterTerrorist,1977.739,234.9223,202.5724,M4A1,100,100,17.45511,-187.3549,114.7888,False,True,True,267.5391,18.28125
kucher,CounterTerrorist,1978.888,224.673,207.6537,M4A1,100,100,23.74346,-187.4049,71.03885,False,True,True,271.0547,18.98438
kucher,CounterTerrorist,1980.899,211.5103,210.6711,M4A1,100,100,32.6199,-186.9657,14.78885,False,True,True,274.2188,19.33594
kucher,CounterTerrorist,1983.583,199.8804,210.0329,M4A1,100,100,49.32847,-185.4993,-35.21115,False,True,True,275.9766,19.6875
kucher,CounterTerrorist,1985.667,188.1746,197.2697,M4A1,100,100,-5.408371,-191.5726,-85.21115,False,True,True,275.9766,19.6875
kucher,CounterTerrorist,1984.743,176.1468,190.3815,M4A1,100,100,-19.30563,-192.7563,-135.2112,False,True,True,273.1641,18.98438
kucher,CounterTerrorist,1982.908,164.0917,180.3683,M4A1,100,100,-40.66277,-192.5928,-185.2112,False,True,True,266.8359,17.57813
kucher,CounterTerrorist,1979.107,152.2292,167.2302,M4A1,100,100,-80.11246,-185.8023,-235.2112,False,True,True,255.2344,15.11719
kucher,CounterTerrorist,1972.689,142.1202,159.561,M4A1,100,100,-114.8738,-129.0395,250.2858,False,True,True,238.3594,13.00781
kucher,CounterTerrorist,1963.78,135.5808,173.6413,M4A1,100,100,-161.8252,-81.96391,200.2858,False,True,True,213.3984,9.492188
kucher,CounterTerrorist,1953.218,131.131,184.5966,M4A1,100,100,-167.5795,-76.42836,150.2858,False,True,True,189.1406,5.976563
kucher,CounterTerrorist,1944.054,126.9513,191.6191,M4A1,100,100,-167.5795,-76.42836,106.5358,False,True,True,180.7031,4.921875
kucher,CounterTerrorist,1932.271,121.5774,197.1323,M4A1,100,100,-167.5795,-76.42836,50.28583,False,True,True,180.7031,4.921875
kucher,CounterTerrorist,1921.797,116.8007,198.7126,M4A1,100,100,-167.5795,-76.42836,0.2858276,False,True,True,180.7031,4.921875
kucher,CounterTerrorist,1912.633,112.621,197.5319,M4A1,100,100,-167.5795,-76.42836,-43.46417,False,True,True,180.7031,4.921875
kucher,CounterTerrorist,1902.159,107.8442,193.2529,M4A1,100,100,-167.5795,-76.42836,-93.46417,False,True,True,180.7031,4.921875
kucher,CounterTerrorist,1890.376,102.4703,184.7036,M4A1,100,100,-167.5795,-76.42836,-149.7142,False,True,True,180.7031,4.921875
kucher,CounterTerrorist,1881.212,98.29057,175.3198,M4A1,100,100,-167.5795,-76.42836,-193.4642,False,True,True,180.3516,5.273438
kucher,CounterTerrorist,1870.738,93.51378,161.6657,M4A1,100,100,-167.5795,-76.42836,-243.4642,False,True,True,176.4844,4.570313
kucher,CounterTerrorist,1858.956,88.13988,142.5695,M4A1,100,100,-167.5795,-76.42836,-299.7142,False,True,True,171.5625,4.21875
kucher,CounterTerrorist,1848.873,83.54134,128.7467,M4A1,100,100,-142.5673,-65.021,245.9629,False,True,True,165.2344,3.867188
kucher,CounterTerrorist,1839.963,79.47749,142.5569,M4A1,100,100,-142.5673,-65.021,195.9629,False,True,True,160.6641,3.515625
kucher,CounterTerrorist,1831.052,75.41365,153.2421,M4A1,100,100,-142.5673,-65.021,145.9629,False,True,True,160.3125,3.515625
kucher,CounterTerrorist,1822.142,71.34981,169.8023,M4A1,100,100,-142.5673,-65.021,95.96291,False,True,True,160.3125,3.515625
kucher,CounterTerrorist,1814.346,67.79395,173.854,M4A1,100,100,-142.5673,-65.021,52.21291,False,True,True,160.3125,3.515625
kucher,CounterTerrorist,1804.322,63.22213,175.5476,M4A1,100,100,-142.5673,-65.021,-4.037094,False,True,True,160.3125,3.515625
kucher,CounterTerrorist,1795.412,59.15832,173.7328,M4A1,100,100,-142.5673,-65.021,-54.03709,False,True,True,159.9609,3.515625
kucher,CounterTerrorist,1786.502,55.09451,168.793,M4A1,100,100,-142.5673,-65.021,-104.0371,False,True,True,158.5547,3.515625
kucher,CounterTerrorist,1778.705,51.53867,152.9072,M4A1,100,100,-142.5673,-65.021,-147.7871,False,True,True,157.8516,3.164063
kucher,CounterTerrorist,1768.681,46.96688,140.5384,M4A1,100,100,-142.5673,-65.021,-204.0371,False,True,True,153.6328,3.164063
kucher,CounterTerrorist,1759.771,42.90307,126.2235,M4A1,100,100,-142.5673,-65.021,0,False,True,True,143.7891,1.757813
kucher,CounterTerrorist,1750.634,37.50186,126.0514,M4A1,100,100,-149.4229,-100.8728,0,False,True,True,138.8672,0.703125
kucher,CounterTerrorist,1741.065,30.26488,126.1084,M4A1,100,100,-155.6848,-126.2649,0,False,True,True,138.8672,0.703125
kucher,CounterTerrorist,1733.531,23.81374,126.1084,M4A1,100,100,-84.30327,-75.64679,0,False,True,True,138.8672,0.703125
kucher,CounterTerrorist,1728.227,18.83396,126.0817,M4A1,100,100,-84.16965,-81.26788,0,False,True,True,138.8672,0.703125
kucher,CounterTerrorist,1723.032,13.68837,126.3107,M4A1,100,100,-82.48882,-82.97345,0,False,True,True,137.8125,0.3515625
kucher,CounterTerrorist,1718.543,9.128504,126.8042,M4A1,100,100,-81.84902,-83.60464,0,False,True,True,136.7578,0.3515625
kucher,CounterTerrorist,1712.806,3.232718,127.4391,M4A1,100,100,-81.41595,-84.02644,0,False,True,True,136.7578,0.3515625
kucher,CounterTerrorist,1707.727,-2.028891,127.79,M4A1,100,100,-81.13081,-84.30177,0,False,True,True,136.7578,0.3515625
kucher,CounterTerrorist,1702.49,-7.115359,128.0902,M4A1,100,100,-90.23709,-74.20706,0,False,True,True,136.7578,0.3515625
kucher,CounterTerrorist,1696.329,-11.03246,128.3214,M4A1,100,100,-103.6798,-54.2172,0,False,True,True,136.7578,0.3515625
kucher,CounterTerrorist,1689.579,-13.82676,128.4864,M4A1,100,100,-110.727,-37.79594,0,False,True,True,134.2969,0
kucher,CounterTerrorist,1683.409,-15.51192,128.5739,M4A1,100,100,-114.0945,-25.91212,0,False,True,True,132.1875,0
kucher,CounterTerrorist,1675.298,-16.86745,128.5997,M4A1,100,100,-116.078,-14.65897,0,False,True,True,132.1875,359.6484
kucher,CounterTerrorist,1668.154,-18.3725,128.5823,M4A1,100,100,-112.0922,-33.53103,0,False,True,True,132.1875,359.6484
kucher,CounterTerrorist,1661.355,-21.0475,128.6394,M4A1,100,100,-106.2221,-49.04963,0,False,True,True,131.8359,359.6484
kucher,CounterTerrorist,1655.692,-24.02109,128.7463,M4A1,100,100,-101.7243,-57.80283,0,False,True,True,130.7813,359.6484
kucher,CounterTerrorist,1649.471,-27.86309,128.8466,M4A1,100,100,-98.06445,-63.81506,0,False,True,True,130.0781,0
kucher,CounterTerrorist,1643.426,-31.97645,128.8383,M4A1,100,100,-95.82445,-67.13176,0,False,True,True,129.7266,0.3515625
kucher,CounterTerrorist,1637.41,-36.12882,128.8321,M4A1,100,100,-99.97218,-60.78291,0,False,True,True,129.7266,0.3515625
kucher,CounterTerrorist,1629.901,-39.45032,128.7597,M4A1,100,100,-110.8674,-37.38217,0,False,True,True,129.7266,0.3515625
kucher,CounterTerrorist,1622.812,-41.22684,128.6101,M4A1,100,100,-114.8762,-22.19131,0,False,True,True,129.7266,0.3515625
kucher,CounterTerrorist,1616.479,-42.12332,128.458,M4A1,100,100,-116.3415,-12.39534,0,False,True,True,128.6719,0.703125
kucher,CounterTerrorist,1608.267,-42.56871,128.2558,M4A1,100,100,-116.9899,-1.53372,0,False,True,True,123.75,0.703125
kucher,CounterTerrorist,1601.873,-42.38894,128.0947,M4A1,100,100,-116.7981,6.869514,0,False,True,True,120.2344,0.3515625
kucher,CounterTerrorist,1594.598,-41.65798,127.9078,M4A1,100,100,-116.021,15.10415,0,False,True,True,118.8281,0.3515625
kucher,CounterTerrorist,1587.372,-40.54234,127.7194,M4A1,100,100,-115.84,16.4346,0,False,True,True,118.8281,0.3515625
kucher,CounterTerrorist,1579.162,-40.46256,127.5136,M4A1,100,100,-116.6022,-9.639472,0,False,True,True,118.8281,0.3515625
kucher,CounterTerrorist,1573.031,-41.30923,128.0313,M4A1,100,100,0,-6.952387,0,False,True,True,118.4766,0
kucher,CounterTerrorist,1573.031,-41.24655,128.0313,M4A1,100,100,0,1.812399,0,False,True,True,116.3672,359.6484
kucher,CounterTerrorist,1573.012,-40.81662,128.0313,M4A1,100,100,0,14.54821,0,False,True,True,116.3672,359.6484
kucher,CounterTerrorist,1573.127,-39.32381,128.0313,M4A1,100,100,9.699002,27.73206,0,False,True,True,116.3672,359.6484
kucher,CounterTerrorist,1575.023,-37.32016,128.0313,M4A1,100,100,34.89472,28.42701,0,False,True,True,116.3672,359.6484
kucher,CounterTerrorist,1576.454,-36.15413,127.7609,M4A1,100,100,19.63105,15.99245,0,False,True,True,116.3672,359.6484
kucher,CounterTerrorist,1577.068,-35.65419,127.3927,M4A1,100,100,0,0,0,False,True,True,116.3672,359.6484
kucher,CounterTerrorist,1577.068,-35.65419,127.3927,M4A1,100,100,0,0,0,False,True,True,116.3672,359.6484
kucher,CounterTerrorist,1577.068,-35.65419,127.3927,M4A1,100,100,0,0,0,False,True,True,116.3672,359.6484
kucher,CounterTerrorist,1577.068,-35.65419,127.3927,M4A1,100,100,0,0,0,False,True,True,116.3672,359.6484
kucher,CounterTerrorist,1577.068,-35.65419,127.3927,M4A1,100,100,0,0,0,False,True,True,116.3672,359.6484
kucher,CounterTerrorist,1577.068,-35.65419,127.3927,M4A1,100,100,0,0,0,False,True,True,116.3672,359.6484
kucher,CounterTerrorist,1577.108,-35.6345,127.3688,M4A1,100,100,5.099,2.519494,0,False,True,True,116.3672,359.6484
kucher,CounterTerrorist,1578.151,-35.11884,127.3085,M4A1,100,100,25.71913,12.70821,0,False,True,True,116.3672,359.6484
kucher,CounterTerrorist,1580.127,-34.24524,127.3259,M4A1,100,100,44.23554,13.16961,0,False,True,True,116.3672,359.6484
kucher,CounterTerrorist,1584.158,-34.10162,127.4158,M4A1,100,100,67.666,-5.419956,0,False,True,True,116.3672,359.6484
kucher,CounterTerrorist,1588.417,-34.72009,127.5584,M4A1,100,100,85.17448,-15.31937,0,False,True,True,116.7187,359.6484
kucher,CounterTerrorist,1595.116,-36.1588,127.7759,M4A1,100,100,102.5437,-23.94279,0,False,True,True,118.4766,359.6484
kucher,CounterTerrorist,1601.94,-37.82694,128.0044,M4A1,100,100,113.514,-28.34733,0,False,True,True,119.8828,0.3515625
kucher,CounterTerrorist,1609.035,-39.59622,128.2432,M4A1,100,100,113.5953,-28.01986,0,False,True,True,123.0469,0.3515625
kucher,CounterTerrorist,1616.152,-41.27796,128.444,M4A1,100,100,114.082,-25.96735,0,False,True,True,125.5078,0.3515625
kucher,CounterTerrorist,1622.401,-42.64845,128.6097,M4A1,100,100,114.4183,-24.44277,0,False,True,True,125.5078,0.3515625
kucher,CounterTerrorist,1630.459,-44.30864,128.8227,M4A1,100,100,114.7127,-23.0218,0,False,True,True,125.5078,0.3515625
kucher,CounterTerrorist,1637.635,-45.71433,129.0118,M4A1,100,100,114.8901,-22.11911,0,False,True,True,125.5078,0.3515625
kucher,CounterTerrorist,1644.82,-47.07246,129.2009,M4A1,100,100,115.0156,-21.45726,0,False,True,True,125.5078,0.3515625
kucher,CounterTerrorist,1652.011,-48.39614,129.3899,M4A1,100,100,115.0986,-21.00728,0,False,True,True,125.1563,0.703125
kucher,CounterTerrorist,1658.308,-49.53187,129.5552,M4A1,100,100,115.1995,-20.44693,0,False,True,True,126.9141,1.054688
kucher,CounterTerrorist,1665.522,-50.72599,129.9778,M4A1,100,100,115.6537,-17.69815,0,False,True,True,131.4844,1.054688
kucher,CounterTerrorist,1673.68,-51.78193,130.4517,M4A1,100,100,116.306,-12.7248,0,False,True,True,135,1.054688
kucher,CounterTerrorist,1680.032,-52.17636,130.7923,M4A1,100,100,115.3297,2.457628,0,False,True,True,136.0547,1.054688
kucher,CounterTerrorist,1687.248,-51.37595,130.7423,M4A1,100,100,116.2406,13.30835,0,False,True,True,136.0547,1.054688
kucher,CounterTerrorist,1695.338,-49.96693,130.6543,M4A1,100,100,112.6602,31.57031,0,False,True,True,136.0547,1.054688
kucher,CounterTerrorist,1700.641,-48.48086,130.5614,M4A1,100,100,86.21355,24.15928,0,False,True,True,135.7031,1.054688
kucher,CounterTerrorist,1704.163,-48.47847,130.549,M4A1,100,100,12.87225,-24.99963,0,False,True,True,135.7031,1.054688
kucher,CounterTerrorist,1703.065,-50.13339,130.6646,M4A1,100,100,-44.41833,-25.88091,0,False,True,True,135.7031,1.054688
kucher,CounterTerrorist,1697.755,-51.61948,130.7486,M4A1,100,100,-90.69775,-18.23836,0,False,True,True,135.7031,1.054688
kucher,CounterTerrorist,1692.331,-52.48959,130.8049,M4A1,100,100,-105.0082,-14.3145,0,False,True,True,135.7031,1.054688
kucher,CounterTerrorist,1684.412,-53.34029,130.86,M4A1,100,100,-116.5414,-10.3495,0,False,True,True,134.6484,1.054688
kucher,CounterTerrorist,1677.126,-53.94752,130.7594,M4A1,100,100,-116.1005,-14.47962,0,False,True,True,132.5391,1.40625
kucher,CounterTerrorist,1670.891,-55.35454,130.5356,M4A1,100,100,-112.2971,-32.8383,0,False,True,True,127.6172,1.40625
kucher,CounterTerrorist,1664.026,-57.86221,130.349,M4A1,100,100,-108.0683,-44.83573,0,False,True,True,125.1563,1.054688
kucher,CounterTerrorist,1657.397,-60.94691,130.2104,M4A1,100,100,-104.6064,-52.4071,0,False,True,True,125.1563,1.054688
kucher,CounterTerrorist,1650.071,-64.6829,130.0776,M4A1,100,100,-107.1526,-46.98202,0,False,True,True,125.1563,1.054688
kucher,CounterTerrorist,1643.992,-66.65592,129.8969,M4A1,100,100,-113.4964,-28.41759,0,False,True,True,123.75,0.703125
kucher,CounterTerrorist,1636.776,-67.80219,129.6078,M4A1,100,100,-116.4692,-11.13162,0,False,True,True,121.2891,0.703125
kucher,CounterTerrorist,1629.471,-68.0279,129.2566,M4A1,100,100,-116.989,1.603038,0,False,True,True,120.9375,0.703125
kucher,CounterTerrorist,1621.251,-67.82592,128.833,M4A1,100,100,-116.9134,-4.500715,0,False,True,True,120.5859,0.703125
kucher,CounterTerrorist,1614.906,-68.61069,128.6026,M4A1,100,100,-115.1084,-20.95366,0,False,True,True,120.5859,0.703125
kucher,CounterTerrorist,1606.949,-70.67897,128.418,M4A1,100,100,-111.5807,-35.19578,0,False,True,True,120.5859,0.703125
kucher,CounterTerrorist,1600.928,-72.84085,128.2825,M4A1,100,100,-109.0534,-42.38345,0,False,True,True,120.2344,0.703125
kucher,CounterTerrorist,1593.35,-76.04038,128.1153,M4A1,100,100,-106.9848,-47.36297,0,False,True,True,118.4766,0.703125
kucher,CounterTerrorist,1585.871,-79.46654,127.9521,M4A1,100,100,-105.967,-49.59828,0,False,True,True,117.7734,0.3515625
kucher,CounterTerrorist,1579.27,-82.61314,127.8089,M4A1,100,100,-105.3642,-50.86635,0,False,True,True,117.7734,0.3515625
kucher,CounterTerrorist,1573.521,-85.42147,128.0313,M4A1,100,100,-104.9655,-51.68404,0,False,True,True,117.7734,0.3515625
kucher,CounterTerrorist,1566.157,-89.08802,128.0313,M4A1,100,100,-104.5776,-52.46441,0,False,True,True,117.4219,0.703125
kucher,CounterTerrorist,1560.435,-91.95284,128.0313,M4A1,100,100,-104.731,-52.15752,0,False,True,True,114.9609,0.703125
kucher,CounterTerrorist,1553.87,-95.17347,128.0313,M4A1,100,100,-105.3156,-50.96687,0,False,True,True,113.5547,0.3515625
kucher,CounterTerrorist,1547.263,-98.30595,128.0313,M4A1,100,100,-106.0425,-49.43672,0,False,True,True,112.1484,0.3515625
kucher,CounterTerrorist,1539.771,-101.7048,128.0313,M4A1,100,100,-106.9615,-47.41565,0,False,True,True,110.7422,359.6484
kucher,CounterTerrorist,1533.932,-104.2363,128.0313,M4A1,100,100,-103.5107,-44.3521,0,False,True,True,110.3906,359.6484
kucher,CounterTerrorist,1529.507,-106.1876,128.0313,M4A1,100,100,-32.08124,-16.00386,0,False,True,True,110.3906,359.6484
kucher,CounterTerrorist,1530.511,-105.8756,128.0313,M4A1,100,100,42.15415,16.23787,0,False,True,True,111.4453,359.6484
kucher,CounterTerrorist,1532.193,-105.2293,128.0313,M4A1,100,100,2.8274,0.9679705,0,False,True,True,111.4453,359.6484
kucher,CounterTerrorist,1530.63,-105.8509,128.0313,M4A1,100,100,-48.17688,-19.18261,0,False,True,True,111.7969,359.6484
kucher,CounterTerrorist,1525.814,-107.7697,128.0313,M4A1,100,100,-98.33595,-39.18726,0,False,True,True,111.7969,359.6484
kucher,CounterTerrorist,1519.26,-110.3818,128.0313,M4A1,100,100,-56.07827,-22.34498,0,False,True,True,111.7969,359.6484
kucher,CounterTerrorist,1518.816,-110.5575,128.0313,M4A1,100,100,22.29212,8.915737,0,False,True,True,111.7969,359.6484
kucher,CounterTerrorist,1522.043,-109.2602,128.0313,M4A1,100,100,74.42661,30.03559,0,False,True,True,112.1484,359.6484
kucher,CounterTerrorist,1527.732,-106.9552,128.0313,M4A1,100,100,97.7983,39.71693,0,False,True,True,112.5,359.6484
kucher,CounterTerrorist,1533.403,-104.6431,128.0313,M4A1,100,100,107.7072,44.08147,0,False,True,True,112.8516,359.6484
kucher,CounterTerrorist,1540.159,-101.8473,128.0313,M4A1,100,100,107.9092,45.21738,0,False,True,True,115.3125,0
kucher,CounterTerrorist,1547.7,-98.55856,128.0313,M4A1,100,100,106.4347,48.58652,0,False,True,True,121.2891,0.3515625
kucher,CounterTerrorist,1553.443,-95.739,128.0313,M4A1,100,100,103.7904,54.00503,0,False,True,True,126.9141,0.703125
kucher,CounterTerrorist,1560.14,-92.83008,128.0313,M4A1,100,100,110.7489,37.73175,0,False,True,True,128.3203,1.054688
kucher,CounterTerrorist,1567.23,-91.06419,128.0313,M4A1,100,100,114.9777,21.65907,0,False,True,True,128.3203,1.054688
kucher,CounterTerrorist,1574.48,-90.12926,128.0313,M4A1,100,100,116.5409,10.35476,0,False,True,True,128.3203,1.054688
kucher,CounterTerrorist,1582.696,-89.75474,128.2758,M4A1,100,100,116.9847,1.893695,0,False,True,True,128.3203,0.703125
kucher,CounterTerrorist,1590.008,-89.80467,128.6446,M4A1,100,100,116.972,-2.557958,0,False,True,True,128.6719,0.703125
kucher,CounterTerrorist,1597.316,-90.0644,129.0262,M4A1,100,100,116.8836,-5.217761,0,False,True,True,129.0234,0.703125
kucher,CounterTerrorist,1604.618,-90.45564,129.4157,M4A1,100,100,116.792,-6.973457,0,False,True,True,129.375,0.703125
kucher,CounterTerrorist,1611.89,-89.89191,129.7441,M4A1,100,100,115.2443,20.19284,0,False,True,True,130.0781,0.703125
kucher,CounterTerrorist,1618.923,-87.91936,129.9725,M4A1,100,100,110.1729,39.38188,0,False,True,True,131.1328,0.703125
kucher,CounterTerrorist,1625.605,-84.96133,130.1067,M4A1,100,100,104.4096,52.79797,0,False,True,True,132.1875,0.703125
kucher,CounterTerrorist,1631.942,-81.31607,130.2023,M4A1,100,100,99.13844,62.13348,0,False,True,True,133.5938,0.703125
kucher,CounterTerrorist,1637.975,-77.1871,130.2543,M4A1,100,100,94.59583,68.85221,0,False,True,True,135,0.703125
kucher,CounterTerrorist,1643.029,-73.26476,130.2543,M4A1,100,100,90.83277,73.74555,0,False,True,True,137.1094,0.703125
kucher,CounterTerrorist,1649.271,-67.90721,130.2391,M4A1,100,100,87.36532,77.82224,0,False,True,True,137.1094,0.703125
kucher,CounterTerrorist,1653.989,-63.58523,130.2049,M4A1,100,100,85.53046,79.83443,0,False,True,True,137.1094,0.703125
kucher,CounterTerrorist,1660.293,-58.32214,130.1795,M4A1,100,100,96.91096,65.55352,0,False,True,True,137.1094,0.703125
kucher,CounterTerrorist,1666.73,-54.86953,130.2972,M4A1,100,100,106.6955,48.01104,0,False,True,True,138.5156,0.3515625
kucher,CounterTerrorist,1673.582,-52.32623,130.4809,M4A1,100,100,111.4144,35.71877,0,False,True,True,139.5703,0.3515625
kucher,CounterTerrorist,1679.691,-50.42828,130.6676,M4A1,100,100,109.9385,40.03149,0,False,True,True,139.9219,0.3515625
kucher,CounterTerrorist,1686.273,-47.26265,130.4852,M4A1,100,100,101.7129,57.82293,0,False,True,True,140.2734,0.3515625
kucher,CounterTerrorist,1692.356,-43.21124,130.232,M4A1,100,100,94.07403,69.56346,0,False,True,True,141.3281,0.3515625
kucher,CounterTerrorist,1698.627,-38.04822,129.9161,M4A1,100,100,81.97948,70.90595,0,False,True,True,141.6797,0.3515625
kucher,CounterTerrorist,1702.022,-35.29702,129.7537,M4A1,100,100,39.08771,24.55718,0,False,True,True,141.6797,0.3515625
kucher,CounterTerrorist,1702.235,-35.9145,129.7901,M4A1,100,100,-18.17671,-30.02553,0,False,True,True,141.6797,0.3515625
kucher,CounterTerrorist,1699.365,-39.90723,130.0258,M4A1,100,100,-58.37187,-77.70368,0,False,True,True,140.9766,0.3515625
kucher,CounterTerrorist,1696.786,-43.3573,130.2411,M4A1,100,100,-25.5703,-35.97612,0,False,True,True,140.625,0.3515625
kucher,CounterTerrorist,1697.079,-43.12991,130.2269,M4A1,100,100,22.16369,26.52836,0,False,True,True,140.625,0.3515625
kucher,CounterTerrorist,1700.181,-39.34785,129.9928,M4A1,100,100,61.19081,75.104,0,False,True,True,141.3281,0.3515625
kucher,CounterTerrorist,1704.26,-34.31055,129.6955,M4A1,100,100,79.12193,97.94438,0,False,True,True,141.3281,0.3515625
kucher,CounterTerrorist,1708.16,-29.48866,129.4108,M4A1,100,100,40.57061,49.8894,0,False,True,True,141.3281,0.3515625
kucher,CounterTerrorist,1708.571,-29.00669,129.3824,M4A1,100,100,-14.88559,-18.70636,0,False,True,True,141.3281,0.3515625
kucher,CounterTerrorist,1706.407,-31.72128,129.5426,M4A1,100,100,-50.00819,-62.6434,0,False,True,True,141.3281,0.3515625
kucher,CounterTerrorist,1701.518,-37.81784,129.9025,M4A1,100,100,-83.52443,-103.7962,0,False,True,True,140.625,0.703125
kucher,CounterTerrorist,1697.501,-42.79765,130.2062,M4A1,100,100,-73.59584,-90.95412,0,False,True,True,140.2734,0.703125
kucher,CounterTerrorist,1692.306,-49.17692,130.6049,M4A1,100,100,-74.13789,-90.51283,0,False,True,True,139.5703,0.703125
kucher,CounterTerrorist,1687.436,-54.58784,130.9431,M4A1,100,100,-85.43331,-78.59124,0,False,True,True,137.8125,0.703125
kucher,CounterTerrorist,1681.48,-58.77515,131.2048,M4A1,100,100,-101.463,-58.26023,0,False,True,True,136.4063,0.703125
kucher,CounterTerrorist,1675.687,-61.47985,131.1582,M4A1,100,100,-108.6599,-43.38237,0,False,True,True,136.4063,0.703125
kucher,CounterTerrorist,1668.731,-63.72358,130.9506,M4A1,100,100,-112.8985,-30.70708,0,False,True,True,136.4063,0.703125
kucher,CounterTerrorist,1661.595,-65.31368,130.6932,M4A1,100,100,-114.9467,-21.82347,0,False,True,True,136.4063,0.703125
kucher,CounterTerrorist,1654.37,-66.43539,130.4021,M4A1,100,100,-116.0455,-14.91458,0,False,True,True,133.5938,0.703125
kucher,CounterTerrorist,1646.177,-67.15568,130.0374,M4A1,100,100,-116.8122,-6.625851,0,False,True,True,129.7266,0.703125
kucher,CounterTerrorist,1638.953,-68.20498,129.7418,M4A1,100,100,-113.8922,-26.78747,0,False,True,True,129.7266,0.703125
kucher,CounterTerrorist,1632.865,-70.1585,129.5595,M4A1,100,100,-109.3328,-41.65732,0,False,True,True,129.7266,0.703125
kucher,CounterTerrorist,1625.404,-73.61309,129.4024,M4A1,100,100,-103.7076,-54.16401,0,False,True,True,129.375,0.703125
kucher,CounterTerrorist,1618.594,-76.24641,129.2264,M4A1,100,100,-112.172,-33.2633,0,False,True,True,125.8594,0.703125
kucher,CounterTerrorist,1612.34,-77.57752,128.9969,M4A1,100,100,-115.5811,-18.16601,0,False,True,True,124.8047,1.054688
kucher,CounterTerrorist,1605.062,-78.24796,128.6749,M4A1,100,100,-116.8648,-5.623631,0,False,True,True,124.8047,1.054688
kucher,CounterTerrorist,1597.75,-78.28088,128.3114,M4A1,100,100,-116.9628,2.950264,0,False,True,True,124.8047,1.054688
kucher,CounterTerrorist,1589.537,-77.82635,128.0324,M4A1,100,100,-116.6687,8.798748,0,False,True,True,125.1563,1.054688
kucher,CounterTerrorist,1582.249,-77.24911,127.8462,M4A1,100,100,-116.9278,4.108404,0,False,True,True,125.1563,1.054688
kucher,CounterTerrorist,1574.975,-77.86653,128.0313,M4A1,100,100,-115.3576,-19.53544,0,False,True,True,125.1563,0.703125
kucher,CounterTerrorist,1567.899,-79.68781,128.0313,M4A1,100,100,-111.4389,-35.64213,0,False,True,True,124.8047,0.703125
kucher,CounterTerrorist,1561.913,-81.94296,128.0313,M4A1,100,100,-108.0444,-44.89334,0,False,True,True,124.1016,0.703125
kucher,CounterTerrorist,1555.273,-85.00512,128.0313,M4A1,100,100,-104.9701,-51.67474,0,False,True,True,123.75,0.703125
kucher,CounterTerrorist,1548.955,-88.26995,128.0313,M4A1,100,100,-92.38151,-48.47004,0,False,True,True,123.3984,0.703125
kucher,CounterTerrorist,1545.802,-89.65558,128.0313,M4A1,100,100,-1.238558,5.382874,0,False,True,True,123.3984,0.703125
kucher,CounterTerrorist,1547.598,-88.35025,128.0313,M4A1,100,100,49.50488,34.12673,0,False,True,True,123.3984,0.703125
kucher,CounterTerrorist,1551.916,-85.41854,128.0313,M4A1,100,100,69.82599,47.25806,0,False,True,True,123.3984,0.703125
kucher,CounterTerrorist,1555.592,-82.93079,128.0313,M4A1,100,100,50.60989,34.25264,0,False,True,True,123.3984,0.703125
kucher,CounterTerrorist,1557.85,-81.40244,128.0313,M4A1,100,100,34.30553,23.21789,0,False,True,True,123.75,0.703125
kucher,CounterTerrorist,1559.403,-80.35202,128.0313,M4A1,100,100,23.8628,16.0666,0,False,True,True,123.75,0.703125
kucher,CounterTerrorist,1563.131,-77.84998,128.0313,M4A1,100,100,75.9586,51.13119,0,False,True,True,124.4531,0.703125
kucher,CounterTerrorist,1568.346,-74.29913,128.0313,M4A1,100,100,108.5262,74.58174,0,False,True,True,125.5078,1.054688
kucher,CounterTerrorist,1577.033,-68.23601,127.6532,M4A1,100,100,123.0777,86.48803,0,False,True,True,126.2109,0.703125
kucher,CounterTerrorist,1581.214,-65.3513,127.7377,M4A1,100,100,44.27931,29.45682,0,False,True,True,126.2109,0.703125
kucher,CounterTerrorist,1581.658,-65.10797,127.7377,M4A1,100,100,-0.9756165,-0.7380887,0,False,True,True,126.2109,0.703125
kucher,CounterTerrorist,1581.658,-65.10797,127.7377,M4A1,100,100,0,0,0,False,True,True,126.2109,0.703125
kucher,CounterTerrorist,1581.658,-65.10797,127.7377,M4A1,100,100,0,0,0,False,True,True,125.5078,1.054688
kucher,CounterTerrorist,1581.658,-65.10797,127.7377,M4A1,100,100,0,0,0,False,True,True,122.3438,1.054688
kucher,CounterTerrorist,1582.753,-66.84787,127.7718,M4A1,100,100,27.01743,-42.96063,0,False,True,True,121.9922,0.703125
kucher,CounterTerrorist,1584.565,-69.72986,127.8519,M4A1,100,100,37.72165,-60.0028,0,False,True,True,121.9922,0.703125
kucher,CounterTerrorist,1587.333,-74.13275,127.9516,M4A1,100,100,48.95602,-77.89691,0,False,True,True,121.9922,0.703125
kucher,CounterTerrorist,1591.952,-79.10201,128.1016,M4A1,100,100,77.57491,-65.75514,0,False,True,True,120.2344,0.3515625
kucher,CounterTerrorist,1596.655,-82.0106,128.4898,M4A1,100,100,91.07082,-39.3775,0,False,True,True,120.2344,0.3515625
kucher,CounterTerrorist,1603.534,-83.39297,128.9201,M4A1,100,100,102.6445,-5.587138,0,False,True,True,120.5859,0.3515625
kucher,CounterTerrorist,1608.327,-83.67872,129.1776,M4A1,100,100,73.66329,-7.187091,0,False,True,True,120.9375,0.703125
kucher,CounterTerrorist,1610.904,-84.90382,129.3683,M4A1,100,100,12.70794,-20.10722,0,False,True,True,120.9375,0.703125
kucher,CounterTerrorist,1611.271,-85.48336,129.435,M4A1,100,100,2.189841,-3.46489,0,False,True,True,120.9375,0.703125
kucher,CounterTerrorist,1611.276,-85.49186,129.435,Smoke,100,100,0,0,0,False,True,True,120.9375,0.703125
kucher,CounterTerrorist,1610.604,-85.89323,129.4299,Smoke,100,100,-19.69464,-11.75797,0,False,True,True,120.9375,0.703125
kucher,CounterTerrorist,1608.333,-87.16083,129.3955,Smoke,100,100,-43.30253,-18.12738,0,False,True,True,120.2344,1.054688
kucher,CounterTerrorist,1605.353,-87.66153,129.2778,Smoke,100,100,-62.63108,-3.381402,0,False,True,True,119.8828,1.40625
kucher,CounterTerrorist,1600.691,-87.45242,129.0317,Smoke,100,100,-83.62859,8.045316,0,False,True,True,119.8828,1.40625
kucher,CounterTerrorist,1594.062,-86.50603,128.6411,Smoke,100,100,-101.8764,17.31933,0,False,True,True,119.8828,1.40625
kucher,CounterTerrorist,1587.265,-85.20268,128.2198,Smoke,100,100,-113.5462,23.41138,0,False,True,True,119.1797,1.40625
kucher,CounterTerrorist,1579.859,-83.55426,127.8302,Smoke,100,100,-121.9566,28.54611,0,False,True,True,118.125,1.054688
kucher,CounterTerrorist,1572.086,-82.10578,128.0313,Smoke,100,100,-125.6462,12.60451,0,False,True,True,117.4219,1.054688
kucher,CounterTerrorist,1564.157,-82.10635,128.0313,Smoke,100,100,-127.1016,-8.713978,0,False,True,True,116.3672,1.054688
kucher,CounterTerrorist,1557.251,-83.00816,128.0313,Smoke,100,100,-125.5447,-21.66282,0,False,True,True,115.3125,1.40625
kucher,CounterTerrorist,1549.48,-84.73356,128.0313,Smoke,100,100,-123.4311,-31.55187,0,False,True,True,114.2578,1.757813
kucher,CounterTerrorist,1541.828,-86.93127,128.0313,Smoke,100,100,-121.7407,-37.54937,0,False,True,True,113.2031,2.109375
kucher,CounterTerrorist,1535.336,-88.9519,128.0313,Smoke,100,100,-75.88451,-21.96577,0,False,True,True,112.8516,2.109375
kucher,CounterTerrorist,1532.841,-89.50448,128.0313,Smoke,100,100,-11.92303,0.6753545,0,False,True,True,112.8516,2.460938
kucher,CounterTerrorist,1532.979,-89.00248,128.0313,Smoke,100,100,-3.251119,16.24028,0,False,True,True,112.8516,2.460938
kucher,CounterTerrorist,1532.374,-87.2725,128.0313,Smoke,100,100,-14.15234,36.74024,0,False,True,True,112.8516,2.460938
kucher,CounterTerrorist,1531.157,-84.23831,128.0313,Smoke,100,100,-23.51937,57.75727,0,False,True,True,112.8516,2.460938
kucher,CounterTerrorist,1529.369,-79.89218,128.0313,Smoke,100,100,-32.44452,78.40539,0,False,True,True,112.8516,2.460938
kucher,CounterTerrorist,1527.344,-75.00581,128.0313,Smoke,100,100,-24.38984,58.8713,0,False,True,True,112.8516,2.460938
kucher,CounterTerrorist,1526.123,-72.05713,128.0313,Smoke,100,100,-15.77809,38.08459,0,False,True,True,112.8516,2.460938
kucher,CounterTerrorist,1525.439,-70.40762,128.0313,Smoke,100,100,-7.166345,17.29786,0,False,True,True,112.8516,2.460938
kucher,CounterTerrorist,1525.28,-70.02307,128.0313,M4A1,100,100,0,0,0,False,True,True,113.2031,2.460938
kucher,CounterTerrorist,1525.28,-70.02307,128.0313,M4A1,100,100,0,0,0,False,True,True,113.2031,2.460938
kucher,CounterTerrorist,1525.28,-70.02307,128.0313,M4A1,100,100,0,0,0,False,True,True,114.6094,1.757813
kucher,CounterTerrorist,1525.366,-70.20431,128.0313,M4A1,100,100,4.920928,-10.32476,0,False,True,True,115.6641,1.054688
kucher,CounterTerrorist,1526.729,-71.17193,128.0313,M4A1,100,100,31.62976,-15.05508,0,False,True,True,116.3672,359.6484
kucher,CounterTerrorist,1529.075,-72.14539,128.0313,M4A1,100,100,51.25885,-20.04197,0,False,True,True,116.3672,358.9453
kucher,CounterTerrorist,1533.65,-73.83633,128.0313,M4A1,100,100,76.01788,-27.27188,0,False,True,True,116.7187,357.8906
kucher,CounterTerrorist,1539.06,-75.73434,128.0313,M4A1,100,100,93.95932,-32.53293,0,False,True,True,116.7187,357.8906
kucher,CounterTerrorist,1544.581,-77.62409,128.0313,M4A1,100,100,105.7516,-35.93392,0,False,True,True,117.0703,357.8906
kucher,CounterTerrorist,1551.457,-79.9418,128.0313,M4A1,100,100,110.9364,-37.17678,0,False,True,True,117.4219,358.5938
kucher,CounterTerrorist,1558.414,-82.1936,128.0313,M4A1,100,100,111.7549,-34.63889,0,False,True,True,123.0469,359.6484
kucher,CounterTerrorist,1566.312,-84.49427,128.0313,M4A1,100,100,112.7116,-31.38631,0,False,True,True,123.0469,359.6484
kucher,CounterTerrorist,1573.376,-86.38278,128.0313,M4A1,100,100,113.2451,-29.40321,0,False,True,True,123.0469,359.6484
kucher,CounterTerrorist,1579.58,-87.9494,128.0072,M4A1,100,100,113.5678,-28.13083,0,False,True,True,123.0469,359.6484
kucher,CounterTerrorist,1587.577,-89.87876,128.5276,M4A1,100,100,113.8502,-26.96529,0,False,True,True,123.0469,0
kucher,CounterTerrorist,1593.81,-91.32343,128.9296,M4A1,100,100,114.108,-25.85272,0,False,True,True,125.1563,0.703125
kucher,CounterTerrorist,1601.86,-93.01877,129.438,M4A1,100,100,114.7918,-22.62386,0,False,True,True,127.9687,1.054688
kucher,CounterTerrorist,1608.156,-94.00431,129.8144,M4A1,100,100,115.5083,-8.917778,0,False,True,True,127.9687,1.054688
kucher,CounterTerrorist,1615.431,-93.8884,130.1709,M4A1,100,100,116.9808,2.11873,0,False,True,True,127.9687,1.054688
kucher,CounterTerrorist,1622.743,-93.94057,130.5398,M4A1,100,100,116.9671,-2.774276,0,False,True,True,128.3203,1.054688
kucher,CounterTerrorist,1630.964,-94.2303,130.9689,M4A1,100,100,116.9152,-4.452544,0,False,True,True,133.2422,0.703125
kucher,CounterTerrorist,1637.359,-94.44693,131.3022,M4A1,100,100,116.9458,-3.562065,0,False,True,True,134.6484,0.703125
kucher,CounterTerrorist,1644.669,-94.63811,131.6797,M4A1,100,100,116.9687,-2.706609,0,False,True,True,134.6484,0.703125
kucher,CounterTerrorist,1651.977,-94.75282,132.0523,M4A1,100,100,116.6267,1.94287,0,False,True,True,134.6484,0.703125
kucher,CounterTerrorist,1659.165,-93.61685,132.3407,M4A1,100,100,113.2275,29.47088,0,False,True,True,135.3516,0.703125
kucher,CounterTerrorist,1666.009,-91.06719,132.5235,M4A1,100,100,106.4449,48.56414,0,False,True,True,136.4063,0.703125
kucher,CounterTerrorist,1673.372,-86.65141,132.6087,M4A1,100,100,125.6733,86.24504,0,False,True,True,137.1094,0.703125
kucher,CounterTerrorist,1681.731,-80.22765,132.5455,M4A1,100,100,139.3169,114.4803,0,False,True,True,137.8125,0.703125
kucher,CounterTerrorist,1690.784,-72.28799,132.0493,M4A1,100,100,148.5779,135.9886,0,False,True,True,138.8672,0.703125
kucher,CounterTerrorist,1701.477,-61.95324,131.4034,M4A1,100,100,154.155,155.17,0,False,True,True,141.3281,0.703125
kucher,CounterTerrorist,1713.536,-49.14555,130.5357,P2000,100,100,154.5602,171.4,0,False,True,True,143.4375,0.3515625
kucher,CounterTerrorist,1721.742,-39.8002,129.6923,M4A1,100,100,146.8399,170.4789,0,False,True,True,143.7891,0.3515625
kucher,CounterTerrorist,1729.667,-30.38743,128.5806,M4A1,100,100,143.5985,173.218,0,False,True,True,143.7891,0.3515625
kucher,CounterTerrorist,1739.64,-18.10689,127.3571,M4A1,100,100,140.5957,175.664,0,False,True,True,143.7891,0.3515625
kucher,CounterTerrorist,1747.714,-8.040218,126.3591,M4A1,100,100,88.50816,108.7693,0,False,True,True,144.8438,0.703125
kucher,CounterTerrorist,1750.49,-4.822558,126.0304,M4A1,100,100,39.95059,41.90694,0,False,True,True,146.25,0.703125
kucher,CounterTerrorist,1750.951,-4.776676,126.0046,M4A1,100,100,-13.31029,-23.55898,0,False,True,True,146.25,0.703125
kucher,CounterTerrorist,1749.033,-7.80995,126.2796,M4A1,100,100,-39.75828,-61.66559,0,False,True,True,146.25,0.703125
kucher,CounterTerrorist,1747.616,-10.03898,126.4725,M4A1,100,100,-0.3725735,-1.737673,0,False,True,True,146.25,0.703125
kucher,CounterTerrorist,1748.813,-8.249064,126.3165,M4A1,100,100,32.84578,49.08699,0,False,True,True,146.25,0.703125
kucher,CounterTerrorist,1750.681,-5.462699,126.0587,M4A1,100,100,9.314127,13.83926,0,False,True,True,146.25,0.703125
kucher,CounterTerrorist,1749.794,-6.787462,126.1812,M4A1,100,100,-28.28476,-42.21925,0,False,True,True,146.25,0.703125
kucher,CounterTerrorist,1746.942,-11.04281,126.5749,M4A1,100,100,-58.43225,-87.19864,0,False,True,True,146.25,0.703125
kucher,CounterTerrorist,1742.437,-17.75559,127.1964,M4A1,100,100,-81.76154,-121.5221,0,False,True,True,145.5469,0.3515625
kucher,CounterTerrorist,1738.987,-22.92761,127.6742,M4A1,100,100,-29.29241,-45.10199,0,False,True,True,145.1953,0.3515625
kucher,CounterTerrorist,1738.987,-23.01288,127.6793,M4A1,100,100,17.47986,24.91435,0,False,True,True,145.1953,0.3515625
kucher,CounterTerrorist,1741.208,-19.83318,127.3805,M4A1,100,100,49.48297,70.96074,0,False,True,True,145.1953,0.703125
kucher,CounterTerrorist,1745.272,-13.99974,126.833,M4A1,100,100,75.92902,109.0419,0,False,True,True,145.1953,0.703125
kucher,CounterTerrorist,1749.24,-8.301728,126.2983,M4A1,100,100,38.62468,55.43615,0,False,True,True,145.1953,0.703125
kucher,CounterTerrorist,1749.696,-7.650216,126.237,M4A1,100,100,-12.80277,-18.42315,0,False,True,True,145.1953,0.703125
kucher,CounterTerrorist,1747.768,-10.42603,126.4973,M4A1,100,100,-44.86398,-64.64153,0,False,True,True,145.1953,0.703125
kucher,CounterTerrorist,1743.945,-15.92375,127.0129,M4A1,100,100,-72.62151,-104.3216,0,False,True,True,145.1953,0.703125
kucher,CounterTerrorist,1740.057,-21.50864,127.537,M4A1,100,100,-41.51785,-59.70164,0,False,True,True,145.1953,0.3515625
kucher,CounterTerrorist,1739.422,-22.42755,127.623,M4A1,100,100,9.886407,14.17437,0,False,True,True,145.1953,0.3515625
kucher,CounterTerrorist,1741.53,-19.40289,127.339,M4A1,100,100,46.069,66.091,0,False,True,True,145.1953,0.3515625
kucher,CounterTerrorist,1745.159,-14.19743,126.8503,M4A1,100,100,57.21447,82.08282,0,False,True,True,145.1953,0.3515625
kucher,CounterTerrorist,1746.663,-12.03847,126.6477,M4A1,100,100,5.771977,8.278876,0,False,True,True,145.1953,0.3515625
kucher,CounterTerrorist,1745.684,-13.44291,126.7795,M4A1,100,100,-29.75207,-42.68566,0,False,True,True,145.1953,0.3515625
kucher,CounterTerrorist,1744.541,-15.08328,126.9284,M4A1,100,100,5.628768,8.075663,0,False,True,True,145.1953,0.3515625
kucher,CounterTerrorist,1746.024,-12.95621,126.7338,M4A1,100,100,37.79317,54.22232,0,False,True,True,145.1953,0.3515625
kucher,CounterTerrorist,1749.199,-8.400228,126.3061,M4A1,100,100,45.11781,64.71191,0,False,True,True,145.1953,0.3515625
kucher,CounterTerrorist,1750.008,-7.250074,126.1978,M4A1,100,100,-9.580984,-13.89137,0,False,True,True,145.5469,0.3515625
kucher,CounterTerrorist,1748.288,-9.747439,126.4312,M4A1,100,100,-41.45417,-60.23964,0,False,True,True,145.5469,0.3515625
kucher,CounterTerrorist,1744.662,-15.01912,126.9237,M4A1,100,100,-69.67909,-101.3124,0,False,True,True,145.5469,0.3515625
kucher,CounterTerrorist,1740.585,-20.9497,127.4776,M4A1,100,100,-43.40899,-63.40878,0,False,True,True,145.1953,0.3515625
kucher,CounterTerrorist,1739.86,-22.04582,127.5785,M4A1,100,100,9.753233,13.77099,0,False,True,True,144.8438,0.703125
kucher,CounterTerrorist,1741.975,-19.06032,127.2966,M4A1,100,100,46.32785,65.41217,0,False,True,True,144.8438,0.703125
kucher,CounterTerrorist,1745.221,-14.47497,126.8636,M4A1,100,100,59.67345,84.28796,0,False,True,True,144.8438,0.703125
kucher,CounterTerrorist,1746.837,-12.19589,126.6483,M4A1,100,100,0,0,0,False,True,True,144.8438,0.703125
kucher,CounterTerrorist,1745.596,-13.9558,126.8142,M4A1,100,100,-34.0326,-48.27174,0,False,True,True,144.8438,0.3515625
kucher,CounterTerrorist,1742.365,-18.53866,127.2463,M4A1,100,100,-64.46436,-91.43605,0,False,True,True,144.8438,0.3515625
kucher,CounterTerrorist,1739.535,-22.55494,127.6248,M4A1,100,100,-19.8145,-28.18905,0,False,True,True,144.8438,0.3515625
kucher,CounterTerrorist,1739.967,-21.94558,127.5673,M4A1,100,100,22.29,31.59814,0,False,True,True,144.8438,0.703125
kucher,CounterTerrorist,1743.1,-19.33782,127.2567,M4A1,100,100,75.79266,42.41267,0,False,True,True,145.5469,0.3515625
kucher,CounterTerrorist,1749.602,-16.63755,126.7722,M4A1,100,100,123.8366,43.76015,0,False,True,True,145.5469,0.3515625
kucher,CounterTerrorist,1757.705,-15.08678,126.2755,M4A1,100,100,115.0004,5.777261,0,False,True,True,145.5469,0.3515625
kucher,CounterTerrorist,1763.845,-15.63012,126.0006,M4A1,100,100,105.0684,-24.17482,0,False,True,True,145.5469,0.3515625
kucher,CounterTerrorist,1768.567,-18.11801,126.0479,M4A1,100,100,54.83518,-50.78773,0,False,True,True,145.5469,0.3515625
kucher,CounterTerrorist,1770.622,-21.98965,126.3569,M4A1,100,100,17.45116,-69.59611,0,False,True,True,145.8984,0.3515625
kucher,CounterTerrorist,1770.713,-26.86489,126.8279,M4A1,100,100,-9.78775,-84.02931,0,False,True,True,145.5469,0.3515625
kucher,CounterTerrorist,1769.365,-32.51289,127.4212,M4A1,100,100,-29.8444,-94.81802,0,False,True,True,145.5469,0.3515625
kucher,CounterTerrorist,1767.259,-38.5755,128.0797,M4A1,100,100,-12.8001,-55.00268,0,False,True,True,145.1953,0.3515625
kucher,CounterTerrorist,1767.718,-39.29479,128.1346,M4A1,100,100,19.76193,13.96139,0,False,True,True,145.1953,0.3515625
kucher,CounterTerrorist,1769.961,-36.69128,127.8079,M4A1,100,100,49.09503,62.51688,0,False,True,True,145.1953,0.3515625
kucher,CounterTerrorist,1774,-31.30078,127.1513,M4A1,100,100,75.52111,102.9074,0,False,True,True,145.1953,0.3515625
kucher,CounterTerrorist,1778.922,-24.51661,126.3302,M4A1,100,100,62.61409,85.89287,0,False,True,True,145.1953,0.3515625
kucher,CounterTerrorist,1780.718,-22.15221,126.0414,M4A1,100,100,2.934431,1.693122,0,False,True,True,145.1953,0.3515625
kucher,CounterTerrorist,1779.52,-23.90224,126.2509,M4A1,100,100,-33.19248,-48.22511,0,False,True,True,145.1953,0.3515625
kucher,CounterTerrorist,1775.835,-29.24716,126.8914,M4A1,100,100,-66.49874,-96.40091,0,False,True,True,145.1953,0.3515625
kucher,CounterTerrorist,1771.656,-35.30334,127.6173,M4A1,100,100,-74.71828,-108.2755,0,False,True,True,145.1953,0.3515625
kucher,CounterTerrorist,1769.172,-38.90453,128.049,M4A1,100,100,-14.20003,-20.6212,0,False,True,True,145.1953,0.3515625
kucher,CounterTerrorist,1769.848,-37.92658,127.9317,M4A1,100,100,25.57252,37.02764,0,False,True,True,145.1953,0.3515625
kucher,CounterTerrorist,1772.431,-34.18662,127.4833,M4A1,100,100,45.79864,66.31395,0,False,True,True,145.1953,0.3515625
kucher,CounterTerrorist,1773.614,-32.47063,127.2701,M4A1,100,100,-5.611392,-8.087749,0,False,True,True,145.1953,0.3515625
kucher,CounterTerrorist,1772.132,-34.59815,127.5332,M4A1,100,100,-37.86763,-54.17,0,False,True,True,144.8438,0.3515625
kucher,CounterTerrorist,1768.124,-40.30015,128.2012,M4A1,100,100,-70.82036,-100.517,0,False,True,True,144.8438,0.3515625
kucher,CounterTerrorist,1763.679,-46.60023,128.5877,M4A1,100,100,-84.12949,-119.1683,0,False,True,True,144.4922,0.3515625
kucher,CounterTerrorist,1760.713,-50.81241,128.8314,M4A1,100,100,-21.11868,-30.21785,0,False,True,True,144.4922,0.3515625
kucher,CounterTerrorist,1761.103,-50.27603,128.8126,M4A1,100,100,22.0446,30.91378,0,False,True,True,144.4922,0.3515625
kucher,CounterTerrorist,1763.627,-46.74037,128.5947,M4A1,100,100,54.40162,76.13705,0,False,True,True,144.4922,0.3515625
kucher,CounterTerrorist,1766.194,-43.14604,128.3732,M4A1,100,100,16.3096,22.90307,0,False,True,True,144.4922,0.3515625
kucher,CounterTerrorist,1765.525,-44.07199,128.4305,M4A1,100,100,-26.32829,-36.49411,0,False,True,True,144.1406,0
kucher,CounterTerrorist,1762.727,-47.93902,128.67,M4A1,100,100,-58.633,-80.89622,0,False,True,True,143.7891,0
kucher,CounterTerrorist,1759.934,-51.79433,128.8959,M4A1,100,100,-19.5116,-27.04601,0,False,True,True,143.7891,0
kucher,CounterTerrorist,1760.416,-51.13625,128.868,M4A1,100,100,23.40155,32.16333,0,False,True,True,144.1406,0
kucher,CounterTerrorist,1763.036,-47.53215,128.6444,M4A1,100,100,55.98708,77.05804,0,False,True,True,144.1406,0
kucher,CounterTerrorist,1767.437,-41.46693,128.2683,M4A1,100,100,75.99376,104.817,0,False,True,True,144.1406,0
kucher,CounterTerrorist,1770.567,-37.17717,127.8353,M4A1,100,100,24.17357,32.38807,0,False,True,True,144.8438,0
kucher,CounterTerrorist,1770.249,-37.66311,127.8929,M4A1,100,100,-21.8781,-31.03183,0,False,True,True,144.8438,0
kucher,CounterTerrorist,1767.746,-41.2135,128.2485,M4A1,100,100,-53.91951,-76.47927,0,False,True,True,144.8438,0
kucher,CounterTerrorist,1765.489,-44.41198,128.4447,M4A1,100,100,-11.07478,-15.61463,0,False,True,True,144.8438,0
kucher,CounterTerrorist,1766.317,-43.23315,128.3725,M4A1,100,100,27.81292,39.5577,0,False,True,True,144.8438,0
kucher,CounterTerrorist,1769.179,-39.16335,128.0739,M4A1,100,100,59.16945,84.13013,0,False,True,True,144.8438,0.3515625
kucher,CounterTerrorist,1773.632,-32.8265,127.3117,M4A1,100,100,72.1862,102.7755,0,False,True,True,144.8438,0.3515625
kucher,CounterTerrorist,1775.961,-29.51743,126.9136,M4A1,100,100,11.5417,16.2699,0,False,True,True,144.8438,0.3515625
kucher,CounterTerrorist,1775.165,-30.65736,127.0505,M4A1,100,100,-27.26209,-38.96151,0,False,True,True,144.8438,0.3515625
kucher,CounterTerrorist,1772.34,-34.69408,127.5357,M4A1,100,100,-58.59809,-83.68768,0,False,True,True,144.8438,0.3515625
kucher,CounterTerrorist,1768.302,-40.45691,128.2013,M4A1,100,100,-50.21431,-71.6912,0,False,True,True,144.8438,0.3515625
kucher,CounterTerrorist,1767.205,-42.02686,128.2973,M4A1,100,100,5.654788,8.057467,0,False,True,True,144.8438,0.3515625
kucher,CounterTerrorist,1768.694,-39.90453,128.1619,M4A1,100,100,37.95919,54.10621,0,False,True,True,144.8438,0.3515625
kucher,CounterTerrorist,1772.142,-34.98328,127.5703,M4A1,100,100,67.40491,96.27315,0,False,True,True,145.1953,0.3515625
kucher,CounterTerrorist,1776.309,-29.03033,126.8548,M4A1,100,100,46.63464,66.5794,0,False,True,True,145.1953,0.3515625
kucher,CounterTerrorist,1777.202,-27.76389,126.7023,M4A1,100,100,-8.27456,-11.99551,0,False,True,True,145.1953,0.3515625
kucher,CounterTerrorist,1775.56,-30.13968,126.9872,M4A1,100,100,-40.25736,-58.26817,0,False,True,True,145.5469,0.3515625
kucher,CounterTerrorist,1771.997,-35.30176,127.606,M4A1,100,100,-68.82118,-99.76378,0,False,True,True,145.5469,0.3515625
kucher,CounterTerrorist,1768.924,-39.75953,128.1402,M4A1,100,100,-23.75928,-34.59186,0,False,True,True,145.1953,0.3515625
kucher,CounterTerrorist,1769.216,-39.35758,128.0915,M4A1,100,100,21.15117,30.09051,0,False,True,True,144.8438,0.3515625
kucher,CounterTerrorist,1771.671,-35.86252,127.6712,M4A1,100,100,53.13744,75.68365,0,False,True,True,144.8438,0.3515625
kucher,CounterTerrorist,1775.932,-29.78303,126.9403,M4A1,100,100,78.70435,112.4623,0,False,True,True,145.1953,0.3515625
kucher,CounterTerrorist,1779.537,-24.65103,126.3231,M4A1,100,100,31.70029,44.40129,0,False,True,True,145.8984,0.3515625
kucher,CounterTerrorist,1779.637,-24.57889,126.3128,M4A1,100,100,-16.52952,-24.73792,0,False,True,True,145.8984,0.3515625
kucher,CounterTerrorist,1777.496,-27.76175,126.6925,M4A1,100,100,-47.9901,-71.18763,0,False,True,True,145.8984,0.3515625
kucher,CounterTerrorist,1773.518,-33.61182,127.3918,M4A1,100,100,-74.80836,-109.2226,0,False,True,True,144.8438,0.3515625
kucher,CounterTerrorist,1770.411,-38.18004,127.9379,M4A1,100,100,-23.41921,-35.37057,0,False,True,True,144.8438,0.3515625
kucher,CounterTerrorist,1770.704,-37.81448,127.8927,M4A1,100,100,20.92493,29.65065,0,False,True,True,145.1953,0.3515625
kucher,CounterTerrorist,1773.13,-34.3362,127.4749,M4A1,100,100,52.45615,75.60413,0,False,True,True,145.5469,0.3515625
kucher,CounterTerrorist,1777.453,-28.07689,126.7246,M4A1,100,100,48.21585,69.71597,0,False,True,True,145.8984,0.3515625
kucher,CounterTerrorist,1778.465,-26.63807,126.5395,M4A1,100,100,-6.224777,-9.348319,0,False,True,True,145.8984,0.3515625
kucher,CounterTerrorist,1777.264,-28.42379,126.7645,M4A1,100,100,-33.74006,-50.15757,0,False,True,True,146.25,0.3515625
kucher,CounterTerrorist,1774.176,-33.01678,127.3123,M4A1,100,100,-52.06815,-77.46095,0,False,True,True,146.25,0.3515625
kucher,CounterTerrorist,1772.939,-34.86078,127.5322,M4A1,100,100,4.96367,7.254068,0,False,True,True,145.8984,0.3515625
kucher,CounterTerrorist,1774.363,-32.77376,127.2826,M4A1,100,100,36.67063,53.71621,0,False,True,True,145.5469,0.3515625
kucher,CounterTerrorist,1777.718,-27.86025,126.6948,M4A1,100,100,65.79183,96.36969,0,False,True,True,145.5469,0.3515625
kucher,CounterTerrorist,1780.355,-23.99689,126.2327,M4A1,100,100,16.71855,24.49006,0,False,True,True,145.5469,0.3515625
kucher,CounterTerrorist,1779.765,-24.86166,126.3361,M4A1,100,100,-24.51191,-35.90295,0,False,True,True,145.5469,0.3515625
kucher,CounterTerrorist,1777.125,-28.72661,126.7985,M4A1,100,100,-55.60014,-81.36567,0,False,True,True,145.5469,0.3515625
kucher,CounterTerrorist,1773.59,-33.89728,127.4172,M4A1,100,100,-37.96839,-55.57943,0,False,True,True,145.5469,0.3515625
kucher,CounterTerrorist,1773.153,-34.54236,127.4942,M4A1,100,100,12.84454,18.70343,0,False,True,True,145.5469,0.3515625
kucher,CounterTerrorist,1775.074,-31.74244,127.159,M4A1,100,100,44.65596,65.09413,0,False,True,True,145.5469,0.3515625
kucher,CounterTerrorist,1777.118,-28.76306,126.8023,M4A1,100,100,8.885009,12.94541,0,False,True,True,145.5469,0.3515625
kucher,CounterTerrorist,1775.921,-30.50726,127.0111,M4A1,100,100,-33.27544,-48.51517,0,False,True,True,145.5469,0.3515625
kucher,CounterTerrorist,1773.251,-34.40071,127.4772,M4A1,100,100,-59.84715,-87.25614,0,False,True,True,145.5469,0.3515625
kucher,CounterTerrorist,1770.942,-37.7682,127.8804,M4A1,100,100,-11.58223,-16.94131,0,False,True,True,145.5469,0.3515625
kucher,CounterTerrorist,1771.713,-36.65501,127.7469,M4A1,100,100,26.70564,38.64911,0,False,True,True,145.1953,0.3515625
kucher,CounterTerrorist,1774.494,-32.62905,127.2642,M4A1,100,100,57.78352,83.65397,0,False,True,True,145.1953,0.3515625
kucher,CounterTerrorist,1778.73,-26.49509,126.5288,M4A1,100,100,59.91401,86.71908,0,False,True,True,145.5469,0.3515625
kucher,CounterTerrorist,1780.396,-24.10041,126.2414,M4A1,100,100,1.486231,1.728489,0,False,True,True,145.5469,0.3515625
kucher,CounterTerrorist,1779.184,-25.88009,126.4542,M4A1,100,100,-33.22599,-48.83041,0,False,True,True,145.8984,0.3515625
kucher,CounterTerrorist,1776.03,-30.51684,127.0084,M4A1,100,100,-62.90287,-92.51719,0,False,True,True,145.8984,0.3515625
kucher,CounterTerrorist,1771.739,-36.8274,127.7628,M4A1,100,100,-58.70847,-86.44796,0,False,True,True,145.1953,0.3515625
kucher,CounterTerrorist,1770.155,-39.21675,128.0347,M4A1,100,100,-0.1906487,-1.650348,0,False,True,True,144.8438,0.3515625
kucher,CounterTerrorist,1771.391,-37.45285,127.835,M4A1,100,100,33.87673,48.38125,0,False,True,True,144.8438,0.3515625
kucher,CounterTerrorist,1774.604,-32.85747,127.2828,M4A1,100,100,64.0219,91.7461,0,False,True,True,145.1953,0.3515625
kucher,CounterTerrorist,1779.336,-26.04465,126.4652,M4A1,100,100,75.15424,108.3562,0,False,True,True,145.5469,0.3515625
kucher,CounterTerrorist,1781.855,-22.44659,126.0327,M4A1,100,100,14.84125,20.49585,0,False,True,True,145.8984,0.3515625
kucher,CounterTerrorist,1781.191,-23.43019,126.1501,M4A1,100,100,-25.33314,-37.19183,0,False,True,True,145.8984,0.3515625
kucher,CounterTerrorist,1778.036,-28.05858,126.7036,M4A1,100,100,-59.74356,-87.56861,0,False,True,True,145.5469,0.3515625
kucher,CounterTerrorist,1775.168,-32.26417,127.2066,M4A1,100,100,-21.52776,-31.71996,0,False,True,True,145.5469,0.3515625
kucher,CounterTerrorist,1775.36,-31.98948,127.1736,M4A1,100,100,17.49891,25.51307,0,False,True,True,145.5469,0.3515625
kucher,CounterTerrorist,1777.571,-28.76535,126.7876,M4A1,100,100,49.20575,71.74104,0,False,True,True,145.5469,0.3515625
kucher,CounterTerrorist,1781.349,-23.25715,126.1281,M4A1,100,100,53.50402,78.00783,0,False,True,True,145.5469,0.3515625
kucher,CounterTerrorist,1782.647,-21.36547,125.8958,M4A1,100,100,-4.312294,-6.287241,0,False,True,True,145.5469,0.3515625
kucher,CounterTerrorist,1781.261,-23.39068,126.144,M4A1,100,100,-36.03424,-52.73911,0,False,True,True,145.8984,0.3515625
kucher,CounterTerrorist,1777.99,-28.18797,126.7177,M4A1,100,100,-59.63546,-87.5312,0,False,True,True,145.8984,0.3515625
kucher,CounterTerrorist,1775.717,-31.51752,127.116,M4A1,100,100,-11.91076,-17.2433,0,False,True,True,145.8984,0.3515625
kucher,CounterTerrorist,1776.457,-30.41626,126.9847,M4A1,100,100,26.0448,38.57504,0,False,True,True,145.8984,0.3515625
kucher,CounterTerrorist,1779.179,-26.38191,126.5031,M4A1,100,100,56.63239,83.9754,0,False,True,True,145.8984,0.3515625
kucher,CounterTerrorist,1782.501,-21.45903,125.9155,M4A1,100,100,22.29986,32.86738,0,False,True,True,146.25,0.3515625
kucher,CounterTerrorist,1782.338,-21.71029,125.9453,M4A1,100,100,-17.22361,-25.69973,0,False,True,True,146.25,0.3515625
kucher,CounterTerrorist,1780.161,-24.95801,126.3324,M4A1,100,100,-48.43161,-72.26588,0,False,True,True,146.25,0.3515625
kucher,CounterTerrorist,1776.273,-30.75616,127.0237,M4A1,100,100,-63.25835,-94.28828,0,False,True,True,145.8984,0.3515625
kucher,CounterTerrorist,1774.397,-33.56443,127.3509,M4A1,100,100,-5.168578,-8.000602,0,False,True,True,145.8984,0.3515625
kucher,CounterTerrorist,1775.369,-32.12795,127.1868,M4A1,100,100,29.29168,43.39291,0,False,True,True,145.8984,0.3515625
kucher,CounterTerrorist,1778.774,-27.07915,126.5842,M4A1,100,100,62.68781,92.98481,0,False,True,True,145.8984,0.3515625
kucher,CounterTerrorist,1781.105,-23.62341,126.1717,M4A1,100,100,21.75868,32.22686,0,False,True,True,145.8984,0.3515625
kucher,CounterTerrorist,1780.756,-24.13917,126.2333,M4A1,100,100,-21.30184,-31.43018,0,False,True,True,145.8984,0.3515625
kucher,CounterTerrorist,1777.877,-28.3791,126.74,M4A1,100,100,-56.13134,-82.65185,0,False,True,True,145.8984,0.3515625
kucher,CounterTerrorist,1775.832,-31.38589,127.0994,M4A1,100,100,-15.89517,-23.19306,0,False,True,True,145.8984,0.3515625
kucher,CounterTerrorist,1776.469,-30.43722,126.9863,M4A1,100,100,25.16418,37.30634,0,False,True,True,145.8984,0.3515625
kucher,CounterTerrorist,1779.009,-26.66803,126.5365,M4A1,100,100,45.03293,66.83629,0,False,True,True,145.8984,0.3515625
kucher,CounterTerrorist,1779.852,-25.41741,126.3873,M4A1,100,100,-8.524506,-12.63625,0,False,True,True,145.8984,0.3515625
kucher,CounterTerrorist,1778.211,-27.84517,126.6771,M4A1,100,100,-40.04398,-59.2258,0,False,True,True,145.8984,0.3515625
kucher,CounterTerrorist,1774.676,-33.07034,127.3011,M4A1,100,100,-68.23244,-100.7873,0,False,True,True,145.8984,0.3515625
kucher,CounterTerrorist,1771.903,-37.17116,127.7908,M4A1,100,100,-18.87391,-28.04439,0,False,True,True,145.8984,0.3515625
kucher,CounterTerrorist,1772.348,-36.5216,127.7131,M4A1,100,100,22.1126,32.5148,0,False,True,True,145.8984,0.3515625
kucher,CounterTerrorist,1774.837,-32.86009,127.2754,M4A1,100,100,53.30793,78.42681,0,False,True,True,145.8984,0.3515625
kucher,CounterTerrorist,1778.828,-26.98897,126.5736,M4A1,100,100,62.1497,91.4418,0,False,True,True,145.8984,0.3515625
kucher,CounterTerrorist,1780.63,-24.33409,126.2564,M4A1,100,100,3.798242,5.720812,0,False,True,True,145.5469,0.3515625
kucher,CounterTerrorist,1779.554,-25.90018,126.444,M4A1,100,100,-31.16113,-45.33129,0,False,True,True,145.5469,0.3515625
kucher,CounterTerrorist,1776.51,-30.32462,126.974,M4A1,100,100,-61.54141,-89.3912,0,False,True,True,145.5469,0.3515625
kucher,CounterTerrorist,1772.328,-36.39679,127.7016,M4A1,100,100,-52.29554,-75.95245,0,False,True,True,145.5469,0.3515625
kucher,CounterTerrorist,1771.106,-38.17253,127.9078,M4A1,100,100,5.576023,8.092184,0,False,True,True,145.5469,0.3515625
kucher,CounterTerrorist,1772.577,-36.03837,127.6586,M4A1,100,100,37.49184,54.41111,0,False,True,True,145.5469,0.3515625
kucher,CounterTerrorist,1775.898,-31.21759,127.0809,M4A1,100,100,55.50452,80.55257,0,False,True,True,145.5469,0.3515625
kucher,CounterTerrorist,1777.308,-29.17475,126.8325,M4A1,100,100,-2.595816,-3.835673,0,False,True,True,145.5469,0.3515625
kucher,CounterTerrorist,1776.024,-31.04318,127.0598,M4A1,100,100,-34.48504,-50.17302,0,False,True,True,145.5469,0.3515625
kucher,CounterTerrorist,1772.783,-35.74872,127.6236,M4A1,100,100,-64.36894,-93.33418,0,False,True,True,145.1953,0.3515625
kucher,CounterTerrorist,1768.78,-41.54869,128.2273,M4A1,100,100,-44.34259,-64.45361,0,False,True,True,145.1953,0.3515625
kucher,CounterTerrorist,1768.01,-42.68922,128.2962,M4A1,100,100,9.664198,13.83362,0,False,True,True,145.1953,0.3515625
kucher,CounterTerrorist,1769.746,-40.20304,128.1443,M4A1,100,100,41.8458,59.96826,0,False,True,True,145.1953,0.3515625
kucher,CounterTerrorist,1773.405,-34.95429,127.526,M4A1,100,100,70.28506,100.8929,0,False,True,True,145.1953,0.3515625
kucher,CounterTerrorist,1777.278,-29.39398,126.8583,M4A1,100,100,39.33532,56.33901,0,False,True,True,145.1953,0.3515625
kucher,CounterTerrorist,1777.78,-28.6872,126.7731,M4A1,100,100,-12.08049,-17.52682,0,False,True,True,145.1953,0.3515625
kucher,CounterTerrorist,1775.899,-31.40807,127.0994,M4A1,100,100,-44.12032,-63.76007,0,False,True,True,145.1953,0.3515625
kucher,CounterTerrorist,1772.117,-36.8602,127.7536,M4A1,100,100,-72.02658,-103.7052,0,False,True,True,145.1953,0.3515625
kucher,CounterTerrorist,1769.154,-41.12995,128.1844,M4A1,100,100,-21.34443,-30.88683,0,False,True,True,145.1953,0.3515625
kucher,CounterTerrorist,1769.524,-40.60293,128.1668,M4A1,100,100,21.71097,31.14899,0,False,True,True,145.1953,0.3515625
kucher,CounterTerrorist,1772.008,-37.03913,127.7745,M4A1,100,100,53.50761,76.76804,0,False,True,True,145.1953,0.3515625
kucher,CounterTerrorist,1773.62,-34.72572,127.4967,M4A1,100,100,0,0,0,False,True,True,145.1953,0.3515625
kucher,CounterTerrorist,1772.389,-36.492,127.7088,M4A1,100,100,-33.79721,-48.43684,0,False,True,True,145.1953,0.3515625
kucher,CounterTerrorist,1769.173,-41.08553,128.1968,M4A1,100,100,-64.2458,-91.58945,0,False,True,True,144.8438,0.3515625
kucher,CounterTerrorist,1767.292,-43.77656,128.3581,M4A1,100,100,-4.498667,-6.661598,0,False,True,True,144.8438,0.3515625
kucher,CounterTerrorist,1768.618,-41.89459,128.2458,M4A1,100,100,35.0173,49.78843,0,False,True,True,144.8438,0.3515625
kucher,CounterTerrorist,1771.389,-37.94188,127.8826,M4A1,100,100,61.64145,88.14208,0,False,True,True,145.1953,0.703125
kucher,CounterTerrorist,1775.833,-31.57364,127.1177,M4A1,100,100,62.79864,89.99496,0,False,True,True,145.1953,0.703125
kucher,CounterTerrorist,1777.648,-28.98408,126.8063,M4A1,100,100,3.638352,4.939097,0,False,True,True,145.1953,0.703125
kucher,CounterTerrorist,1776.541,-30.5843,126.9982,M4A1,100,100,-31.75377,-45.81359,0,False,True,True,145.1953,0.703125
kucher,CounterTerrorist,1773.454,-35.03177,127.5319,M4A1,100,100,-62.2854,-89.61327,0,False,True,True,145.1953,0.703125
kucher,CounterTerrorist,1769.095,-41.28979,128.2071,M4A1,100,100,-58.11721,-83.55666,0,False,True,True,144.8438,0.703125
kucher,CounterTerrorist,1767.563,-43.52764,128.3387,M4A1,100,100,0.9093237,0.5365695,0,False,True,True,144.8438,0.703125
kucher,CounterTerrorist,1768.807,-41.77041,128.2349,M4A1,100,100,34.13631,48.19844,0,False,True,True,144.8438,0.703125
kucher,CounterTerrorist,1771.743,-37.62449,127.8401,M4A1,100,100,42.53533,60.05736,0,False,True,True,144.8438,0.703125
kucher,CounterTerrorist,1772.416,-36.67407,127.7256,M4A1,100,100,-9.761867,-13.76486,0,False,True,True,144.4922,0.703125
kucher,CounterTerrorist,1770.658,-39.14444,128.0235,M4A1,100,100,-42.42733,-59.55822,0,False,True,True,144.4922,0.703125
kucher,CounterTerrorist,1767.467,-43.62205,128.3496,M4A1,100,100,-38.37276,-53.80359,0,False,True,True,144.4922,0.3515625
kucher,CounterTerrorist,1767.195,-43.99468,128.3728,M4A1,100,100,17.82885,25.2836,0,False,True,True,144.8438,0.3515625
kucher,CounterTerrorist,1769.053,-41.35231,128.2109,M4A1,100,100,46.05686,65.60316,0,False,True,True,144.8438,0.3515625
kucher,CounterTerrorist,1772.938,-35.80355,127.6239,M4A1,100,100,73.42057,105.0852,0,False,True,True,145.1953,0.3515625
kucher,CounterTerrorist,1776.977,-30.02175,126.9292,M4A1,100,100,41.70835,59.38306,0,False,True,True,145.5469,0.3515625
kucher,CounterTerrorist,1777.63,-29.12664,126.8208,M4A1,100,100,-9.796807,-14.44333,0,False,True,True,145.5469,0.3515625
kucher,CounterTerrorist,1775.901,-31.66187,127.124,M4A1,100,100,-41.53466,-60.8844,0,False,True,True,145.5469,0.3515625
kucher,CounterTerrorist,1773.115,-35.7457,127.6125,M4A1,100,100,-27.27603,-39.98655,0,False,True,True,145.5469,0.3515625
kucher,CounterTerrorist,1773.178,-35.65156,127.6012,M4A1,100,100,17.41653,25.56938,0,False,True,True,145.8984,0.3515625
kucher,CounterTerrorist,1775.379,-32.42031,127.2149,M4A1,100,100,48.97409,71.89935,0,False,True,True,145.8984,0.3515625
kucher,CounterTerrorist,1779.267,-26.71166,126.5323,M4A1,100,100,64.12757,94.14632,0,False,True,True,145.8984,0.3515625
kucher,CounterTerrorist,1781.783,-23.01806,126.0906,M4A1,100,100,15.58819,22.88517,0,False,True,True,145.8984,0.3515625
kucher,CounterTerrorist,1781.138,-23.96918,126.2043,M4A1,100,100,-25.2689,-37.23549,0,False,True,True,145.8984,0.3515625
kucher,CounterTerrorist,1778.46,-27.92046,126.6763,M4A1,100,100,-56.02393,-82.72469,0,False,True,True,145.8984,0.3515625
kucher,CounterTerrorist,1774.077,-34.39325,127.4494,M4A1,100,100,-80.07013,-118.1713,0,False,True,True,145.8984,0.3515625
kucher,CounterTerrorist,1769.354,-41.37852,128.202,M4A1,100,100,-38.8461,-58.25208,0,False,True,True,145.1953,0.3515625
kucher,CounterTerrorist,1768.767,-42.31514,128.257,M4A1,100,100,7.643267,10.44819,0,False,True,True,145.1953,0.3515625
kucher,CounterTerrorist,1770.71,-39.54713,128.061,M4A1,100,100,43.68832,62.46202,0,False,True,True,145.1953,0.3515625
kucher,CounterTerrorist,1773.442,-35.63764,127.5912,M4A1,100,100,41.7595,59.74594,0,False,True,True,145.1953,0.3515625
kucher,CounterTerrorist,1774.09,-34.71421,127.4802,M4A1,100,100,-9.779867,-14.03579,0,False,True,True,145.1953,0.3515625
kucher,CounterTerrorist,1772.348,-37.21376,127.7804,M4A1,100,100,-41.94531,-60.18171,0,False,True,True,145.1953,0.3515625
kucher,CounterTerrorist,1768.677,-42.47011,128.2659,M4A1,100,100,-70.6035,-100.8867,0,False,True,True,144.8438,0.3515625
kucher,CounterTerrorist,1764.748,-48.08065,128.6091,M4A1,100,100,-39.18849,-56.21476,0,False,True,True,144.8438,0.3515625
kucher,CounterTerrorist,1764.269,-48.78959,128.6519,M4A1,100,100,12.47168,17.4757,0,False,True,True,144.8438,0.3515625
kucher,CounterTerrorist,1766.19,-46.08266,128.4855,M4A1,100,100,44.95439,63.3989,0,False,True,True,144.8438,0.3515625
kucher,CounterTerrorist,1770.031,-40.65999,128.1523,M4A1,100,100,73.02625,103.1688,0,False,True,True,144.8438,0.3515625
kucher,CounterTerrorist,1773.041,-36.41457,127.6799,M4A1,100,100,21.8734,30.6466,0,False,True,True,144.8438,0.3515625
kucher,CounterTerrorist,1772.674,-36.94184,127.7432,M4A1,100,100,-21.84472,-31.05534,0,False,True,True,144.8438,0.3515625
kucher,CounterTerrorist,1770.175,-40.49491,128.1413,M4A1,100,100,-53.83726,-76.5372,0,False,True,True,144.8438,0.3515625
kucher,CounterTerrorist,1766.388,-45.87928,128.4712,M4A1,100,100,-46.67561,-66.44715,0,False,True,True,144.8438,0.3515625
kucher,CounterTerrorist,1765.608,-47.01243,128.5401,M4A1,100,100,12.66728,17.59714,0,False,True,True,144.4922,0.703125
kucher,CounterTerrorist,1767.193,-44.79713,128.4035,M4A1,100,100,41.21626,57.69013,0,False,True,True,144.4922,0.703125
kucher,CounterTerrorist,1770.576,-40.05987,128.1116,M4A1,100,100,48.008,67.24317,0,False,True,True,144.4922,0.703125
kucher,CounterTerrorist,1771.524,-38.73358,127.9402,M4A1,100,100,-7.707966,-10.82484,0,False,True,True,144.4922,0.703125
kucher,CounterTerrorist,1769.894,-41.02008,128.1706,M4A1,100,100,-40.37075,-56.62009,0,False,True,True,144.4922,0.703125
kucher,CounterTerrorist,1766.288,-46.066,128.4816,M4A1,100,100,-69.94933,-97.77039,0,False,True,True,144.1406,0.703125
kucher,CounterTerrorist,1762.393,-51.51105,128.8174,M4A1,100,100,-38.55743,-54.02602,0,False,True,True,144.1406,0.703125
kucher,CounterTerrorist,1762.119,-51.90671,128.8415,M4A1,100,100,17.91088,24.87663,0,False,True,True,144.1406,0.703125
kucher,CounterTerrorist,1763.997,-49.29777,128.6803,M4A1,100,100,46.6571,64.82835,0,False,True,True,144.1406,0.703125
kucher,CounterTerrorist,1767.945,-43.81194,128.3412,M4A1,100,100,74.75805,103.881,0,False,True,True,144.1406,0.703125
kucher,CounterTerrorist,1773.614,-35.9339,127.6144,M4A1,100,100,64.42233,89.48429,0,False,True,True,144.1406,0.703125
kucher,CounterTerrorist,1775.453,-33.38828,127.3065,M4A1,100,100,11.38429,15.52925,0,False,True,True,144.4922,0.703125
kucher,CounterTerrorist,1774.623,-34.55692,127.4474,M4A1,100,100,-28.02773,-39.26908,0,False,True,True,144.4922,0.703125
kucher,CounterTerrorist,1771.997,-38.23418,127.8911,M4A1,100,100,-43.1974,-60.4775,0,False,True,True,144.4922,0.703125
kucher,CounterTerrorist,1770.983,-39.65391,128.0624,M4A1,100,100,6.663068,9.324752,0,False,True,True,144.4922,0.703125
kucher,CounterTerrorist,1772.548,-37.46105,127.7978,M4A1,100,100,39.31248,55.12953,0,False,True,True,144.4922,0.703125
kucher,CounterTerrorist,1776.651,-31.70184,127.1033,M4A1,100,100,72.04222,101.1687,0,False,True,True,144.4922,0.703125
kucher,CounterTerrorist,1779.601,-27.55984,126.6038,M4A1,100,100,20.81732,29.19617,0,False,True,True,144.4922,0.703125
kucher,CounterTerrorist,1779.375,-27.87805,126.6421,M4A1,100,100,-17.93517,-25.2083,0,False,True,True,144.4922,0.703125
kucher,CounterTerrorist,1777.109,-31.06371,127.0262,M4A1,100,100,-50.42386,-70.89015,0,False,True,True,144.4922,0.3515625
kucher,CounterTerrorist,1773.237,-36.5132,127.6831,M4A1,100,100,-60.67856,-85.43737,0,False,True,True,144.8438,0.3515625
kucher,CounterTerrorist,1771.228,-39.33084,128.0147,M4A1,100,100,-6.447894,-8.717281,0,False,True,True,144.8438,0.3515625
kucher,CounterTerrorist,1772.206,-37.93346,127.855,M4A1,100,100,29.88959,42.58947,0,False,True,True,144.8438,0.3515625
kucher,CounterTerrorist,1775.146,-33.74433,127.3512,M4A1,100,100,55.24165,78.71342,0,False,True,True,144.8438,0.3515625
kucher,CounterTerrorist,1776.854,-31.31097,127.0586,M4A1,100,100,1.807367,2.575295,0,False,True,True,144.8438,0.3515625
kucher,CounterTerrorist,1775.333,-33.47699,127.3191,M4A1,100,100,-37.77615,-53.82697,0,False,True,True,144.8438,0.3515625
kucher,CounterTerrorist,1772.418,-37.63034,127.8185,M4A1,100,100,-64.10925,-91.3488,0,False,True,True,144.8438,0.3515625
kucher,CounterTerrorist,1768.834,-42.7373,128.271,M4A1,100,100,-34.43118,-49.06074,0,False,True,True,144.8438,0.3515625
kucher,CounterTerrorist,1768.576,-43.10579,128.2935,M4A1,100,100,14.03844,20.00327,0,False,True,True,144.8438,0.3515625
kucher,CounterTerrorist,1770.589,-40.2369,128.1179,M4A1,100,100,46.35151,66.04594,0,False,True,True,144.8438,0.3515625
kucher,CounterTerrorist,1774.193,-35.10063,127.5144,M4A1,100,100,51.87538,73.91687,0,False,True,True,144.8438,0.3515625
kucher,CounterTerrorist,1775.376,-33.41627,127.3042,M4A1,100,100,-5.646122,-8.063543,0,False,True,True,144.8438,0.3515625
kucher,CounterTerrorist,1773.889,-35.54047,127.5671,M4A1,100,100,-37.87625,-54.1643,0,False,True,True,145.1953,0.3515625
kucher,CounterTerrorist,1769.899,-41.25499,128.1794,M4A1,100,100,-70.36896,-100.8344,0,False,True,True,145.1953,0.3515625
kucher,CounterTerrorist,1765.831,-47.08545,128.5356,M4A1,100,100,-61.77824,-88.53848,0,False,True,True,145.1953,0.3515625
kucher,CounterTerrorist,1764.081,-49.59753,128.6872,M4A1,100,100,-2.537481,-3.773308,0,False,True,True,144.8438,0.3515625
kucher,CounterTerrorist,1765.257,-47.92446,128.5865,M4A1,100,100,32.95895,46.90662,0,False,True,True,144.8438,0.3515625
kucher,CounterTerrorist,1768.945,-42.67772,128.265,M4A1,100,100,66.8058,95.00913,0,False,True,True,144.8438,0.3515625
kucher,CounterTerrorist,1772.978,-36.94302,127.7334,M4A1,100,100,64.34702,91.50534,0,False,True,True,144.8438,0.3515625
kucher,CounterTerrorist,1774.865,-34.25782,127.4104,M4A1,100,100,4.610642,6.571049,0,False,True,True,144.8438,0.3515625
kucher,CounterTerrorist,1773.814,-35.75241,127.5902,M4A1,100,100,-30.98136,-44.04243,0,False,True,True,144.8438,0.3515625
kucher,CounterTerrorist,1770.763,-40.08991,128.1066,M4A1,100,100,-61.88728,-87.98005,0,False,True,True,144.8438,0.3515625
kucher,CounterTerrorist,1768.054,-43.94149,128.3425,M4A1,100,100,-10.84981,-15.48938,0,False,True,True,144.8438,0.3515625
kucher,CounterTerrorist,1768.675,-43.06335,128.2887,M4A1,100,100,23.95289,33.95993,0,False,True,True,144.8438,0.3515625
kucher,CounterTerrorist,1771.305,-39.33362,128.0207,M4A1,100,100,55.80561,79.14443,0,False,True,True,144.8438,0.3515625
kucher,CounterTerrorist,1775.851,-32.88719,127.2448,M4A1,100,100,50.8835,72.02168,0,False,True,True,145.1953,0.3515625
kucher,CounterTerrorist,1777.033,-31.23196,127.0451,M4A1,100,100,0,0,0,False,True,True,145.1953,0.3515625
kucher,CounterTerrorist,1775.804,-32.99984,127.2573,M4A1,100,100,-33.72051,-48.49027,0,False,True,True,145.1953,0.3515625
kucher,CounterTerrorist,1772.603,-37.60345,127.8099,M4A1,100,100,-63.87318,-91.85,0,False,True,True,145.1953,0.3515625
kucher,CounterTerrorist,1769.068,-42.68572,128.2613,M4A1,100,100,-34.52824,-49.6518,0,False,True,True,145.1953,0.3515625
kucher,CounterTerrorist,1768.93,-42.88443,128.2734,M4A1,100,100,17.66312,25.39966,0,False,True,True,145.1953,0.3515625
kucher,CounterTerrorist,1770.774,-40.23262,128.1116,M4A1,100,100,45.76354,65.80823,0,False,True,True,145.1953,0.3515625
kucher,CounterTerrorist,1774.64,-34.67042,127.4579,M4A1,100,100,73.14194,105.2798,0,False,True,True,145.1953,0.3515625
kucher,CounterTerrorist,1777.032,-31.2303,127.0449,M4A1,100,100,12.68795,18.19182,0,False,True,True,145.1953,0.3515625
kucher,CounterTerrorist,1776.32,-32.25816,127.1682,M4A1,100,100,-25.83367,-37.237,0,False,True,True,145.1953,0.3515625
kucher,CounterTerrorist,1773.588,-36.19581,127.6407,M4A1,100,100,-57.11564,-82.32314,0,False,True,True,145.1953,0.3515625
kucher,CounterTerrorist,1769.019,-42.78163,128.2666,M4A1,100,100,-51.81872,-74.68812,0,False,True,True,145.1953,0.3515625
kucher,CounterTerrorist,1767.784,-44.56083,128.3689,M4A1,100,100,-0.9198183,-1.326498,0,False,True,True,145.1953,0.3515625
kucher,CounterTerrorist,1769.012,-42.79163,128.2672,M4A1,100,100,33.66836,48.52649,0,False,True,True,145.1953,0.3515625
kucher,CounterTerrorist,1772.208,-38.18458,127.8793,M4A1,100,100,63.77442,91.91859,0,False,True,True,145.1953,0.3515625
kucher,CounterTerrorist,1777.46,-30.6112,126.9707,M4A1,100,100,72.51147,104.6048,0,False,True,True,145.5469,0.3515625
kucher,CounterTerrorist,1780.018,-26.95299,126.5311,M4A1,100,100,24.83475,34.63832,0,False,True,True,146.25,0.3515625
kucher,CounterTerrorist,1779.793,-27.35051,126.5771,M4A1,100,100,-19.9583,-30.06624,0,False,True,True,146.25,0.3515625
kucher,CounterTerrorist,1777.444,-30.86572,126.996,M4A1,100,100,-51.14686,-76.27045,0,False,True,True,145.8984,0.3515625
kucher,CounterTerrorist,1774.422,-35.3658,127.5326,M4A1,100,100,-30.05448,-45.17604,0,False,True,True,145.5469,0.3515625
kucher,CounterTerrorist,1774.388,-35.45859,127.5428,M4A1,100,100,17.09661,24.75688,0,False,True,True,145.5469,0.3515625
kucher,CounterTerrorist,1776.575,-32.28213,127.1622,M4A1,100,100,48.85153,70.99056,0,False,True,True,145.5469,0.3515625
kucher,CounterTerrorist,1779.028,-28.71665,126.7351,M4A1,100,100,18.04946,26.20568,0,False,True,True,145.5469,0.3515625
kucher,CounterTerrorist,1778.512,-29.46826,126.8251,M4A1,100,100,-23.39643,-34.03967,0,False,True,True,145.5469,0.3515625
kucher,CounterTerrorist,1775.935,-33.21607,127.274,M4A1,100,100,-54.76425,-79.59534,0,False,True,True,145.5469,0.3515625
kucher,CounterTerrorist,1772.111,-38.77019,127.9394,M4A1,100,100,-47.29058,-68.74636,0,False,True,True,145.1953,0.3515625
kucher,CounterTerrorist,1771.164,-40.15731,128.0925,M4A1,100,100,7.152953,10.25126,0,False,True,True,145.1953,0.3515625
kucher,CounterTerrorist,1772.735,-37.88988,127.8334,M4A1,100,100,39.14651,56.51656,0,False,True,True,145.1953,0.3515625
kucher,CounterTerrorist,1776.111,-33.01425,127.2486,M4A1,100,100,57.09607,82.4563,0,False,True,True,145.1953,0.3515625
kucher,CounterTerrorist,1777.936,-30.37763,126.9324,M4A1,100,100,3.859069,5.635007,0,False,True,True,145.1953,0.3515625
kucher,CounterTerrorist,1776.851,-31.94017,127.1199,M4A1,100,100,-31.38341,-45.22246,0,False,True,True,145.1953,0.3515625
kucher,CounterTerrorist,1773.745,-36.41662,127.657,M4A1,100,100,-38.35138,-55.26878,0,False,True,True,145.1953,0.3515625
kucher,CounterTerrorist,1773.201,-37.2006,127.7511,M4A1,100,100,8.947667,12.89729,0,False,True,True,145.1953,0.3515625
kucher,CounterTerrorist,1774.887,-34.76931,127.4594,M4A1,100,100,40.98058,59.1353,0,False,True,True,145.1953,0.3515625
kucher,CounterTerrorist,1777.981,-30.30261,126.9236,M4A1,100,100,37.12315,53.58029,0,False,True,True,145.1953,0.3515625
kucher,CounterTerrorist,1778.362,-29.7542,126.8578,M4A1,100,100,-13.60654,-19.65632,0,False,True,True,145.1953,0.3515625
kucher,CounterTerrorist,1777.673,-30.7473,126.9769,M4A1,100,100,7.161037,10.43558,0,False,True,True,145.5469,0.3515625
kucher,CounterTerrorist,1779.241,-28.46564,126.7037,M4A1,100,100,39.0321,56.78532,0,False,True,True,145.5469,0.3515625
kucher,CounterTerrorist,1782.729,-23.3797,126.0948,M4A1,100,100,67.60993,98.81641,0,False,True,True,145.8984,0.3515625
kucher,CounterTerrorist,1787.721,-16.05436,125.2188,M4A1,100,100,88.4492,130.1284,0,False,True,True,145.8984,0.3515625
kucher,CounterTerrorist,1791.979,-9.794647,124.4705,M4A1,100,100,44.36294,64.97705,0,False,True,True,145.8984,0.3515625
kucher,CounterTerrorist,1792.772,-8.64523,124.3327,M4A1,100,100,-9.469915,-13.96733,0,False,True,True,145.8984,0.3515625
kucher,CounterTerrorist,1791.07,-11.15499,124.6325,M4A1,100,100,-41.03629,-60.5251,0,False,True,True,145.8984,0.3515625
kucher,CounterTerrorist,1787.477,-16.44909,125.2652,M4A1,100,100,-69.09859,-101.7091,0,False,True,True,145.8984,0.3515625
kucher,CounterTerrorist,1782.397,-23.92073,126.1582,M4A1,100,100,-89.8346,-132.0632,0,False,True,True,145.5469,0.3515625
kucher,CounterTerrorist,1776.214,-32.99065,127.2429,M4A1,100,100,-105.3873,-154.2291,0,False,True,True,145.1953,0.3515625
kucher,CounterTerrorist,1770.93,-40.73037,128.1255,M4A1,100,100,-55.71383,-82.01962,0,False,True,True,145.1953,0.3515625
kucher,CounterTerrorist,1769.51,-42.86011,128.2512,M4A1,100,100,2.293876,2.540728,0,False,True,True,145.1953,0.3515625
kucher,CounterTerrorist,1771.059,-40.63344,128.1176,M4A1,100,100,38.04656,54.78386,0,False,True,True,145.1953,0.3515625
kucher,CounterTerrorist,1773.98,-36.42631,127.6503,M4A1,100,100,64.07849,92.31656,0,False,True,True,145.1953,0.3515625
kucher,CounterTerrorist,1777.18,-31.81533,127.0969,M4A1,100,100,17.7251,25.52,0,False,True,True,145.1953,0.3515625
kucher,CounterTerrorist,1776.633,-32.60211,127.1914,M4A1,100,100,-24.01015,-34.52527,0,False,True,True,145.1953,0.3515625
kucher,CounterTerrorist,1774.444,-35.74971,127.5692,M4A1,100,100,-51.86699,-74.58398,0,False,True,True,145.1953,0.3515625
kucher,CounterTerrorist,1772.006,-39.25418,127.99,M4A1,100,100,-14.79723,-21.21031,0,False,True,True,145.1953,0.3515625
kucher,CounterTerrorist,1772.679,-38.28175,127.8733,M4A1,100,100,25.61231,37.00013,0,False,True,True,145.1953,0.3515625
kucher,CounterTerrorist,1775.394,-34.35631,127.4026,M4A1,100,100,56.81768,82.18156,0,False,True,True,145.1953,0.3515625
kucher,CounterTerrorist,1778.589,-29.73429,126.8484,M4A1,100,100,29.00719,41.93693,0,False,True,True,145.1953,0.3515625
kucher,CounterTerrorist,1778.57,-29.7638,126.8519,M4A1,100,100,-17.58111,-25.4565,0,False,True,True,145.1953,0.3515625
kucher,CounterTerrorist,1776.348,-32.98078,127.2376,M4A1,100,100,-49.43689,-71.58194,0,False,True,True,145.1953,0.3515625
kucher,CounterTerrorist,1772.291,-38.85048,127.9413,M4A1,100,100,-75.76624,-109.5889,0,False,True,True,145.1953,0.3515625
kucher,CounterTerrorist,1769.158,-43.38415,128.285,M4A1,100,100,-24.65551,-35.71585,0,False,True,True,145.1953,0.3515625
kucher,CounterTerrorist,1769.391,-43.04984,128.2646,M4A1,100,100,20.12624,29.06183,0,False,True,True,145.1953,0.3515625
kucher,CounterTerrorist,1771.772,-39.61094,128.0323,M4A1,100,100,51.88316,74.94306,0,False,True,True,145.1953,0.3515625
kucher,CounterTerrorist,1775.958,-33.56401,127.3071,M4A1,100,100,77.57471,112.06,0,False,True,True,145.1953,0.3515625
kucher,CounterTerrorist,1778.595,-29.75579,126.8503,M4A1,100,100,16.47966,23.80252,0,False,True,True,145.1953,0.3515625
kucher,CounterTerrorist,1777.746,-30.98177,126.9973,M4A1,100,100,-29.14418,-42.10262,0,False,True,True,145.1953,0.3515625
kucher,CounterTerrorist,1775.286,-34.53609,127.4236,M4A1,100,100,-56.44608,-81.54348,0,False,True,True,145.1953,0.3515625
kucher,CounterTerrorist,1773.203,-37.54448,127.7728,M4A1,100,100,-8.634516,-12.47374,0,False,True,True,145.1953,0.3515625
kucher,CounterTerrorist,1774.155,-36.16952,127.6195,M4A1,100,100,29.61424,42.78139,0,False,True,True,145.1953,0
kucher,CounterTerrorist,1775.818,-33.76669,127.3314,M4A1,100,100,5.6027,8.09378,0,False,True,True,145.1953,0
kucher,CounterTerrorist,1774.843,-35.1756,127.5004,M4A1,100,100,-29.63865,-42.76448,0,False,True,True,145.1953,0.3515625
kucher,CounterTerrorist,1771.379,-40.15914,128.089,M4A1,100,100,-63.8879,-91.83967,0,False,True,True,145.1953,0.3515625
kucher,CounterTerrorist,1768.485,-44.31994,128.3429,M4A1,100,100,-31.76142,-45.70489,0,False,True,True,145.1953,0.3515625
kucher,CounterTerrorist,1768.382,-44.47124,128.352,M4A1,100,100,16.42958,23.55364,0,False,True,True,145.1953,0.3515625
kucher,CounterTerrorist,1770.54,-41.3774,128.1631,M4A1,100,100,48.52775,69.61224,0,False,True,True,145.1953,0.3515625
kucher,CounterTerrorist,1774.554,-35.61615,127.5526,M4A1,100,100,75.23656,108.0409,0,False,True,True,145.1953,0.3515625
kucher,CounterTerrorist,1778.212,-30.36849,126.9224,M4A1,100,100,33.67588,48.08687,0,False,True,True,145.1953,0.3515625
kucher,CounterTerrorist,1778.435,-30.06867,126.886,M4A1,100,100,-14.55165,-21.14718,0,False,True,True,145.1953,0.3515625
kucher,CounterTerrorist,1776.838,-32.3843,127.1635,M4A1,100,100,-24.15716,-35.02163,0,False,True,True,145.1953,0
kucher,CounterTerrorist,1777.1,-32.00524,127.118,M4A1,100,100,20.56807,29.79513,0,False,True,True,145.5469,0
kucher,CounterTerrorist,1779.939,-27.88506,126.6243,M4A1,100,100,55.76475,80.99725,0,False,True,True,145.5469,0
kucher,CounterTerrorist,1783.233,-23.09874,126.0509,M4A1,100,100,50.92379,73.98355,0,False,True,True,145.5469,0
kucher,CounterTerrorist,1784.384,-21.4284,125.8431,M4A1,100,100,-5.57656,-8.111806,0,False,True,True,145.5469,0
kucher,CounterTerrorist,1782.915,-23.565,126.1067,M4A1,100,100,-37.44262,-54.46498,0,False,True,True,145.5469,0
kucher,CounterTerrorist,1779.51,-28.51592,126.6997,M4A1,100,100,-66.64401,-96.80144,0,False,True,True,145.1953,0
kucher,CounterTerrorist,1774.634,-35.59253,127.5477,M4A1,100,100,-77.19778,-112.0025,0,False,True,True,145.1953,0.3515625
kucher,CounterTerrorist,1772.015,-39.39581,128.0034,M4A1,100,100,-16.25594,-23.69453,0,False,True,True,145.1953,0.3515625
kucher,CounterTerrorist,1772.644,-38.48787,127.8945,M4A1,100,100,25.22989,36.5227,0,False,True,True,145.1953,0.3515625
kucher,CounterTerrorist,1775.336,-34.5911,127.4273,M4A1,100,100,56.4705,81.76014,0,False,True,True,145.1953,0.3515625
kucher,CounterTerrorist,1778.513,-29.99144,126.8759,M4A1,100,100,28.74279,41.61355,0,False,True,True,145.1953,0.3515625
kucher,CounterTerrorist,1778.488,-30.02903,126.8804,M4A1,100,100,-17.55373,-25.47539,0,False,True,True,145.5469,0.3515625
kucher,CounterTerrorist,1776.27,-33.24839,127.2662,M4A1,100,100,-49.35989,-71.63505,0,False,True,True,145.5469,0.3515625
kucher,CounterTerrorist,1773.063,-37.90289,127.8239,M4A1,100,100,-33.30267,-48.29247,0,False,True,True,145.5469,0
kucher,CounterTerrorist,1772.85,-38.20657,127.8604,M4A1,100,100,14.5585,21.19461,0,False,True,True,145.5469,0
kucher,CounterTerrorist,1775.271,-34.67942,127.438,M4A1,100,100,50.16775,73.18996,0,False,True,True,145.5469,0
kucher,CounterTerrorist,1779.352,-28.71511,126.7243,M4A1,100,100,75.89432,111.055,0,False,True,True,145.8984,0
kucher,CounterTerrorist,1783.174,-23.11099,126.054,M4A1,100,100,65.81239,96.73535,0,False,True,True,146.25,0
kucher,CounterTerrorist,1787.275,-17.05688,125.3309,M4A1,100,100,65.46655,96.96973,0,False,True,True,146.6016,0
kucher,CounterTerrorist,1791.353,-10.98679,124.6069,M4A1,100,100,65.06284,97.24107,0,False,True,True,146.9531,0
kucher,CounterTerrorist,1795.406,-4.900152,123.8822,M4A1,100,100,64.65916,97.50996,0,False,True,True,147.3047,0.3515625
kucher,CounterTerrorist,1799.427,1.207248,123.2276,M4A1,100,100,64.08572,97.88779,0,False,True,True,148.0078,0.3515625
kucher,CounterTerrorist,1803.407,7.341489,122.6665,M4A1,100,100,63.3162,98.38728,0,False,True,True,149.0625,0.703125
kucher,CounterTerrorist,1807.328,13.5144,122.1061,M4A1,100,100,62.21987,99.08424,0,False,True,True,150.1172,0.703125
kucher,CounterTerrorist,1811.174,19.73367,121.9875,M4A1,100,100,61.01388,99.83138,0,False,True,True,150.8203,1.054688
kucher,CounterTerrorist,1814.949,25.99606,122.1808,M4A1,100,100,59.97232,100.4605,0,False,True,True,150.8203,1.054688
kucher,CounterTerrorist,1819.04,32.03526,122.6337,M4A1,100,100,74.61787,90.11755,0,False,True,True,150.1172,1.054688
kucher,CounterTerrorist,1824.383,38.29034,123.0665,M4A1,100,100,76.61385,88.42689,0,False,True,True,130.7813,2.109375
kucher,CounterTerrorist,1828.874,42.83993,123.3615,M4A1,100,100,87.69366,77.45204,0,False,True,True,98.4375,2.109375
kucher,CounterTerrorist,1834.608,47.37654,123.6144,M4A1,100,100,94.16359,69.44219,0,False,True,True,65.03906,359.6484
kucher,CounterTerrorist,1840.754,51.33261,123.7973,M4A1,100,100,99.43439,61.65874,0,False,True,True,60.11719,359.6484
kucher,CounterTerrorist,1847.259,56.3527,124.0719,M4A1,100,100,87.30208,77.89317,0,False,True,True,60.11719,359.6484
kucher,CounterTerrorist,1851.925,60.72927,124.3444,M4A1,100,100,88.27206,76.79221,0,False,True,True,60.11719,359.6484
kucher,CounterTerrorist,1858.604,65.51826,124.5908,M4A1,100,100,99.33152,61.82433,0,False,True,True,60.11719,359.6484
kucher,CounterTerrorist,1864.199,68.61799,124.7086,M4A1,100,100,104.2353,53.14123,0,False,True,True,59.76563,359.6484
kucher,CounterTerrorist,1870.863,71.62334,124.7697,M4A1,100,100,108.3761,44.08655,0,False,True,True,54.84375,0.703125
kucher,CounterTerrorist,1877.755,74.06377,124.8824,M4A1,100,100,111.5515,35.28838,0,False,True,True,52.03125,3.164063
kucher,CounterTerrorist,1884.804,76.00351,124.9654,M4A1,100,100,113.6072,27.97158,0,False,True,True,50.625,4.570313
kucher,CounterTerrorist,1891.949,77.55639,125.0004,M4A1,100,100,114.7668,22.75047,0,False,True,True,50.27344,5.273438
kucher,CounterTerrorist,1899.706,80.24281,125.1492,M4A1,100,100,106.3302,48.81474,0,False,True,True,50.27344,5.625
kucher,CounterTerrorist,1905.296,83.34664,125.3785,M4A1,100,100,99.23581,61.97784,0,False,True,True,50.27344,5.625
kucher,CounterTerrorist,1911.268,87.56348,125.7204,M4A1,100,100,94.89933,68.43329,0,False,True,True,50.27344,5.625
kucher,CounterTerrorist,1917.589,91.22288,125.9958,M4A1,100,100,105.0519,51.50815,0,False,True,True,50.27344,5.625
kucher,CounterTerrorist,1924.357,93.98312,126.166,M4A1,100,100,110.2763,39.09149,0,False,True,True,50.97656,5.625
kucher,CounterTerrorist,1931.342,96.14271,126.2675,M4A1,100,100,111.7279,34.72577,0,False,True,True,51.67969,5.273438
kucher,CounterTerrorist,1938.026,99.08307,126.4586,M4A1,100,100,103.0376,55.42791,0,False,True,True,52.73437,4.921875
kucher,CounterTerrorist,1944.148,103.0713,128.7502,M4A1,100,100,94.00173,69.66113,0,False,True,True,55.54688,4.21875
kucher,CounterTerrorist,1950.347,108.469,132.3494,M4A1,100,100,83.30437,82.1546,0,False,True,True,62.22656,4.21875
kucher,CounterTerrorist,1954.614,113.2327,135.5259,M4A1,100,100,73.99277,90.6315,0,False,True,True,68.20313,3.867188
kucher,CounterTerrorist,1958.864,119.1791,139.4903,M4A1,100,100,63.4883,98.27631,0,False,True,True,71.71875,2.8125
kucher,CounterTerrorist,1962.512,125.5138,143.7134,M4A1,100,100,54.64204,103.4565,0,False,True,True,73.47656,2.460938
kucher,CounterTerrorist,1965.648,132.118,148.1162,M4A1,100,100,46.74161,107.2577,0,False,True,True,76.64063,3.164063
kucher,CounterTerrorist,1968.296,138.9326,152.5689,M4A1,100,100,38.94938,110.3265,0,False,True,True,80.50781,3.867188
kucher,CounterTerrorist,1970.451,145.9185,156.5609,M4A1,100,100,31.0069,112.8165,0,False,True,True,84.72656,4.21875
kucher,CounterTerrorist,1972.286,153.9358,160.0313,M4A1,100,100,22.18647,114.8771,0,False,True,True,88.59375,3.867188
kucher,CounterTerrorist,1973.299,160.2527,160.0313,M4A1,100,100,15.94633,115.9082,0,False,True,True,90.35156,3.164063
kucher,CounterTerrorist,1974.099,167.5207,160.0313,M4A1,100,100,10.60331,116.5185,0,False,True,True,91.05469,2.8125
kucher,CounterTerrorist,1974.622,174.8142,160.0313,M4A1,100,100,6.837471,116.8,0,False,True,True,91.40625,2.460938
kucher,CounterTerrorist,1974.945,182.1194,160.0313,M4A1,100,100,3.873048,116.9359,0,False,True,True,92.46094,2.109375
kucher,CounterTerrorist,1975.067,189.4305,160.0313,M4A1,100,100,0.1471699,116.9999,0,False,True,True,96.32813,1.757813
kucher,CounterTerrorist,1974.804,197.6516,160.0313,M4A1,100,100,-6.96656,116.7924,0,False,True,True,100.8984,1.757813
kucher,CounterTerrorist,1974.287,204.0288,160.0313,M4A1,100,100,-11.08117,116.4741,0,False,True,True,100.8984,1.40625
kucher,CounterTerrorist,1973.477,211.296,160.0313,M4A1,100,100,-14.25159,116.1288,0,False,True,True,100.8984,1.40625
kucher,CounterTerrorist,1972.505,218.5435,160.0313,M4A1,100,100,-16.44486,115.8385,0,False,True,True,100.8984,1.40625
kucher,CounterTerrorist,1971.278,226.678,160.0313,M4A1,100,100,-18.16845,115.5807,0,False,True,True,100.8984,1.40625
kucher,CounterTerrorist,1970.253,232.9937,160.0313,M4A1,100,100,-19.136,115.4245,0,False,True,True,100.8984,1.40625
kucher,CounterTerrorist,1969.027,240.2027,160.0313,M4A1,100,100,-19.95914,115.285,0,False,True,True,100.8984,1.40625
kucher,CounterTerrorist,1967.596,248.3039,160.0313,M4A1,100,100,-20.62489,115.1678,0,False,True,True,100.8984,1.40625
kucher,CounterTerrorist,1966.466,254.6016,160.0313,M4A1,100,100,-20.60861,115.1707,0,False,True,True,99.84375,1.40625
kucher,CounterTerrorist,1965.163,261.7971,160.0313,M4A1,100,100,-21.45101,115.0167,0,False,True,True,104.0625,1.40625
kucher,CounterTerrorist,1963.336,269.9007,160.0313,HE,100,100,-32.17445,116.7281,0,False,True,True,123.3984,2.8125
kucher,CounterTerrorist,1961.04,276.2367,160.0313,Flash,100,100,-50.37178,113.5205,0,False,True,True,146.9531,3.867188
kucher,CounterTerrorist,1957.001,282.6992,160.0313,Flash,100,100,-75.46738,93.00605,0,False,True,True,179.2969,3.515625
kucher,CounterTerrorist,1951.615,287.2402,160.0313,HE,100,100,-92.27471,54.48452,0,False,True,True,216.5625,2.109375
kucher,CounterTerrorist,1945.804,289.0045,160.0313,HE,100,100,-90.84825,7.882744,0,False,True,True,245.7422,1.054688
kucher,CounterTerrorist,1940.445,288.0647,160.0313,M4A1,100,100,-82.16384,-31.12521,0,False,True,True,247.5,1.054688
kucher,CounterTerrorist,1935.111,285.5063,160.0313,M4A1,100,100,-91.81934,-39.98095,0,False,True,True,247.5,1.054688
kucher,CounterTerrorist,1928.077,283.8644,160.0313,M4A1,100,100,-105.8973,-11.49611,0,False,True,True,247.5,1.054688
kucher,CounterTerrorist,1922.025,283.7641,160.0313,M4A1,100,100,-113.9466,4.790496,0,False,True,True,247.5,1.054688
kucher,CounterTerrorist,1914.78,284.5613,160.0313,M4A1,100,100,-115.5933,18.0885,0,False,True,True,247.5,1.054688
kucher,CounterTerrorist,1907.616,286.0178,160.0313,M4A1,100,100,-113.902,26.7459,0,False,True,True,248.5547,0.703125
kucher,CounterTerrorist,1900.602,288.0414,160.0313,M4A1,100,100,-109.2042,41.83986,0,False,True,True,258.75,358.2422
kucher,CounterTerrorist,1894.047,291.2717,160.0313,M4A1,100,100,-102.3704,56.65077,0,False,True,True,276.3281,353.6719
kucher,CounterTerrorist,1887.698,294.8986,160.0313,M4A1,100,100,-101.437,58.30548,0,False,True,True,284.7656,350.8594
kucher,CounterTerrorist,1881.361,298.5485,160.0313,M4A1,100,100,-101.3459,58.46376,0,False,True,True,284.7656,350.8594
kucher,CounterTerrorist,1875.029,302.2068,160.0313,M4A1,100,100,-101.2786,58.58023,0,False,True,True,284.7656,350.8594
kucher,CounterTerrorist,1868.701,305.8712,160.0313,M4A1,100,100,-101.229,58.66595,0,False,True,True,284.7656,350.8594
kucher,CounterTerrorist,1862.298,309.3729,160.0313,M4A1,100,100,-106.1286,48.15863,0,False,True,True,284.7656,351.2109
kucher,CounterTerrorist,1855.326,311.5178,160.0313,M4A1,100,100,-114.4597,24.24825,0,False,True,True,286.1719,351.2109
kucher,CounterTerrorist,1848.069,312.3587,160.0313,M4A1,100,100,-116.8494,5.934144,0,False,True,True,286.5234,351.2109
kucher,CounterTerrorist,1840.845,312.0233,160.0313,M4A1,100,100,-111.6574,-19.07364,0,False,True,True,287.5781,351.2109
kucher,CounterTerrorist,1834.276,309.7111,160.0313,M4A1,100,100,-100.4882,-49.59488,0,False,True,True,287.9297,350.8594
kucher,CounterTerrorist,1828.312,305.7788,160.0313,M4A1,100,100,-91.79852,-72.30901,0,False,True,True,288.9844,350.8594
kucher,CounterTerrorist,1822.978,300.7847,160.0313,M4A1,100,100,-80.52436,-84.88124,0,False,True,True,289.3359,350.5078
kucher,CounterTerrorist,1818.28,295.1849,160.0313,M4A1,100,100,-71.32887,-92.74261,0,False,True,True,290.0391,350.1563
kucher,CounterTerrorist,1814.08,289.2011,160.0313,M4A1,100,100,-64.28426,-97.75752,0,False,True,True,290.7422,349.8047
kucher,CounterTerrorist,1809.789,282.1833,160.0313,M4A1,100,100,-58.82571,-101.1362,0,False,True,True,290.7422,349.8047
kucher,CounterTerrorist,1806.279,276.8433,164.0313,M4A1,100,100,-71.79727,-92.38046,0,False,True,True,290.7422,349.4531
kucher,CounterTerrorist,1801.587,271.6754,164.0313,M4A1,100,100,-68.81538,-73.12428,0,False,True,True,290.7422,349.4531
kucher,CounterTerrorist,1797.571,267.4078,164.0313,M4A1,100,100,-48.75891,-51.81199,0,False,True,True,290.7422,349.4531
kucher,CounterTerrorist,1796.031,264.7814,164.0313,M4A1,100,100,0,-33.13364,0,False,True,True,290.7422,349.4531
kucher,CounterTerrorist,1796.009,264.3296,164.0313,M4A1,100,100,0,0,0,False,True,True,290.7422,349.4531
kucher,CounterTerrorist,1796.009,265.4169,164.0313,M4A1,100,100,0,33.31922,0,False,True,True,291.0938,349.4531
kucher,CounterTerrorist,1796.009,268.2018,164.0313,M4A1,100,100,0,53.29938,0,False,True,True,291.0938,349.4531
kucher,CounterTerrorist,1796.009,272.2354,164.0313,M4A1,100,100,0,73.27954,0,False,True,True,291.0938,349.4531
kucher,CounterTerrorist,1795.782,277.4727,164.0313,M4A1,100,100,-9.451481,91.22891,0,False,True,True,291.0938,349.4531
kucher,CounterTerrorist,1794.564,284.4777,164.0313,M4A1,100,100,-24.67448,104.4185,0,False,True,True,291.0938,349.4531
kucher,CounterTerrorist,1791.915,290.3917,164.0313,M4A1,100,100,-55.00411,80.59547,0,False,True,True,291.0938,349.4531
kucher,CounterTerrorist,1788.248,293.7716,164.0313,M4A1,100,100,-75.33453,48.92718,0,False,True,True,290.7422,349.4531
kucher,CounterTerrorist,1784.031,295.9362,164.0313,M4A1,100,100,0,15.05991,0,False,True,True,291.0938,349.1016
kucher,CounterTerrorist,1784.001,295.6348,164.0313,M4A1,100,100,0,-15.26643,0,False,True,True,291.0938,349.1016
kucher,CounterTerrorist,1784.001,294.2787,164.0313,M4A1,100,100,0,-31.94722,0,False,True,True,291.0938,349.1016
kucher,CounterTerrorist,1784.001,291.6117,164.0313,M4A1,100,100,0,-51.01097,0,False,True,True,291.0938,349.1016
kucher,CounterTerrorist,1784.001,287.7533,164.0313,M4A1,100,100,0,-70.07473,0,False,True,True,291.0938,349.1016
kucher,CounterTerrorist,1784.001,282.0488,164.0313,M4A1,100,100,0,-86.66405,0,False,True,True,291.0938,349.1016
kucher,CounterTerrorist,1784.001,277.5532,164.0313,M4A1,100,100,0,-79.15157,0,False,True,True,291.0938,349.1016
kucher,CounterTerrorist,1784.001,274.0313,164.0313,M4A1,100,100,0,0,0,False,True,True,291.0938,348.75
kucher,CounterTerrorist,1784.001,274.0313,164.0313,M4A1,100,100,0,0,0,False,True,True,291.4453,348.75
kucher,CounterTerrorist,1784.001,274.0313,164.0313,M4A1,100,100,0,0,0,False,True,True,291.4453,349.1016
kucher,CounterTerrorist,1784.001,274.0313,164.0313,M4A1,100,100,0,0,0,False,True,True,291.4453,349.1016
kucher,CounterTerrorist,1784.001,274.728,164.0313,M4A1,100,100,0,20.18675,0,False,True,True,291.4453,349.1016
kucher,CounterTerrorist,1784.001,276.6886,164.0313,M4A1,100,100,0,40.06979,0,False,True,True,291.4453,349.1016
kucher,CounterTerrorist,1784.001,279.8922,164.0313,M4A1,100,100,0,59.96172,0,False,True,True,291.4453,349.4531
kucher,CounterTerrorist,1784.106,284.3346,164.0313,M4A1,100,100,6.62023,79.50087,0,False,True,True,291.0938,349.4531
kucher,CounterTerrorist,1785.225,290.6318,164.0313,M4A1,100,100,22.58258,96.71854,0,False,True,True,291.0938,350.1563
kucher,CounterTerrorist,1786.758,296.2397,164.0313,M4A1,100,100,31.76704,106.5374,0,False,True,True,291.0938,350.1563
kucher,CounterTerrorist,1789.301,303.9883,164.0313,M4A1,100,100,38.37329,110.5282,0,False,True,True,290.7422,350.5078
kucher,CounterTerrorist,1791.417,305.9688,164.0313,M4A1,100,100,37.65963,0,0,False,True,True,290.3906,350.8594
kucher,CounterTerrorist,1793.649,305.9688,164.0313,M4A1,100,100,34.26201,0,0,False,True,True,290.0391,351.5625
kucher,CounterTerrorist,1794.968,305.9688,164.0313,M4A1,100,100,5.087532,0,0,False,True,True,289.6875,351.5625
kucher,CounterTerrorist,1794.417,305.7653,164.0313,M4A1,100,100,-18.88843,-6.762474,0,False,True,True,289.6875,351.5625
kucher,CounterTerrorist,1792.475,305.0701,164.0313,M4A1,100,100,-40.54245,-14.51509,0,False,True,True,289.6875,351.5625
kucher,CounterTerrorist,1790.686,304.4296,164.0313,M4A1,100,100,-19.35916,-6.931007,0,False,True,True,289.6875,351.5625
kucher,CounterTerrorist,1790.213,304.2602,164.0313,M4A1,100,100,0,0,0,False,True,True,289.6875,351.5625
kucher,CounterTerrorist,1790.213,304.2602,164.0313,M4A1,100,100,0,0,0,False,True,True,289.6875,351.5625
kucher,CounterTerrorist,1790.213,304.2602,164.0313,M4A1,100,100,0,0,0,False,True,True,289.6875,351.5625
kucher,CounterTerrorist,1790.213,304.2602,164.0313,M4A1,100,100,0,0,0,False,True,True,289.6875,351.5625
kucher,CounterTerrorist,1790.213,304.2602,164.0313,M4A1,100,100,0,0,0,False,True,True,289.6875,351.5625
kucher,CounterTerrorist,1790.213,304.2602,164.0313,M4A1,100,100,0,0,0,False,True,True,289.6875,351.5625
kucher,CounterTerrorist,1790.213,304.2602,164.0313,M4A1,100,100,0,0,0,False,True,True,289.6875,351.5625
kucher,CounterTerrorist,1790.213,304.2602,164.0313,M4A1,100,100,0,0,0,False,True,True,289.6875,351.5625
kucher,CounterTerrorist,1790.213,304.2602,164.0313,M4A1,100,100,0,0,0,False,True,True,290.0391,351.5625
kucher,CounterTerrorist,1790.213,304.2602,164.0313,M4A1,100,100,0,0,0,False,True,True,290.0391,351.5625
kucher,CounterTerrorist,1790.213,304.2602,164.0313,M4A1,100,100,0,0,0,False,True,True,290.0391,351.5625
kucher,CounterTerrorist,1790.213,304.2602,164.0313,M4A1,100,100,0,0,0,False,True,True,290.0391,351.5625
kucher,CounterTerrorist,1790.213,304.2602,164.0313,M4A1,100,100,0,0,0,False,True,True,290.0391,351.5625
kucher,CounterTerrorist,1790.213,304.2602,164.0313,M4A1,100,100,0,0,0,False,True,True,290.0391,351.5625
kucher,CounterTerrorist,1790.213,304.2602,164.0313,M4A1,100,100,0,0,0,False,True,True,290.0391,351.5625
kucher,CounterTerrorist,1790.213,304.2602,164.0313,M4A1,100,100,0,0,0,False,True,True,290.0391,351.5625
kucher,CounterTerrorist,1790.213,304.2602,164.0313,M4A1,100,100,0,0,0,False,True,True,290.0391,351.5625
kucher,CounterTerrorist,1790.213,304.2602,164.0313,M4A1,100,100,0,0,0,False,True,True,290.0391,351.5625
kucher,CounterTerrorist,1790.213,304.2602,164.0313,M4A1,100,100,0,0,0,False,True,True,290.0391,351.5625
kucher,CounterTerrorist,1790.213,304.2602,164.0313,M4A1,100,100,0,0,0,False,True,True,290.0391,351.5625
kucher,CounterTerrorist,1790.213,304.2602,164.0313,M4A1,100,100,0,0,0,False,True,True,290.0391,351.5625
kucher,CounterTerrorist,1790.213,304.2602,164.0313,M4A1,100,100,0,0,0,False,True,True,290.0391,351.5625
kucher,CounterTerrorist,1790.213,304.2602,164.0313,M4A1,100,100,0,0,0,False,True,True,290.0391,351.5625
kucher,CounterTerrorist,1790.213,304.2602,164.0313,M4A1,100,100,0,0,0,False,True,True,290.0391,351.5625
kucher,CounterTerrorist,1791.498,304.7279,164.0313,M4A1,100,100,33.26962,12.11342,0,False,True,True,290.0391,351.5625
kucher,CounterTerrorist,1794.787,305.9254,164.0313,M4A1,100,100,57.58315,20.96594,0,False,True,True,290.0391,351.5625
kucher,CounterTerrorist,1798.5,306.2649,164.0313,M4A1,100,100,75.56365,10.46413,0,False,True,True,289.6875,351.5625
kucher,CounterTerrorist,1803.884,307.2831,164.0313,M4A1,100,100,93.65137,20.05683,0,False,True,True,286.875,350.8594
kucher,CounterTerrorist,1810.236,308.7655,160.0313,M4A1,100,100,107.2402,26.28699,0,False,True,True,286.875,350.8594
kucher,CounterTerrorist,1816.896,310.4535,160.0313,M4A1,100,100,96.65989,24.67755,0,False,True,True,286.5234,350.8594
kucher,CounterTerrorist,1821.874,311.7208,160.0313,M4A1,100,100,60.3017,15.08272,0,False,True,True,285.8203,350.8594
kucher,CounterTerrorist,1823.268,312.0378,160.0313,M4A1,100,100,-8.248231,-2.298495,0,False,True,True,285.4688,350.8594
kucher,CounterTerrorist,1822.211,311.743,160.0313,M4A1,100,100,-27.63019,-7.716538,0,False,True,True,285.4688,350.8594
kucher,CounterTerrorist,1819.835,311.0761,160.0313,M4A1,100,100,-38.80651,-10.9154,0,False,True,True,285.8203,350.8594
kucher,CounterTerrorist,1818.171,310.608,160.0313,M4A1,100,100,-17.14703,-4.823074,0,False,True,True,285.8203,350.8594
kucher,CounterTerrorist,1817.819,310.5089,160.0313,M4A1,100,100,0,0,0,False,True,True,286.1719,350.8594
kucher,CounterTerrorist,1817.763,310.7017,160.0313,M4A1,100,100,-3.176715,10.98749,0,False,True,True,286.1719,350.8594
kucher,CounterTerrorist,1817.706,312.3811,160.0313,M4A1,100,100,7.66073,33.06737,0,False,True,True,286.1719,350.8594
kucher,CounterTerrorist,1818.547,314.6915,160.0313,M4A1,100,100,20.67229,49.28559,0,False,True,True,286.1719,350.8594
kucher,CounterTerrorist,1820.289,318.4504,160.0313,M4A1,100,100,33.30853,68.66453,0,False,True,True,286.1719,350.8594
kucher,CounterTerrorist,1823.105,324.0464,160.0313,M4A1,100,100,44.85553,87.37679,0,False,True,True,286.1719,350.8594
kucher,CounterTerrorist,1825.759,329.1767,160.0313,M4A1,100,100,49.73399,98.68859,0,False,True,True,286.1719,350.8594
kucher,CounterTerrorist,1827.976,335.7987,160.0313,M4A1,100,100,25.45187,111.0493,0,False,True,True,286.1719,350.8594
kucher,CounterTerrorist,1828.815,342.8656,160.0313,M4A1,100,100,-0.1929336,104.7543,0,False,True,True,286.1719,350.8594
kucher,CounterTerrorist,1827.064,348.4725,160.0313,M4A1,100,100,-42.51823,61.91185,0,False,True,True,286.1719,350.8594
kucher,CounterTerrorist,1824.816,351.2839,160.0313,M4A1,100,100,-35.84445,44.81993,0,False,True,True,286.1719,350.8594
kucher,CounterTerrorist,1823.069,353.4674,160.0313,M4A1,100,100,-21.79156,27.24818,0,False,True,True,286.1719,350.8594
kucher,CounterTerrorist,1822.202,354.5526,160.0313,M4A1,100,100,-7.738669,9.676434,0,False,True,True,286.1719,350.8594
kucher,CounterTerrorist,1821.375,353.5976,160.0313,M4A1,100,100,-18.21659,-28.42884,0,False,True,True,286.1719,350.8594
kucher,CounterTerrorist,1819.882,351.092,160.0313,M4A1,100,100,-28.44564,-49.07691,0,False,True,True,286.1719,350.8594
kucher,CounterTerrorist,1817.729,347.3089,160.0313,M4A1,100,100,-39.13329,-69.3726,0,False,True,True,286.1719,350.8594
kucher,CounterTerrorist,1814.955,342.3578,160.0313,M4A1,100,100,-48.04274,-86.12663,0,False,True,True,286.1719,350.8594
kucher,CounterTerrorist,1811.712,336.5218,160.0313,M4A1,100,100,-54.60506,-98.46688,0,False,True,True,286.1719,350.8594
kucher,CounterTerrorist,1808.237,330.2447,160.0313,M4A1,100,100,-52.46504,-94.84571,0,False,True,True,286.1719,350.8594
kucher,CounterTerrorist,1808.031,325.235,160.0313,M4A1,100,100,0,-69.76849,0,False,True,True,286.1719,350.8594
kucher,CounterTerrorist,1808.031,321.6654,160.0313,M4A1,100,100,0,-47.26849,0,False,True,True,286.1719,350.8594
kucher,CounterTerrorist,1808.031,319.3306,160.0313,M4A1,100,100,0,-21.95599,0,False,True,True,286.1719,350.8594
kucher,CounterTerrorist,1808.031,318.745,160.0313,M4A1,100,100,0,-2.268486,0,False,True,True,286.1719,350.8594
kucher,CounterTerrorist,1808.031,318.745,160.0313,M4A1,100,100,0,0,0,False,True,True,286.1719,350.8594
kucher,CounterTerrorist,1808.411,318.8557,160.0313,M4A1,100,100,22.95132,6.689222,0,False,True,True,286.1719,350.8594
kucher,CounterTerrorist,1811.198,320.4395,160.0313,M4A1,100,100,52.74271,45.31783,0,False,True,True,286.1719,351.2109
kucher,CounterTerrorist,1814.682,324.1054,160.0313,M4A1,100,100,58.06994,68.13444,0,False,True,True,285.8203,352.2656
kucher,CounterTerrorist,1818.471,328.9823,160.0313,M4A1,100,100,62.4618,84.95189,0,False,True,True,285.4688,353.3203
kucher,CounterTerrorist,1822.499,334.7398,160.0313,M4A1,100,100,65.65817,96.84008,0,False,True,True,285.1172,355.0781
kucher,CounterTerrorist,1826.532,340.8395,160.0313,M4A1,100,100,63.74468,98.11022,0,False,True,True,284.7656,355.0781
kucher,CounterTerrorist,1829.115,347.5312,160.0313,M4A1,100,100,12.21947,92.36252,0,False,True,True,284.7656,355.0781
kucher,CounterTerrorist,1828.69,352.4571,160.0313,M4A1,100,100,-21.46844,88.50637,0,False,True,True,284.7656,355.0781
kucher,CounterTerrorist,1826.752,356.9157,160.0313,M4A1,100,100,-28.83519,61.49486,0,False,True,True,283.7109,355.4297
kucher,CounterTerrorist,1825.286,360.0429,160.0313,Flash,100,100,-19.28286,41.12325,0,False,True,True,274.9219,355.7813
kucher,CounterTerrorist,1824.82,361.8786,160.0313,Flash,100,100,9.730849,19.58545,0,False,True,True,268.2422,356.4844
kucher,CounterTerrorist,1826.446,362.5636,160.0313,Flash,100,100,36.84661,6.822332,0,False,True,True,268.2422,356.4844
kucher,CounterTerrorist,1829.888,362.4737,160.0313,Flash,100,100,55.04072,-14.13122,0,False,True,True,268.2422,356.4844
kucher,CounterTerrorist,1833.682,360.6964,160.0313,Flash,100,100,65.4731,-38.67282,0,False,True,True,268.2422,356.4844
kucher,CounterTerrorist,1838.144,357.5828,160.0313,Flash,100,100,75.5449,-57.64043,0,False,True,True,268.2422,356.4844
kucher,CounterTerrorist,1843.124,353.4553,160.0313,Flash,100,100,82.21985,-72.27528,0,False,True,True,264.375,356.4844
kucher,CounterTerrorist,1847.679,349.1231,160.0313,Flash,100,100,83.50419,-84.33575,0,False,True,True,258.0469,355.7813
kucher,CounterTerrorist,1853.519,344.3357,160.0313,Flash,100,100,100.4027,-71.25224,0,False,True,True,256.6406,356.1328
kucher,CounterTerrorist,1861.117,339.7713,160.0313,Flash,100,100,112.4771,-59.83018,0,False,True,True,256.6406,356.1328
kucher,CounterTerrorist,1867.396,336.7549,160.0313,Flash,100,100,116.3033,-52.00301,0,False,True,True,256.2891,355.7813
kucher,CounterTerrorist,1875.677,333.3405,160.0313,Flash,100,100,118.5215,-46.72705,0,False,True,True,252.0703,355.4297
kucher,CounterTerrorist,1883.103,330.4684,160.0313,Flash,100,100,118.9861,-45.53102,0,False,True,True,250.3125,355.7813
kucher,CounterTerrorist,1890.545,327.6358,160.0313,Flash,100,100,119.0673,-45.31816,0,False,True,True,248.5547,356.1328
kucher,CounterTerrorist,1897.049,325.1374,160.0313,Flash,100,100,118.7705,-46.09034,0,False,True,True,246.7969,356.4844
kucher,CounterTerrorist,1902.634,323.0553,160.0313,Flash,100,100,46.94295,-15.8082,0,False,True,True,245.3906,356.8359
kucher,CounterTerrorist,1903.722,322.7681,160.0313,Flash,100,100,7.240397,-1.40527,0,False,True,True,245.0391,356.8359
kucher,CounterTerrorist,1903.771,322.7587,160.0313,Flash,100,100,0,0,0,False,True,True,245.0391,356.8359
kucher,CounterTerrorist,1903.771,322.7587,160.0313,Flash,100,100,0,0,0,False,True,True,244.6875,356.8359
kucher,CounterTerrorist,1903.771,322.7587,160.0313,Flash,100,100,0,0,0,False,True,True,244.6875,356.8359
kucher,CounterTerrorist,1903.771,322.7587,160.0313,Flash,100,100,0,0,0,False,True,True,244.6875,356.8359
kucher,CounterTerrorist,1902.834,323.2016,160.0313,Flash,100,100,-38.29088,18.07762,0,False,True,True,244.6875,356.8359
kucher,CounterTerrorist,1898.481,325.2455,160.0313,M4A1,100,100,-91.8968,42.95933,0,False,True,True,245.3906,357.1875
kucher,CounterTerrorist,1891.322,328.5826,160.0313,M4A1,100,100,-130.2849,61.02259,0,False,True,True,243.2813,357.8906
kucher,CounterTerrorist,1882.238,333.2923,160.0313,Flash,100,100,-153.1027,90.64868,0,False,True,True,217.9688,1.757813
kucher,CounterTerrorist,1873.388,340.6674,160.0313,Flash,100,100,-125.1698,139.0278,0,False,True,True,159.2578,2.109375
kucher,CounterTerrorist,1865.796,350.5135,160.0313,Flash,100,100,-122.9057,169.2622,0,False,True,True,113.5547,357.8906
kucher,CounterTerrorist,1858.871,362.0697,160.0313,Flash,100,100,-87.5928,194.0214,0,False,True,True,99.49219,357.5391
kucher,CounterTerrorist,1855.864,374.5595,160.0313,Flash,100,100,-20.37858,203.9162,0,False,True,True,99.14063,357.8906
kucher,CounterTerrorist,1856.42,387.5636,160.0313,Flash,100,100,29.58256,210.8724,0,False,True,True,98.4375,357.8906
kucher,CounterTerrorist,1859.632,400.9222,160.0313,Flash,100,100,66.71814,215.7482,0,False,True,True,98.4375,357.8906
kucher,CounterTerrorist,1865.546,416.2676,160.0313,Flash,100,100,95.86802,220.4812,0,False,True,True,101.6016,357.5391
kucher,CounterTerrorist,1867.938,428.5287,160.0313,Flash,100,100,0,228.4945,0,False,True,True,122.3438,359.6484
kucher,CounterTerrorist,1867.931,445.1992,160.0313,Flash,100,100,-0.9302225,243.1505,0,False,True,True,184.9219,6.328125
kucher,CounterTerrorist,1866.355,460.1941,160.0313,Flash,100,100,-52.0053,228.3803,0,False,True,True,250.6641,6.328125
kucher,CounterTerrorist,1864.305,474.5278,160.0313,Flash,100,100,-3.524333,225.4971,0,False,True,True,266.4844,2.8125
kucher,CounterTerrorist,1865.765,486.5893,160.0313,Flash,100,100,47.43222,217.1635,0,False,True,True,266.4844,2.8125
kucher,CounterTerrorist,1871.029,490.736,160.0313,Flash,100,100,110.0512,-2.908157,0,False,True,True,266.4844,2.8125
kucher,CounterTerrorist,1877.429,490.5462,160.0313,Flash,100,100,89.24596,-2.646284,0,False,True,True,263.6719,0.703125
kucher,CounterTerrorist,1882.626,490.3921,160.0313,Flash,100,100,62.47612,-1.852516,0,False,True,True,260.8594,358.2422
kucher,CounterTerrorist,1885.428,490.309,160.0313,Flash,100,100,42.79727,-1.269007,0,False,True,True,260.8594,357.8906
kucher,CounterTerrorist,1887.313,490.2531,160.0313,Flash,100,100,20.30716,-0.6021395,0,False,True,True,260.5078,357.5391
kucher,CounterTerrorist,1887.803,490.2386,160.0313,Flash,100,100,0,0,0,False,True,True,259.8047,357.8906
kucher,CounterTerrorist,1887.803,490.2386,160.0313,Flash,100,100,0,0,0,False,True,True,259.4531,358.5938
kucher,CounterTerrorist,1889.194,490.0337,160.0313,Flash,100,100,47.72424,-1.447932,0,False,True,True,258.75,358.9453
kucher,CounterTerrorist,1893.895,491.4753,160.0313,Flash,100,100,96.00957,40.14788,0,False,True,True,258.0469,359.6484
kucher,CounterTerrorist,1902.068,495.875,160.0313,Flash,100,100,118.7688,86.84605,0,False,True,True,257.3438,0
kucher,CounterTerrorist,1908.128,502.0886,160.0313,Flash,100,100,105.302,131.9911,0,False,True,True,257.6953,0.703125
kucher,CounterTerrorist,1914.27,511.724,160.0313,M4A1,100,100,93.02869,168.3292,0,False,True,True,257.6953,0.703125
kucher,CounterTerrorist,1920.366,524.6132,160.0313,M4A1,100,100,82.19094,193.9932,0,False,True,True,257.6953,0.703125
kucher,CounterTerrorist,1924.187,535.6347,160.0313,M4A1,100,100,50.54234,204.7309,0,False,True,True,257.6953,0.703125
kucher,CounterTerrorist,1925.487,548.588,160.0313,M4A1,100,100,-0.01869125,209.0623,0,False,True,True,257.3438,1.054688
kucher,CounterTerrorist,1924.122,561.7737,160.0313,M4A1,100,100,-37.25001,212.2588,0,False,True,True,257.6953,0.703125
kucher,CounterTerrorist,1920.769,575.1151,160.0313,M4A1,100,100,-65.20027,214.2731,0,False,True,True,258.0469,0.3515625
kucher,CounterTerrorist,1916.008,588.343,160.0313,M4A1,100,100,-83.51564,208.9261,0,False,True,True,258.3984,0.3515625
kucher,CounterTerrorist,1909.365,600.163,160.0313,M4A1,100,100,-125.788,171.0627,0,False,True,True,260.1563,1.054688
kucher,CounterTerrorist,1900.204,609.5424,160.0313,M4A1,100,100,-161.2348,134.7989,0,False,True,True,263.6719,0
kucher,CounterTerrorist,1889.162,616.9343,160.0313,M4A1,100,100,-187.5185,106.6577,0,False,True,True,264.0234,359.6484
kucher,CounterTerrorist,1876.731,622.839,160.0313,M4A1,100,100,-206.8788,85.92207,0,False,True,True,264.0234,359.6484
kucher,CounterTerrorist,1861.813,628.0883,160.0313,M4A1,100,100,-215.0028,66.3234,0,False,True,True,264.375,359.6484
kucher,CounterTerrorist,1850.329,631.2753,160.0313,M4A1,100,100,-193.7495,52.07188,0,False,True,True,268.2422,0.703125
kucher,CounterTerrorist,1842.093,633.9993,160.0313,M4A1,100,100,-81.09176,37.53611,0,False,True,True,269.2969,0.703125
kucher,CounterTerrorist,1839.893,636.0022,160.0313,M4A1,100,100,-13.33607,19.70576,0,False,True,True,269.2969,0.703125
kucher,CounterTerrorist,1839.509,636.5703,160.0313,M4A1,100,100,-2.301741,3.401117,0,False,True,True,269.2969,0.3515625
kucher,CounterTerrorist,1840.437,636.5684,160.0313,M4A1,100,100,37.96646,-0.4170629,0,False,True,True,269.2969,0.3515625
kucher,CounterTerrorist,1844.781,636.5207,160.0313,M4A1,100,100,93.56995,-1.027869,0,False,True,True,269.2969,0.3515625
kucher,CounterTerrorist,1852.109,636.4413,160.0313,M4A1,100,100,118.3833,-1.272589,0,False,True,True,269.6484,0.3515625
kucher,CounterTerrorist,1855.758,636.3943,160.0313,M4A1,100,100,13.76324,-0.3652568,0,False,True,True,269.6484,0.3515625
kucher,CounterTerrorist,1854.536,636.3918,160.0313,M4A1,100,100,-12.65625,0.01114198,0,False,True,True,270,0
kucher,CounterTerrorist,1856.228,636.4167,160.0313,M4A1,100,100,52.01381,1.16257,0,False,True,True,272.4609,359.6484
kucher,CounterTerrorist,1861.411,636.6919,160.0313,M4A1,100,100,105.6227,7.730162,0,False,True,True,277.7344,0
kucher,CounterTerrorist,1867.938,637.267,160.0313,M4A1,100,100,0,-1.500879,0,False,True,True,278.0859,0
kucher,CounterTerrorist,1867.938,635.9172,160.0313,M4A1,100,100,0,-43.00426,0,False,True,True,278.0859,0
kucher,CounterTerrorist,1867.999,631.2913,160.0313,M4A1,100,100,3.811823,-97.44883,0,False,True,True,277.3828,0.703125
kucher,CounterTerrorist,1869.846,623.1539,160.0313,M4A1,100,100,51.71834,-122.965,0,False,True,True,277.3828,0.703125
kucher,CounterTerrorist,1873.866,616.1488,160.0313,M4A1,100,100,88.46606,-131.6104,0,False,True,True,277.3828,0.703125
kucher,CounterTerrorist,1880.626,608.587,160.0313,M4A1,100,100,128.1792,-4.632978,0,False,True,True,277.0313,0.703125
kucher,CounterTerrorist,1891.223,608.6755,160.0313,M4A1,100,100,166.8245,4.955269,0,False,True,True,275.2734,0.703125
kucher,CounterTerrorist,1900.943,608.62,160.0313,M4A1,100,100,181.87,-15.68297,0,False,True,True,274.9219,0.703125
kucher,CounterTerrorist,1912.492,606.1541,160.0313,M4A1,100,100,186.8183,-56.13847,0,False,True,True,274.9219,0.3515625
kucher,CounterTerrorist,1925.795,600.858,160.0313,M4A1,100,100,190.898,-88.99755,0,False,True,True,274.9219,0
kucher,CounterTerrorist,1936.311,595.3822,160.0313,M4A1,100,100,193.2697,-107.7387,0,False,True,True,274.9219,0
kucher,CounterTerrorist,1948.313,588.1097,160.0313,M4A1,100,100,189.1788,-121.8047,0,False,True,True,272.4609,0.3515625
kucher,CounterTerrorist,1959.888,580.1257,160.0313,M4A1,100,100,182.3192,-131.8511,0,False,True,True,271.7578,0
kucher,CounterTerrorist,1971.123,571.679,160.0313,M4A1,100,100,180.9161,-132.4808,0,False,True,True,271.7578,0
kucher,CounterTerrorist,1983.218,564.7591,160.0313,M4A1,100,100,202.3757,-95.43992,0,False,True,True,271.7578,0
kucher,CounterTerrorist,1995.495,559.7864,160.0313,M4A1,100,100,159.9944,-68.85281,0,False,True,True,269.2969,0.3515625
kucher,CounterTerrorist,2001.41,556.2496,160.0313,M4A1,100,100,48.78621,-47.29431,0,False,True,True,265.7813,359.6484
kucher,CounterTerrorist,2001.489,554.1824,160.0313,M4A1,100,100,-22.37579,-22.25067,0,False,True,True,264.7266,358.9453
kucher,CounterTerrorist,2001.484,553.0233,160.0313,M4A1,100,100,22.17085,-27.00364,0,False,True,True,264.375,358.9453
kucher,CounterTerrorist,2004.126,549.8135,160.0313,M4A1,100,100,57.70536,-70.0649,0,False,True,True,264.375,358.9453
kucher,CounterTerrorist,2008.951,544.456,160.0313,M4A1,100,100,96.70206,-85.83927,0,False,True,True,264.0234,358.9453
kucher,CounterTerrorist,2017.709,539.0746,160.0313,M4A1,100,100,144.371,-70.29761,0,False,True,True,262.2656,359.2969
kucher,CounterTerrorist,2024.844,535.4276,160.0313,M4A1,100,100,68.24997,-46.61948,0,False,True,True,262.2656,359.6484
kucher,CounterTerrorist,2026.015,533.605,160.0313,M4A1,100,100,-10.87456,-21.96009,0,False,True,True,262.2656,359.6484
kucher,CounterTerrorist,2023.217,533.0025,160.0313,M4A1,100,100,-69.39725,-3.112571,0,False,True,True,262.2656,359.6484
kucher,CounterTerrorist,2017.045,533.1718,160.0313,M4A1,100,100,-119.5216,6.718122,0,False,True,True,262.6172,359.6484
kucher,CounterTerrorist,2008.221,533.8608,160.0313,M4A1,100,100,-155.181,17.27705,0,False,True,True,263.3203,0
kucher,CounterTerrorist,1998.674,536.8447,160.0313,M4A1,100,100,-140.5326,72.36889,0,False,True,True,263.3203,0
kucher,CounterTerrorist,1992.547,543.182,160.0313,M4A1,100,100,-42.53225,94.21175,0,False,True,True,263.3203,0
kucher,CounterTerrorist,1992.531,547.3848,160.0313,M4A1,100,100,28.61845,64.81747,0,False,True,True,263.3203,0
kucher,CounterTerrorist,1996.556,550.4968,160.0313,M4A1,100,100,89.61331,39.30557,0,False,True,True,262.9688,359.6484
kucher,CounterTerrorist,2003.808,552.2463,160.0313,M4A1,100,100,134.5689,19.93673,0,False,True,True,262.2656,359.6484
kucher,CounterTerrorist,2013.237,553.1956,160.0313,M4A1,100,100,97.68722,13.85251,0,False,True,True,262.2656,359.6484
kucher,CounterTerrorist,2015.787,554.09,160.0313,M4A1,100,100,9.784298,16.85884,0,False,True,True,262.2656,359.6484
kucher,CounterTerrorist,2013.953,554.9628,160.0313,M4A1,100,100,-54.90561,14.45223,0,False,True,True,262.2656,359.6484
kucher,CounterTerrorist,2008.599,556.0485,160.0313,M4A1,100,100,-108.0184,19.61112,0,False,True,True,262.2656,359.6484
kucher,CounterTerrorist,2003.094,557.0573,160.0313,M4A1,100,100,-49.71687,10.41864,0,False,True,True,262.2656,359.6484
kucher,CounterTerrorist,2003.147,557.1362,160.0313,M4A1,100,100,30.62111,-4.413132,0,False,True,True,261.5625,359.6484
kucher,CounterTerrorist,2007.015,556.572,160.0313,M4A1,100,100,86.07548,-12.60848,0,False,True,True,261.5625,359.6484
kucher,CounterTerrorist,2014.075,555.5405,160.0313,M4A1,100,100,131.8457,-19.154,0,False,True,True,261.9141,359.6484
kucher,CounterTerrorist,2019.043,554.8093,160.0313,M4A1,100,100,34.46494,-5.314214,0,False,True,True,261.9141,359.6484
kucher,CounterTerrorist,2018.327,554.8989,160.0313,M4A1,100,100,-37.90305,5.24537,0,False,True,True,261.9141,359.6484
kucher,CounterTerrorist,2014.006,555.4979,160.0313,M4A1,100,100,-92.95741,12.90821,0,False,True,True,261.9141,359.6484
kucher,CounterTerrorist,2007.714,556.3724,160.0313,M4A1,100,100,-51.03444,7.072823,0,False,True,True,261.9141,359.6484
kucher,CounterTerrorist,2007.497,556.4014,160.0313,M4A1,100,100,23.67593,-3.310471,0,False,True,True,261.9141,359.6484
kucher,CounterTerrorist,2010.71,555.5025,160.0313,M4A1,100,100,66.63036,-33.40197,0,False,True,True,261.9141,359.6484
kucher,CounterTerrorist,2014.634,551.4197,160.0313,M4A1,100,100,50.86787,-90.1328,0,False,True,True,261.9141,359.6484
kucher,CounterTerrorist,2015.25,545.2985,160.0313,M4A1,100,100,-21.45878,-93.68932,0,False,True,True,261.9141,359.6484
kucher,CounterTerrorist,2011.602,540.7036,160.0313,M4A1,100,100,-84.283,-59.35755,0,False,True,True,261.9141,359.6484
kucher,CounterTerrorist,2003.576,537.673,160.0313,M4A1,100,100,-135.4252,-31.54115,0,False,True,True,262.2656,359.6484
kucher,CounterTerrorist,1995.218,536.4337,160.0313,M4A1,100,100,-164.8382,-17.0285,0,False,True,True,264.7266,0.3515625
kucher,CounterTerrorist,1983.977,535.7195,160.0313,M4A1,100,100,-190.3989,-7.756911,0,False,True,True,266.4844,0.3515625
kucher,CounterTerrorist,1971.385,535.4714,160.0313,M4A1,100,100,-209.2534,-1.31366,0,False,True,True,266.4844,0.3515625
kucher,CounterTerrorist,1960.032,535.3398,160.0313,M4A1,100,100,-101.6044,-3.911219,0,False,True,True,266.4844,0.3515625
kucher,CounterTerrorist,1957.315,535.0427,160.0313,M4A1,100,100,-11.80662,-5.94727,0,False,True,True,266.4844,0.703125
kucher,CounterTerrorist,1959.493,534.783,160.0313,M4A1,100,100,59.39791,-4.500239,0,False,True,True,266.4844,0.703125
kucher,CounterTerrorist,1964.242,534.458,160.0313,M4A1,100,100,106.2084,-6.976774,0,False,True,True,266.4844,0.703125
kucher,CounterTerrorist,1972.895,533.9077,160.0313,M4A1,100,100,103.8947,-6.615048,0,False,True,True,266.4844,0.703125
kucher,CounterTerrorist,1975.723,533.7171,160.0313,M4A1,100,100,13.71771,-1.189811,0,False,True,True,266.8359,0.703125
kucher,CounterTerrorist,1974.101,533.6456,160.0313,M4A1,100,100,-46.97155,-10.86768,0,False,True,True,266.8359,0.3515625
kucher,CounterTerrorist,1969.862,531.4026,160.0313,M4A1,100,100,-83.54729,-54.07366,0,False,True,True,268.5938,358.9453
kucher,CounterTerrorist,1963.657,526.7465,160.0313,M4A1,100,100,-109.7326,-89.40064,0,False,True,True,272.4609,356.8359
kucher,CounterTerrorist,1955.661,521.1777,160.0313,M4A1,100,100,-144.8116,-80.35864,0,False,True,True,273.1641,356.4844
kucher,CounterTerrorist,1945.476,516.7859,160.0313,M4A1,100,100,-175.7003,-63.18512,0,False,True,True,273.1641,356.4844
kucher,CounterTerrorist,1934.506,511.5517,160.0313,M4A1,100,100,-175.4048,-98.18283,0,False,True,True,273.1641,356.4844
kucher,CounterTerrorist,1922.185,503.4768,160.0313,M4A1,100,100,-175.0213,-126.79,0,False,True,True,273.5156,356.4844
kucher,CounterTerrorist,1912.64,496.0035,160.0313,M4A1,100,100,-173.5715,-143.1709,0,False,True,True,274.9219,356.8359
kucher,CounterTerrorist,1902.107,486.6899,160.0313,M4A1,100,100,-164.6475,-153.35,0,False,True,True,277.0313,357.5391
kucher,CounterTerrorist,1892.136,476.7766,160.0313,M4A1,100,100,-155.4339,-162.6816,0,False,True,True,280.5469,358.9453
kucher,CounterTerrorist,1881.022,465.5851,160.0313,M4A1,100,100,-169.573,-146.3762,0,False,True,True,280.8984,358.9453
kucher,CounterTerrorist,1871.104,458.3379,160.0313,M4A1,100,100,-188.6986,-122.5472,0,False,True,True,280.8984,358.9453
kucher,CounterTerrorist,1858.915,451.4688,160.0313,M4A1,100,100,-192.08,-100.0229,0,False,True,True,283.7109,0.3515625
kucher,CounterTerrorist,1850.699,446.7038,160.0313,M4A1,100,100,-82.02431,-57.47713,0,False,True,True,285.4688,1.054688
kucher,CounterTerrorist,1848.861,444.4666,160.0313,M4A1,100,100,8.145349,-17.68851,0,False,True,True,286.875,1.757813
kucher,CounterTerrorist,1849.458,443.9843,160.0313,M4A1,100,100,-14.51671,-8.866813,0,False,True,True,288.6328,1.757813
kucher,CounterTerrorist,1846.653,442.8492,160.0313,M4A1,100,100,-68.16225,-26.18325,0,False,True,True,290.3906,1.757813
kucher,CounterTerrorist,1840.686,440.555,160.0313,M4A1,100,100,-114.5229,-44.52511,0,False,True,True,292.1484,1.054688
kucher,CounterTerrorist,1835.323,438.4877,160.0313,M4A1,100,100,-49.64869,-18.4099,0,False,True,True,292.5,1.054688
kucher,CounterTerrorist,1835.278,438.5246,160.0313,M4A1,100,100,28.57588,11.85529,0,False,True,True,292.5,1.054688
kucher,CounterTerrorist,1838.888,440.0252,160.0313,M4A1,100,100,80.29075,33.48628,0,False,True,True,292.8516,1.054688
kucher,CounterTerrorist,1840.638,440.7314,160.0313,M4A1,100,100,-9.009119,-3.966759,0,False,True,True,293.9063,0.703125
kucher,CounterTerrorist,1838.27,439.6767,160.0313,M4A1,100,100,-60.30649,-27.04491,0,False,True,True,294.6094,0.703125
kucher,CounterTerrorist,1833.275,437.4176,160.0313,M4A1,100,100,-72.19628,-32.66397,0,False,True,True,294.6094,0.703125
kucher,CounterTerrorist,1831.968,436.8434,160.0313,M4A1,100,100,14.93236,7.054053,0,False,True,True,295.3125,359.6484
kucher,CounterTerrorist,1835.251,438.399,160.0313,M4A1,100,100,72.08722,34.21719,0,False,True,True,295.3125,358.5938
kucher,CounterTerrorist,1839.569,440.4482,160.0313,M4A1,100,100,40.60067,19.09645,0,False,True,True,295.6641,358.2422
kucher,CounterTerrorist,1839.292,440.2942,160.0313,M4A1,100,100,-30.42254,-14.91625,0,False,True,True,296.0156,358.2422
kucher,CounterTerrorist,1836.246,438.8057,160.0313,M4A1,100,100,-74.64253,-36.43676,0,False,True,True,296.0156,358.2422
kucher,CounterTerrorist,1830.021,435.7658,160.0313,M4A1,100,100,-117.0526,-57.3173,0,False,True,True,296.3672,358.2422
kucher,CounterTerrorist,1824.269,432.9865,160.0313,M4A1,100,100,-52.30887,-23.72317,0,False,True,True,298.4766,358.2422
kucher,CounterTerrorist,1824.173,433.1071,160.0313,M4A1,100,100,29.48106,16.8567,0,False,True,True,298.8281,358.2422
kucher,CounterTerrorist,1827.137,434.7624,160.0313,M4A1,100,100,72.6882,40.3419,0,False,True,True,298.8281,358.2422
kucher,CounterTerrorist,1834.129,438.6247,160.0313,M4A1,100,100,118.5439,65.3005,0,False,True,True,298.4766,358.2422
kucher,CounterTerrorist,1841.472,442.6417,160.0313,M4A1,100,100,145.1375,78.8737,0,False,True,True,297.4219,358.2422
kucher,CounterTerrorist,1851.399,447.9674,160.0313,M4A1,100,100,168.4706,89.58365,0,False,True,True,297.0703,358.5938
kucher,CounterTerrorist,1862.562,453.8494,160.0313,M4A1,100,100,185.7526,97.28442,0,False,True,True,296.7188,358.5938
kucher,CounterTerrorist,1874.642,460.1319,160.0313,M4A1,100,100,198.5848,102.7527,0,False,True,True,296.7188,358.5938
kucher,CounterTerrorist,1887.145,466.5694,160.0313,M4A1,100,100,200.1919,102.7045,0,False,True,True,296.3672,358.5938
kucher,CounterTerrorist,1899.261,472.7465,160.0313,M4A1,100,100,169.9114,86.78084,0,False,True,True,294.6094,358.5938
kucher,CounterTerrorist,1905.918,476.2955,160.0313,M4A1,100,100,61.97934,35.77983,0,False,True,True,293.9063,358.5938
kucher,CounterTerrorist,1907.057,477.1294,160.0313,M4A1,100,100,0.6648163,1.010678,0,False,True,True,293.9063,358.5938
kucher,CounterTerrorist,1907.419,477.2888,160.0313,M4A1,100,100,21.87929,9.633556,0,False,True,True,293.9063,358.5938
kucher,CounterTerrorist,1911.218,478.9616,160.0313,M4A1,100,100,79.61809,35.05622,0,False,True,True,293.9063,358.5938
kucher,CounterTerrorist,1916.793,481.4227,160.0313,M4A1,100,100,117.1651,52.01333,0,False,True,True,294.9609,358.9453
kucher,CounterTerrorist,1926.413,485.9042,160.0313,M4A1,100,100,150.136,73.37655,0,False,True,True,300.5859,0.3515625
kucher,CounterTerrorist,1935.195,490.3867,160.0313,M4A1,100,100,167.7436,87.83548,0,False,True,True,300.9375,0.703125
kucher,CounterTerrorist,1946.234,496.332,160.0313,M4A1,100,100,182.7911,100.3746,0,False,True,True,301.6406,2.109375
kucher,CounterTerrorist,1958.022,503.0146,160.0313,M4A1,100,100,192.3559,112.0053,0,False,True,True,304.4531,5.273438
kucher,CounterTerrorist,1970.07,510.2517,160.0313,M4A1,100,100,191.8404,117.5681,0,False,True,True,304.8047,4.570313
kucher,CounterTerrorist,1981.994,517.707,160.0313,M4A1,100,100,190.0286,120.4745,0,False,True,True,304.8047,4.570313
kucher,CounterTerrorist,1993.827,525.3055,160.0313,M4A1,100,100,188.9176,122.2095,0,False,True,True,303.75,4.570313
kucher,CounterTerrorist,2004.711,532.3721,160.0313,M4A1,100,100,138.1918,89.54157,0,False,True,True,303.3984,4.21875
kucher,CounterTerrorist,2009.893,535.6968,160.0313,M4A1,100,100,43.82262,27.51213,0,False,True,True,303.3984,4.21875
kucher,CounterTerrorist,2009.903,535.6643,160.0313,M4A1,100,100,-25.78089,-17.10188,0,False,True,True,303.3984,4.21875
kucher,CounterTerrorist,2007.349,533.9697,160.0313,M4A1,100,100,-31.62267,-21.01516,0,False,True,True,303.3984,4.21875
kucher,CounterTerrorist,2008.178,534.5079,160.0313,M4A1,100,100,37.70278,24.56599,0,False,True,True,302.6953,4.570313
kucher,CounterTerrorist,2011.478,536.6163,160.0313,M4A1,100,100,70.77548,44.72617,0,False,True,True,300.2344,4.21875
kucher,CounterTerrorist,2014.157,538.4867,160.0313,M4A1,100,100,6.70571,11.96634,0,False,True,True,291.0938,2.8125
kucher,CounterTerrorist,2012.371,538.2321,160.0313,M4A1,100,100,-52.65902,-10.28378,0,False,True,True,280.1953,1.054688
kucher,CounterTerrorist,2007.634,536.4518,160.0313,M4A1,100,100,-87.84755,-49.96549,0,False,True,True,275.9766,1.054688
kucher,CounterTerrorist,2000.267,531.5907,160.0313,M4A1,100,100,-123.8641,-69.92592,0,False,True,True,275.9766,1.054688
kucher,CounterTerrorist,1992.449,528.085,160.0313,M4A1,100,100,-156.0541,-60.10894,0,False,True,True,275.9766,1.054688
kucher,CounterTerrorist,1981.68,524.6381,160.0313,M4A1,100,100,-183.7001,-51.66757,0,False,True,True,275.9766,1.054688
kucher,CounterTerrorist,1969.45,521.6522,160.0313,M4A1,100,100,-204.1271,-44.81572,0,False,True,True,275.2734,0.703125
kucher,CounterTerrorist,1954.413,518.7529,160.0313,M4A1,100,100,-220.7993,-38.73532,0,False,True,True,275.2734,1.054688
kucher,CounterTerrorist,1943.103,516.847,160.0313,M4A1,100,100,-169.7198,-29.28926,0,False,True,True,276.6797,1.054688
kucher,CounterTerrorist,1936.659,515.6068,160.0313,M4A1,100,100,-56.20575,-13.04877,0,False,True,True,277.3828,1.054688
kucher,CounterTerrorist,1936.382,515.3795,160.0313,M4A1,100,100,26.59986,2.713272,0,False,True,True,277.7344,1.054688
kucher,CounterTerrorist,1940.002,515.8303,160.0313,M4A1,100,100,82.25551,10.65477,0,False,True,True,277.7344,1.054688
kucher,CounterTerrorist,1946.863,516.7382,160.0313,M4A1,100,100,129.0984,17.24479,0,False,True,True,277.7344,1.054688
kucher,CounterTerrorist,1956.199,517.9941,160.0313,M4A1,100,100,163.6036,22.07813,0,False,True,True,277.7344,1.054688
kucher,CounterTerrorist,1967.357,519.5028,160.0313,M4A1,100,100,189.0244,25.59556,0,False,True,True,277.7344,1.054688
kucher,CounterTerrorist,1979.852,521.244,160.0313,M4A1,100,100,207.4045,30.3197,0,False,True,True,281.6016,2.109375
kucher,CounterTerrorist,1992.207,523.1937,160.0313,M4A1,100,100,175.5397,28.0654,0,False,True,True,292.5,4.570313
kucher,CounterTerrorist,2000.505,524.1725,160.0313,M4A1,100,100,88.81416,-0.4541048,0,False,True,True,298.125,5.625
kucher,CounterTerrorist,2002.847,523.0117,160.0313,M4A1,100,100,0.1784602,-29.11058,0,False,True,True,298.4766,5.625
kucher,CounterTerrorist,2000.733,520.5675,160.0313,M4A1,100,100,-57.65598,-48.21901,0,False,True,True,298.4766,5.625
kucher,CounterTerrorist,1997.425,517.8817,160.0313,M4A1,100,100,-31.14561,-29.1086,0,False,True,True,298.4766,5.625
kucher,CounterTerrorist,1998.304,517.9497,160.0313,M4A1,100,100,38.89051,18.54944,0,False,True,True,298.125,5.273438
kucher,CounterTerrorist,2001.894,519.7773,160.0313,HE,100,100,85.86582,44.55109,0,False,True,True,298.125,5.273438
kucher,CounterTerrorist,2008.862,523.4475,160.0313,HE,100,100,129.4191,68.74776,0,False,True,True,298.8281,4.921875
kucher,CounterTerrorist,2015.968,527.2243,160.0313,HE,100,100,74.53017,39.06228,0,False,True,True,298.8281,4.570313
kucher,CounterTerrorist,2017.3,527.8727,160.0313,HE,100,100,-16.17547,-9.049281,0,False,True,True,299.1797,4.570313
kucher,CounterTerrorist,2013.739,525.8807,160.0313,HE,100,100,-78.00629,-43.74783,0,False,True,True,299.5313,4.570313
kucher,CounterTerrorist,2008.175,522.7435,160.0313,HE,100,100,-117.95,-66.77213,0,False,True,True,299.8828,3.867188
kucher,CounterTerrorist,2001.008,518.6786,160.0313,HE,100,100,-82.36785,-46.22187,0,False,True,True,300.5859,3.164063
kucher,CounterTerrorist,1999.163,517.7272,160.0313,HE,100,100,9.106464,5.653662,0,False,True,True,301.6406,2.8125
kucher,CounterTerrorist,1999.945,518.2207,160.0313,HE,100,100,15.14191,9.67367,0,True,True,True,303.0469,1.757813
kucher,CounterTerrorist,2001.102,518.9681,160.0313,HE,100,100,21.16109,13.71685,0,True,True,True,303.0469,1.40625
kucher,CounterTerrorist,2002.72,519.3259,160.0313,HE,100,100,29.00625,1.255943,0,False,True,True,303.0469,0.703125
kucher,CounterTerrorist,2004.767,519.2037,160.0313,HE,100,100,35.67827,-3.921761,0,False,True,True,303.3984,359.2969
kucher,CounterTerrorist,2006.955,518.5759,160.0313,HE,100,100,27.92768,-18.3466,0,False,True,True,303.75,358.5938
kucher,CounterTerrorist,2008.166,517.0042,160.0313,HE,100,100,18.83323,-28.38304,0,False,True,True,303.75,357.5391
kucher,CounterTerrorist,2009.488,515.0203,160.0313,HE,100,100,22.95556,-34.348,0,False,True,True,304.1016,357.1875
kucher,CounterTerrorist,2010.906,512.9056,160.0313,HE,100,100,18.77345,-27.97152,0,False,True,True,304.1016,356.1328
kucher,CounterTerrorist,2011.639,511.8141,160.0313,HE,100,100,6.234602,-9.289254,0,False,True,True,304.4531,354.7266
kucher,CounterTerrorist,2011.711,511.7058,160.0313,HE,100,100,0,0,0,False,True,True,304.8047,354.375
kucher,CounterTerrorist,2011.711,511.7058,160.0313,HE,100,100,0,0,0,False,True,True,304.8047,354.375
kucher,CounterTerrorist,2011.711,511.7058,160.0313,HE,100,100,0,0,0,False,True,True,304.8047,354.375
kucher,CounterTerrorist,2011.711,511.7058,160.0313,HE,100,100,0,0,0,False,True,True,304.8047,354.375
kucher,CounterTerrorist,2011.711,511.7058,160.0313,HE,100,100,0,0,0,False,True,True,304.8047,355.0781
kucher,CounterTerrorist,2011.711,511.7058,160.0313,M4A1,100,100,0,0,0,False,True,True,304.8047,356.4844
kucher,CounterTerrorist,2011.711,511.7058,160.0313,M4A1,100,100,0,0,0,True,True,True,303.0469,358.2422
kucher,CounterTerrorist,2011.711,511.7058,160.0313,M4A1,100,100,0,0,0,True,True,True,289.6875,359.6484
kucher,CounterTerrorist,2011.585,511.8022,160.0313,M4A1,100,100,-5.041609,4.001535,0,True,True,True,275.9766,359.6484
kucher,CounterTerrorist,2010.631,512.6089,160.0313,M4A1,100,100,-29.7145,25.40076,0,False,True,True,274.2188,359.6484
kucher,CounterTerrorist,2007.852,515.0126,160.0313,M4A1,100,100,-66.38808,57.87301,0,False,True,True,273.1641,358.9453
kucher,CounterTerrorist,2002.404,519.6134,160.0313,M4A1,100,100,-105.0813,75.45679,0,False,True,True,272.1094,358.9453
kucher,CounterTerrorist,1994.314,523.5301,160.0313,M4A1,100,100,-146.5304,53.86551,0,False,True,True,271.0547,358.5938
kucher,CounterTerrorist,1984.035,526.3268,160.0313,M4A1,100,100,-177.0688,38.3323,0,False,True,True,271.0547,358.2422
kucher,CounterTerrorist,1970.564,528.5007,160.0313,M4A1,100,100,-201.9192,25.63249,0,False,True,True,271.0547,358.5938
kucher,CounterTerrorist,1960.158,529.6904,160.0313,M4A1,100,100,-170.4743,19.31905,0,False,True,True,271.0547,359.6484
kucher,CounterTerrorist,1953.352,530.8717,160.0313,M4A1,100,100,-43.70959,14.92243,0,False,True,True,271.0547,1.757813
kucher,CounterTerrorist,1953.425,531.4009,160.0313,M4A1,100,100,27.71435,5.516327,0,False,True,True,271.0547,1.757813
kucher,CounterTerrorist,1956.496,530.7145,160.0313,M4A1,100,100,44.7123,-32.96669,0,False,True,True,271.0547,1.757813
kucher,CounterTerrorist,1956.868,527.6258,160.0313,M4A1,100,100,-25.09921,-49.4181,0,False,True,True,271.4063,1.757813
kucher,CounterTerrorist,1953.068,525.0311,160.0313,M4A1,100,100,-86.45639,-36.92217,0,False,True,True,271.7578,1.757813
kucher,CounterTerrorist,1945.962,522.9952,160.0313,M4A1,100,100,-132.7899,-29.65266,0,False,True,True,272.4609,2.109375
kucher,CounterTerrorist,1938.111,521.2624,160.0313,M4A1,100,100,-62.98915,-19.55655,0,False,True,True,272.4609,2.460938
kucher,CounterTerrorist,1933.671,520.2806,160.0313,M4A1,100,100,-101.1633,-17.41879,0,False,True,True,273.1641,2.460938
kucher,CounterTerrorist,1925.969,519.726,160.0313,M4A1,100,100,-134.7102,9.22205,0,False,True,True,274.9219,2.8125
kucher,CounterTerrorist,1916.902,521.8381,160.0313,M4A1,100,100,-152.4745,50.90961,0,False,True,True,275.625,2.8125
kucher,CounterTerrorist,1907.082,525.8307,160.0313,M4A1,100,100,-143.1792,63.26781,0,False,True,True,275.9766,2.460938
kucher,CounterTerrorist,1902.044,529.4362,160.0313,M4A1,100,100,-36.63115,53.72789,0,False,True,True,275.9766,2.460938
kucher,CounterTerrorist,1903.032,532.6722,160.0313,M4A1,100,100,48.89597,40.43629,0,False,True,True,275.9766,2.460938
kucher,CounterTerrorist,1908.115,535.0339,160.0313,M4A1,100,100,104.4551,36.02416,0,False,True,True,275.2734,1.757813
kucher,CounterTerrorist,1916.162,537.1652,160.0313,M4A1,100,100,145.8135,32.72318,0,False,True,True,274.9219,1.054688
kucher,CounterTerrorist,1925.018,538.8724,160.0313,M4A1,100,100,172.9935,30.14469,0,False,True,True,274.5703,0
kucher,CounterTerrorist,1936.683,540.6319,160.0313,M4A1,100,100,195.6652,23.19829,0,False,True,True,274.5703,359.6484
kucher,CounterTerrorist,1948.948,540.2055,160.0313,M4A1,100,100,196.6421,-27.89691,0,False,True,True,274.5703,359.6484
kucher,CounterTerrorist,1962.81,536.5414,160.0313,M4A1,100,100,197.6462,-69.23067,0,False,True,True,275.2734,359.6484
kucher,CounterTerrorist,1974.093,533.5554,160.0313,M4A1,100,100,211.9841,-43.00461,0,False,True,True,284.0625,2.8125
kucher,CounterTerrorist,1987.673,532.1495,160.0313,M4A1,100,100,220.0931,-5.75423,0,False,True,True,296.3672,5.625
kucher,CounterTerrorist,2003.303,533.2313,160.0313,M4A1,100,100,222.9457,30.33534,0,False,True,True,296.7188,5.625
kucher,CounterTerrorist,2017.097,535.9374,160.0313,M4A1,100,100,218.8548,52.22636,0,False,True,True,296.7188,5.625
kucher,CounterTerrorist,2028.949,539.2378,160.0313,M4A1,100,100,215.1538,65.83188,0,False,True,True,297.0703,5.625
kucher,CounterTerrorist,2040.439,542.8235,160.0313,M4A1,100,100,135.5242,38.05046,0,False,True,True,296.0156,5.625
kucher,CounterTerrorist,2045.295,543.7204,160.0313,M4A1,100,100,35.9842,-2.41755,0,False,True,True,296.0156,5.625
kucher,CounterTerrorist,2044.962,542.8584,160.0313,M4A1,100,100,-17.59537,-14.8969,0,False,True,True,296.3672,5.625
kucher,CounterTerrorist,2045.217,542.8401,160.0313,M4A1,100,100,27.62888,13.41718,0,False,True,True,296.3672,5.625
kucher,CounterTerrorist,2049.367,544.8828,160.0313,M4A1,100,100,83.71319,41.34903,0,False,True,True,296.3672,5.625
kucher,CounterTerrorist,2053.318,546.8323,160.0313,M4A1,100,100,25.10935,12.26785,0,False,True,True,296.3672,5.625
kucher,CounterTerrorist,2052.294,546.3196,160.0313,M4A1,100,100,-40.29476,-20.03323,0,False,True,True,296.3672,5.625
kucher,CounterTerrorist,2048.696,544.5891,160.0313,M4A1,100,100,-84.86026,-39.32388,0,False,True,True,290.7422,3.867188
kucher,CounterTerrorist,2040.717,541.4971,160.0313,M4A1,100,100,-134.6074,-44.12257,0,False,True,True,276.3281,359.6484
kucher,CounterTerrorist,2032.386,539.2818,160.0313,M4A1,100,100,-164.5028,-37.63975,0,False,True,True,273.1641,358.5938
kucher,CounterTerrorist,2021.161,537.1575,160.0313,M4A1,100,100,-190.2206,-31.42321,0,False,True,True,273.1641,358.5938
kucher,CounterTerrorist,2008.576,535.3618,160.0313,M4A1,100,100,-209.1631,-26.84437,0,False,True,True,273.1641,358.5938
kucher,CounterTerrorist,1996.163,533.8724,160.0313,M4A1,100,100,-167.6806,-21.03903,0,False,True,True,269.2969,355.7813
kucher,CounterTerrorist,1989.844,532.6542,160.0313,M4A1,100,100,-54.22495,-18.62771,0,False,True,True,266.8359,354.0234
kucher,CounterTerrorist,1989.95,531.7201,160.0313,M4A1,100,100,36.25665,-8.846531,0,False,True,True,266.8359,353.6719
kucher,CounterTerrorist,1994.197,531.1506,160.0313,M4A1,100,100,92.10682,-9.777627,0,False,True,True,266.4844,352.9688
kucher,CounterTerrorist,2000.375,530.5809,160.0313,M4A1,100,100,112.3447,-9.970344,0,False,True,True,266.4844,352.6172
kucher,CounterTerrorist,2003.661,530.206,160.0313,M4A1,100,100,-3.821806,-1.189044,0,False,True,True,266.4844,352.6172
kucher,CounterTerrorist,2001.441,530.3083,160.0313,M4A1,100,100,-60.1144,2.818253,0,False,True,True,267.5391,352.9688
kucher,CounterTerrorist,1995.773,530.4614,160.0313,M4A1,100,100,-112.706,0.9550452,0,False,True,True,273.5156,355.0781
kucher,CounterTerrorist,1988.478,530.3146,160.0313,M4A1,100,100,-147.5132,-5.79119,0,False,True,True,277.3828,356.8359
kucher,CounterTerrorist,1978.174,529.6323,160.0313,M4A1,100,100,-176.9965,-14.80134,0,False,True,True,279.1406,357.5391
kucher,CounterTerrorist,1967.845,528.689,160.0313,M4A1,100,100,-125.4959,-10.04309,0,False,True,True,279.4922,357.8906
kucher,CounterTerrorist,1963.767,528.5803,160.0313,M4A1,100,100,-20.94503,3.992676,0,False,True,True,279.4922,357.8906
kucher,CounterTerrorist,1965.102,528.9772,160.0313,M4A1,100,100,46.72277,9.181945,0,False,True,True,279.4922,358.2422
kucher,CounterTerrorist,1969.966,529.7681,160.0313,M4A1,100,100,101.136,13.87264,0,False,True,True,272.4609,357.8906
kucher,CounterTerrorist,1977.845,530.4512,160.0313,M4A1,100,100,143.5465,7.479942,0,False,True,True,265.4297,357.8906
kucher,CounterTerrorist,1987.957,530.6109,160.0313,M4A1,100,100,174.5713,-1.053948,0,False,True,True,264.375,1.054688
kucher,CounterTerrorist,1999.706,530.3038,160.0313,M4A1,100,100,197.396,-7.621424,0,False,True,True,264.375,1.054688
kucher,CounterTerrorist,2012.66,529.6498,160.0313,M4A1,100,100,214.2076,-12.45874,0,False,True,True,264.375,2.109375
kucher,CounterTerrorist,2026.477,528.7089,160.0313,M4A1,100,100,224.309,-17.62013,0,False,True,True,260.1563,2.8125
kucher,CounterTerrorist,2038.581,527.9296,160.0313,M4A1,100,100,111.6255,-0.6173882,0,False,True,True,254.5313,3.515625
kucher,CounterTerrorist,2041.902,528.5205,160.0313,M4A1,100,100,24.55739,18.6553,0,False,True,True,249.9609,4.921875
kucher,CounterTerrorist,2040.786,530.0192,160.0313,M4A1,100,100,-44.42633,28.87337,0,False,True,True,249.2578,5.625
kucher,CounterTerrorist,2038.312,531.5179,160.0313,M4A1,100,100,-7.824969,7.842267,0,False,True,True,244.3359,4.21875
kucher,CounterTerrorist,2039.868,530.7722,160.0313,M4A1,100,100,46.77032,-23.50148,0,False,True,True,242.9297,4.570313
kucher,CounterTerrorist,2044.475,528.3378,160.0313,M4A1,100,100,92.81563,-51.55645,0,False,True,True,235.8984,5.273438
kucher,CounterTerrorist,2051.436,524.127,160.0313,M4A1,100,100,123.9333,-79.11251,0,False,True,True,232.0313,6.328125
kucher,CounterTerrorist,2057.774,519.9023,160.0313,M4A1,87,97,71.88279,-49.46502,0,False,True,True,230.625,6.679688
kucher,CounterTerrorist,2062.296,516.5703,160.0313,M4A1,87,97,71.93344,-57.26707,0,False,True,True,220.4297,5.273438
kucher,CounterTerrorist,2066.33,513.1724,160.0313,M4A1,87,97,44.65331,-34.34267,0,False,True,True,220.7813,6.679688
kucher,CounterTerrorist,2066.778,513.2925,160.0313,M4A1,87,97,-16.26597,23.16099,0,False,True,True,220.0781,7.382813
kucher,CounterTerrorist,2064.042,516.8085,160.0313,M4A1,87,97,-56.21,71.67776,0,False,True,True,217.9688,8.4375
kucher,CounterTerrorist,2060.463,521.3893,160.0313,M4A1,87,97,-65.21359,83.54034,0,False,True,True,217.9688,8.789063
kucher,CounterTerrorist,2058.307,524.1824,160.0313,M4A1,87,97,-6.704083,9.864953,0,False,True,True,219.375,8.085938
kucher,CounterTerrorist,2059.099,523.2322,160.0313,M4A1,87,97,7.26647,-10.49706,0,False,True,True,225,8.085938
kucher,CounterTerrorist,2057.629,524.053,160.0313,M4A1,87,97,-46.82837,21.17797,0,False,True,True,259.4531,8.085938
kucher,CounterTerrorist,2052.716,525.1936,160.0313,M4A1,87,97,-102.0258,14.661,0,False,True,True,272.4609,6.679688
kucher,CounterTerrorist,2044.938,525.8618,160.0313,M4A1,87,97,-133.8916,8.040901,0,False,True,True,272.4609,6.679688
kucher,CounterTerrorist,2035.308,526.2385,160.0313,M4A1,87,97,-139.3632,3.467597,0,False,True,True,272.4609,6.328125
kucher,CounterTerrorist,2027.557,526.3491,160.0313,M4A1,87,97,-143.503,1.191904,0,False,True,True,271.4063,3.515625
kucher,CounterTerrorist,2018.423,526.3743,160.0313,M4A1,87,97,-148.1953,-0.2486048,0,False,True,True,272.1094,1.054688
kucher,CounterTerrorist,2008.997,526.2896,160.0313,M4A1,87,97,-152.8661,-2.275964,0,False,True,True,273.1641,0.703125
kucher,CounterTerrorist,2002.438,526.2507,160.0313,M4A1,87,97,-58.742,1.2108,0,False,True,True,273.1641,0.703125
kucher,CounterTerrorist,2002.062,526.3814,160.0313,M4A1,87,97,25.72928,2.042962,0,False,True,True,273.1641,0.703125
kucher,CounterTerrorist,2005.107,526.5803,160.0313,M4A1,87,97,42.59253,2.757616,0,False,True,True,273.1641,0.703125
kucher,CounterTerrorist,2004.657,526.5381,160.0313,M4A1,87,97,-35.93023,-3.124862,0,False,True,True,275.2734,0.703125
kucher,CounterTerrorist,1999.692,526.0088,160.0313,M4A1,87,97,-97.50366,-11.57552,0,False,True,True,278.4375,0.3515625
kucher,CounterTerrorist,1992.029,525.0225,160.0313,M4A1,87,97,-140.2135,-18.7327,0,False,True,True,278.4375,0.3515625
kucher,CounterTerrorist,1983.452,523.8456,160.0313,M4A1,87,97,-168.2451,-23.43012,0,False,True,True,278.4375,0.3515625
kucher,CounterTerrorist,1971.034,521.1161,160.0313,M4A1,87,97,-175.5051,-61.28725,0,False,True,True,278.4375,0.3515625
kucher,CounterTerrorist,1961.586,516.6371,160.0313,M4A1,87,97,-170.0549,-95.57176,0,False,True,True,278.0859,0.3515625
kucher,CounterTerrorist,1951.252,509.87,160.0313,M4A1,87,97,-167.5685,-108.7392,0,False,True,True,278.4375,0.3515625
kucher,CounterTerrorist,1938.687,503.1675,160.0313,M4A1,87,97,-185.6354,-87.04913,0,False,True,True,284.0625,1.40625
kucher,CounterTerrorist,1928.321,498.5667,160.0313,M4A1,87,97,-191.8784,-83.18336,0,False,True,True,290.7422,2.109375
kucher,CounterTerrorist,1914.588,492.7606,160.0313,M4A1,87,97,-198.0078,-82.23904,0,False,True,True,290.7422,2.109375
kucher,CounterTerrorist,1902.031,487.628,160.0313,M4A1,87,97,-203.1255,-82.11217,0,False,True,True,290.7422,2.109375
kucher,CounterTerrorist,1890.887,482.9952,160.0313,M4A1,87,97,-199.002,-93.82764,0,False,True,True,290.7422,2.109375
kucher,CounterTerrorist,1879.345,475.7175,160.0313,M4A1,87,97,-174.2546,-132.4782,0,False,True,True,292.5,2.460938
kucher,CounterTerrorist,1869.26,466.3375,160.0313,M4A1,87,97,-151.333,-162.7756,0,False,True,True,297.7734,3.164063
kucher,CounterTerrorist,1859.65,453.8465,160.0313,M4A1,87,97,-124.6382,-187.3241,0,False,True,True,301.6406,3.515625
kucher,CounterTerrorist,1853.417,443.2422,160.0313,M4A1,87,97,-106.6031,-198.1433,0,False,True,True,301.6406,3.515625
kucher,CounterTerrorist,1847.33,430.5692,160.0313,M4A1,87,97,-90.94518,-205.8008,0,False,True,True,301.6406,3.515625
kucher,CounterTerrorist,1842.097,417.519,160.0313,M4A1,87,97,-78.22337,-210.9647,0,False,True,True,304.1016,4.21875
kucher,CounterTerrorist,1837.906,402.5567,160.0313,M4A1,87,97,-32.69204,-213.0716,0,False,True,True,306.2109,4.21875
kucher,CounterTerrorist,1837.228,390.8365,160.0313,M4A1,87,97,-9.087824,-217.8816,0,False,True,True,307.2656,4.570313
kucher,CounterTerrorist,1836.279,375.1528,160.0313,M4A1,87,97,-21.53695,-222.2934,0,False,True,True,308.6719,4.570313
kucher,CounterTerrorist,1833.718,363.4229,160.0313,M4A1,87,97,-64.09209,-209.2299,0,False,True,True,309.7266,4.570313
kucher,CounterTerrorist,1831.08,352.9994,160.0313,M4A1,87,97,-11.78041,-124.3595,0,False,True,True,310.0781,4.570313
kucher,CounterTerrorist,1832.372,348.0879,160.0313,M4A1,87,97,40.43362,-44.07433,0,False,True,True,310.0781,4.570313
kucher,CounterTerrorist,1834.689,348.6858,160.0313,M4A1,87,97,27.26985,43.44358,0,False,True,True,310.0781,4.570313
kucher,CounterTerrorist,1836.302,353.4182,160.0313,M4A1,87,97,25.38417,99.38767,0,False,True,True,309.7266,4.570313
kucher,CounterTerrorist,1837.395,360.0007,160.0313,M4A1,87,97,6.415278,132.1465,0,False,True,True,304.4531,2.460938
kucher,CounterTerrorist,1836.565,369.2292,160.0313,M4A1,87,97,-24.45188,159.8124,0,False,True,True,289.3359,356.1328
kucher,CounterTerrorist,1836.334,379.9483,160.0313,M4A1,87,97,13.72641,178.6404,0,False,True,True,284.4141,354.0234
kucher,CounterTerrorist,1838.347,391.5738,160.0313,M4A1,87,97,45.18342,191.1786,0,False,True,True,284.4141,354.0234
kucher,CounterTerrorist,1841.19,403.9781,160.0313,M4A1,87,97,33.74225,205.263,0,False,True,True,284.4141,354.0234
kucher,CounterTerrorist,1842.375,418.9949,160.0313,M4A1,87,97,4.896832,219.5162,0,False,True,True,284.0625,354.0234
kucher,CounterTerrorist,1843.633,431.0428,160.0313,M4A1,87,97,35.45269,220.824,0,False,True,True,283.7109,354.375
kucher,CounterTerrorist,1846.795,444.7331,160.0313,M4A1,87,97,60.97969,216.579,0,False,True,True,283.3594,354.375
kucher,CounterTerrorist,1851.261,458.0637,160.0313,M4A1,87,97,78.63248,210.8126,0,False,True,True,283.3594,354.375
kucher,CounterTerrorist,1857.173,470.5118,160.0313,M4A1,87,97,113.5887,183.0599,0,False,True,True,283.3594,354.375
kucher,CounterTerrorist,1865.643,480.7713,160.0313,M4A1,87,97,150.9315,150.8783,0,False,True,True,283.3594,354.375
kucher,CounterTerrorist,1876.086,489.3308,160.0313,M4A1,87,97,178.4366,127.1747,0,False,True,True,283.3594,354.375
kucher,CounterTerrorist,1888.824,490.9894,160.0313,M4A1,87,97,177.5013,15.54254,0,False,True,True,278.0859,356.1328
kucher,CounterTerrorist,1898.403,491.5748,160.0313,M4A1,87,97,173.5399,29.42927,0,False,True,True,277.3828,356.4844
kucher,CounterTerrorist,1909.15,495.0898,160.0313,M4A1,87,97,173.7895,69.91788,0,False,True,True,277.3828,356.4844
kucher,CounterTerrorist,1920.849,499.1094,160.0313,M4A1,87,97,196.5871,60.3796,0,False,True,True,277.3828,356.4844
kucher,CounterTerrorist,1933.752,502.6252,160.0313,M4A1,87,97,213.3788,53.35413,0,False,True,True,277.3828,356.4844
kucher,CounterTerrorist,1947.422,505.7099,160.0313,M4A1,87,97,220.3996,45.26627,0,False,True,True,273.8672,355.4297
kucher,CounterTerrorist,1961.284,508.0617,160.0313,M4A1,87,97,222.7492,31.74544,0,False,True,True,269.2969,353.6719
kucher,CounterTerrorist,1975.254,509.6621,160.0313,M4A1,87,97,223.9843,21.35453,0,False,True,True,269.2969,353.6719
kucher,CounterTerrorist,1989.275,510.731,160.0313,M4A1,87,97,224.5597,14.06924,0,False,True,True,268.5938,353.6719
kucher,CounterTerrorist,2003.323,511.348,160.0313,M4A1,87,97,224.9076,6.446993,0,False,True,True,266.1328,352.6172
kucher,CounterTerrorist,2015.221,511.6902,160.0313,M4A1,87,97,143.8107,6.795786,0,False,True,True,264.375,352.6172
kucher,CounterTerrorist,2020.276,512.3104,160.0313,M4A1,87,97,35.73792,12.04261,0,False,True,True,263.6719,352.6172
kucher,CounterTerrorist,2020.753,512.7281,160.0313,M4A1,87,97,0,0,0,False,True,True,263.6719,352.6172
kucher,CounterTerrorist,2022.433,512.5323,160.0313,M4A1,87,97,51.67492,-6.078186,0,False,True,True,262.9688,352.6172
kucher,CounterTerrorist,2027.59,511.9059,160.0313,M4A1,87,97,105.1884,-13.13064,0,False,True,True,262.2656,352.6172
kucher,CounterTerrorist,2036.782,510.9653,160.0313,M4A1,87,97,146.226,-1.733419,0,False,True,True,261.5625,352.9688
kucher,CounterTerrorist,2045.279,512.0648,160.0313,M4A1,87,97,161.7009,34.96315,0,False,True,True,260.8594,352.9688
kucher,CounterTerrorist,2055.885,515.3907,160.0313,M4A1,87,97,175.3402,65.99548,0,False,True,True,260.5078,352.9688
kucher,CounterTerrorist,2067.216,520.3495,160.0313,M4A1,87,97,185.4902,88.70705,0,False,True,True,260.5078,352.9688
kucher,CounterTerrorist,2081.031,525.4421,160.0313,M4A1,87,97,205.5321,55.20602,0,False,True,True,259.8047,352.9688
kucher,CounterTerrorist,2094.378,527.8612,160.0313,M4A1,87,97,219.0965,26.63465,0,False,True,True,256.9922,353.6719
kucher,CounterTerrorist,2108.354,528.673,160.0313,M4A1,87,97,224.9754,3.328767,0,False,True,True,256.2891,353.6719
kucher,CounterTerrorist,2120.653,528.3647,160.0313,M4A1,87,97,224.6953,-11.70615,0,False,True,True,256.2891,353.6719
kucher,CounterTerrorist,2136.411,526.9784,160.0313,M4A1,87,97,223.5708,-25.32003,0,False,True,True,256.2891,353.6719
kucher,CounterTerrorist,2148.607,525.3547,160.0313,M4A1,87,97,222.6304,-32.56834,0,False,True,True,256.6406,353.6719
kucher,CounterTerrorist,2162.483,523.0745,160.0313,M4A1,87,97,221.4176,-39.99049,0,False,True,True,253.4766,353.3203
kucher,CounterTerrorist,2176.255,520.2361,160.0313,M4A1,87,97,219.5238,-49.33883,0,False,True,True,251.3672,353.3203
kucher,CounterTerrorist,2189.129,515.4608,160.0313,M4A1,87,97,194.6387,-96.75139,0,False,True,True,251.7188,353.3203
kucher,CounterTerrorist,2201.895,507.0104,151.5299,M4A1,87,97,172.2608,-136.8759,0,False,True,True,251.7188,353.3203
kucher,CounterTerrorist,2210.898,498.7858,149.5663,M4A1,87,97,158.9048,-159.2931,0,False,True,True,251.3672,353.3203
kucher,CounterTerrorist,2220.217,488.262,147.363,M4A1,87,97,141.716,-174.7615,0,False,True,True,248.9063,352.9688
kucher,CounterTerrorist,2229.975,478.1523,145.1331,M4A1,87,97,165.4954,-152.4345,0,False,True,True,246.7969,352.9688
kucher,CounterTerrorist,2240.849,469.2435,142.8486,M4A1,87,97,179.3454,-135.8684,0,False,True,True,244.6875,352.2656
kucher,CounterTerrorist,2252.3,461.0821,140.5499,M4A1,87,97,185.4496,-127.4105,0,False,True,True,240.8203,351.2109
kucher,CounterTerrorist,2262.915,452.0074,138.3695,M4A1,87,97,157.2572,-158.9832,0,False,True,True,240.8203,351.2109
kucher,CounterTerrorist,2272.9,439.7786,136.0039,M4A1,87,97,130.2883,-183.4393,0,False,True,True,240.8203,351.2109
kucher,CounterTerrorist,2280.135,429.8323,134.4442,M4A1,87,97,140.6091,-175.6533,0,False,True,True,238.711,350.8594
kucher,CounterTerrorist,2290.781,418.1401,133.2263,M4A1,87,97,158.5981,-159.5984,0,False,True,True,237.3047,350.5078
kucher,CounterTerrorist,2297.989,410.8097,132.4371,M4A1,87,97,96.02201,-105.5059,0,False,True,True,236.9531,350.5078
kucher,CounterTerrorist,2300.922,406.6284,132.0439,M4A1,87,97,12.07132,-38.9603,0,False,True,True,237.3047,350.5078
kucher,CounterTerrorist,2299.486,406.3116,132.0943,HE,87,97,-46.0194,16.32689,0,False,True,True,237.3047,350.5078
kucher,CounterTerrorist,2294.82,408.6129,132.4584,HE,87,97,-95.97031,51.57835,0,False,True,True,237.6563,350.5078
kucher,CounterTerrorist,2287.406,412.8047,133.069,HE,87,97,-134.5591,77.87331,0,False,True,True,238.0078,350.5078
kucher,CounterTerrorist,2278.055,418.2784,133.8505,HE,87,97,-116.318,68.18018,0,False,True,True,238.3594,350.5078
kucher,CounterTerrorist,2274.444,420.3351,134.1488,HE,87,97,-30.64543,16.1606,0,False,True,True,238.3594,350.5078
kucher,CounterTerrorist,2275.597,419.536,134.045,HE,87,97,44.99119,-28.81538,0,False,True,True,237.3047,349.4531
kucher,CounterTerrorist,2279.49,417.0441,133.7068,HE,87,97,89.90292,-57.52626,0,False,True,True,237.3047,349.4531
kucher,CounterTerrorist,2286.569,412.5155,133.0922,HE,87,97,129.6563,-82.94087,0,False,True,True,237.3047,349.4531
kucher,CounterTerrorist,2297.013,405.8345,132.1853,HE,87,97,161.9947,-103.6418,0,False,True,True,237.3047,349.4531
kucher,CounterTerrorist,2307.892,398.8567,131.2396,HE,87,97,182.4341,-117.4054,0,False,True,True,236.6016,349.1016
kucher,CounterTerrorist,2319.822,391.1076,130.9593,HE,87,97,196.6535,-128.7983,0,False,True,True,235.1953,348.3984
kucher,CounterTerrorist,2330.845,383.8055,130.6983,HE,87,97,203.6934,-136.1396,0,False,True,True,234.1406,348.0469
kucher,CounterTerrorist,2343.444,375.23,130.3157,HE,87,97,194.1856,-133.7889,0,False,True,True,232.0313,347.3438
kucher,CounterTerrorist,2352.067,368.1029,130.1429,HE,87,97,85.0113,-103.0138,0,False,True,True,232.0313,346.9922
kucher,CounterTerrorist,2353.825,361.3398,129.9017,HE,87,97,-10.57813,-103.9595,0,False,True,True,232.0313,346.9922
kucher,CounterTerrorist,2351.564,353.6684,129.4052,HE,87,97,-54.16161,-135.9019,0,False,True,True,232.0313,346.2891
kucher,CounterTerrorist,2347.67,345.5599,128.9353,HE,87,97,-82.94167,-156.7291,0,False,True,True,231.6797,345.5859
kucher,CounterTerrorist,2341.57,335.114,128.3518,HE,87,97,-107.915,-174.4124,0,False,True,True,231.3281,344.5313
kucher,CounterTerrorist,2334.148,323.7368,127.7531,HE,87,97,-126.375,-187.3849,0,False,True,True,231.3281,343.4766
kucher,CounterTerrorist,2324.647,310.1266,127.0764,HE,87,97,-141.3214,-198.002,0,False,True,True,231.6797,340.6641
kucher,CounterTerrorist,2316.783,299.28,126.5323,HE,87,97,-144.7633,-197.6578,0,False,True,True,231.6797,340.6641
kucher,CounterTerrorist,2307.919,287.3127,125.9344,HE,87,97,-130.3558,-175.3036,0,False,True,True,230.625,343.4766
kucher,CounterTerrorist,2301.072,278.0029,125.9076,HE,87,97,-60.72573,-85.9625,0,False,True,True,230.2734,346.2891
kucher,CounterTerrorist,2299.646,275.6889,125.8876,HE,87,97,-1.197356,-10.28606,0,False,True,True,229.5703,349.4531
kucher,CounterTerrorist,2301.015,277.1272,125.8766,M4A1,87,97,37.76961,42.84759,0,False,True,True,229.5703,351.5625
kucher,CounterTerrorist,2305.2,281.9696,125.8604,M4A1,87,97,75.52402,88.01021,0,False,True,True,229.5703,351.5625
kucher,CounterTerrorist,2310.046,287.6385,125.9759,M4A1,87,97,97.59994,114.3896,0,False,True,True,229.5703,351.5625
kucher,CounterTerrorist,2316.896,295.6826,126.3958,Knife,87,97,119.2299,140.2009,0,False,True,True,229.5703,351.5625
kucher,CounterTerrorist,2324.984,305.2046,126.8925,M4A1,87,97,135.4128,159.5092,0,False,True,True,229.5703,351.5625
kucher,CounterTerrorist,2333.778,315.5694,127.433,M4A1,87,97,144.4101,170.2775,0,False,True,True,229.5703,351.5625
kucher,CounterTerrorist,2342.87,326.2943,128.3029,M4A1,87,97,145.4796,171.6412,0,False,True,True,229.5703,351.5625
kucher,CounterTerrorist,2351.484,339.1227,128.9318,M4A1,87,97,90.47528,188.1404,0,False,True,True,229.5703,351.5625
kucher,CounterTerrorist,2354.218,349.2709,129.3801,M4A1,87,97,22.27963,183.8764,0,False,True,True,228.8672,351.5625
kucher,CounterTerrorist,2353.742,360.8884,129.8752,M4A1,87,97,-26.03837,189.2372,0,False,True,True,196.875,354.375
kucher,CounterTerrorist,2350.622,372.6533,130.3161,M4A1,87,97,-62.47674,190.9085,0,False,True,True,139.9219,355.7813
kucher,CounterTerrorist,2346.073,384.8886,130.8497,M4A1,87,97,-72.65773,202.7351,0,False,True,True,98.78906,355.0781
kucher,CounterTerrorist,2341.926,398.1038,131.5803,M4A1,87,97,-61.59212,216.4057,0,False,True,True,97.03126,355.4297
kucher,CounterTerrorist,2338.445,411.7276,132.3335,M4A1,87,97,-51.59628,219.0042,0,False,True,True,97.03126,355.4297
kucher,CounterTerrorist,2335.474,425.472,133.0935,M4A1,87,97,-44.77882,220.4991,0,False,True,True,97.03126,355.4297
kucher,CounterTerrorist,2332.539,441.0174,133.9529,M4A1,87,97,-39.61236,221.4856,0,False,True,True,97.03126,355.4297
kucher,CounterTerrorist,2330.468,453.1464,134.6235,M4A1,87,97,-36.62071,221.9998,0,False,True,True,96.6797,356.1328
kucher,CounterTerrorist,2328.026,468.9663,135.4982,Knife,87,97,-33.78078,231.9612,0,False,True,True,95.97657,0.703125
kucher,CounterTerrorist,2326.203,482.0941,136.224,Knife,87,97,-33.03222,245.5992,0,False,True,True,95.97657,1.757813
kucher,CounterTerrorist,2324.193,497.5849,137.0805,Knife,87,97,-31.40854,248.0192,0,False,True,True,95.97657,1.757813
kucher,CounterTerrorist,2322.28,513.0923,137.9379,Knife,87,97,-30.04745,248.1877,0,False,True,True,95.97657,1.757813
kucher,CounterTerrorist,2320.212,530.5484,138.903,Knife,87,97,-28.94247,248.319,0,False,True,True,95.97657,1.757813
kucher,CounterTerrorist,2318.65,544.1307,139.6539,Knife,87,97,-28.3114,248.3918,0,False,True,True,95.97657,1.757813
kucher,CounterTerrorist,2316.9,559.6573,140.5091,Knife,87,97,-27.7697,248.4529,0,False,True,True,95.97657,1.757813
kucher,CounterTerrorist,2314.965,577.1287,141.1077,Knife,87,97,-27.329,248.5018,0,False,True,True,95.97657,1.757813
kucher,CounterTerrorist,2313.479,590.7195,141.5651,Knife,87,97,-27.07704,248.5293,0,False,True,True,95.97657,1.757813
kucher,CounterTerrorist,2311.783,606.2522,142.09,Knife,87,97,-27.40886,248.493,0,False,True,True,97.03126,3.515625
kucher,CounterTerrorist,2309.695,623.7054,142.7111,Knife,87,97,-33.06802,247.8034,0,False,True,True,103.7109,11.25
kucher,CounterTerrorist,2307.615,637.2175,143.2228,Knife,87,97,-41.4796,246.5349,0,False,True,True,105.1172,11.95313
kucher,CounterTerrorist,2304.773,652.5814,143.8362,Knife,87,97,-48.19957,245.3096,0,False,True,True,105.1172,11.95313
kucher,CounterTerrorist,2301.589,667.8783,144.4705,Knife,87,97,-52.83931,244.3522,0,False,True,True,105.1172,11.95313
kucher,CounterTerrorist,2298.165,683.1234,145.1193,Knife,87,97,-56.13898,243.6153,0,False,True,True,105.1172,11.95313
kucher,CounterTerrorist,2294.567,698.3284,145.7786,Knife,87,97,-58.66031,243.0205,0,False,True,True,105.4687,12.65625
kucher,CounterTerrorist,2290.811,713.4952,146.4473,Knife,87,97,-61.20582,242.3919,0,False,True,True,106.1719,13.71094
kucher,CounterTerrorist,2286.791,728.5934,147.1317,Knife,87,97,-68.52329,240.4258,0,False,True,True,114.9609,18.28125
kucher,CounterTerrorist,2281.812,743.3984,150.086,Knife,87,97,-87.66932,234.1241,292.6184,False,True,True,130.7813,24.96094
kucher,CounterTerrorist,2276.333,758.0312,166.8122,Knife,87,97,-87.66932,234.1241,242.6184,False,True,True,128.6719,26.01563
kucher,CounterTerrorist,2271.097,772.7768,180.4134,Knife,87,97,-70.03265,242.1187,192.6184,False,True,True,112.8516,24.60938
kucher,CounterTerrorist,2269.335,790.6627,191.9794,P2000,87,97,7.74528,259.8383,136.3684,False,True,True,94.92187,23.55469
kucher,CounterTerrorist,2270.565,804.8727,198.2408,P2000,87,97,33.84553,259.3948,92.61838,False,True,True,86.83594,23.20313
kucher,CounterTerrorist,2272.476,821.0787,202.467,P2000,87,97,17.23195,259.3745,42.61838,False,True,True,91.40625,24.25781
kucher,CounterTerrorist,2272.347,837.1581,203.5682,P2000,87,97,-17.33649,254.7687,-7.381622,False,True,True,101.25,25.66406
kucher,CounterTerrorist,2268.512,852.4714,201.5444,P2000,87,97,-33.65054,251.7872,-57.38162,False,True,True,103.3594,26.01563
kucher,CounterTerrorist,2266.935,868.3293,196.3956,P2000,87,97,-19.08615,254.997,-107.3816,False,True,True,100.8984,25.66406
kucher,CounterTerrorist,2266.676,886.418,186.8678,P2000,87,97,9.782706,258.7259,-163.6316,False,True,True,94.5703,24.25781
kucher,CounterTerrorist,2268.026,900.596,176.7229,P2000,87,97,32.54857,259.323,-207.3816,False,True,True,88.24219,23.20313
kucher,CounterTerrorist,2268.771,916.9246,162.1991,P2000,87,97,-4.032578,262.7762,-257.3816,False,True,True,82.61719,20.03906
kucher,CounterTerrorist,2268.502,933.3495,153.1756,P2000,87,97,-6.270088,262.9791,244.6379,False,True,True,84.72656,18.28125
kucher,CounterTerrorist,2266.417,951.8787,168.3993,P2000,87,97,-49.01388,262.9619,188.3879,False,True,True,94.21874,17.22656
kucher,CounterTerrorist,2262.674,966.1248,177.5055,P2000,87,97,-82.29402,258.1147,144.6379,False,True,True,101.25,17.57813
kucher,CounterTerrorist,2255.897,984.0196,185.6978,P2000,87,97,-106.8239,251.2033,88.38788,False,True,True,109.6875,17.57813
kucher,CounterTerrorist,2249.474,997.5063,189.3353,P2000,87,97,-125.4826,242.718,44.63788,False,True,True,117.7734,16.875
kucher,CounterTerrorist,2240.877,1012.21,190.5627,P2000,87,97,-146.8507,228.7265,-5.362122,False,True,True,127.2656,15.82031
kucher,CounterTerrorist,2228.9,1024.009,188.6651,P2000,87,97,-220.1019,160.6969,-55.36212,False,True,True,137.4609,14.41406
kucher,CounterTerrorist,2212.357,1033.978,182.795,P2000,87,97,-245.3218,127.9408,-111.6121,False,True,True,146.25,12.65625
kucher,CounterTerrorist,2198.426,1040.116,175.495,P2000,87,97,-261.0691,100.65,-155.3621,False,True,True,152.5781,13.00781
kucher,CounterTerrorist,2181.575,1045.19,164.2224,P2000,87,97,-276.8695,62.23797,-205.3621,False,True,True,161.3672,18.63281
kucher,CounterTerrorist,2165.021,1048.911,150.1106,P2000,87,97,-180.7417,40.62925,0,False,True,True,168.3984,29.88281
kucher,CounterTerrorist,2153.108,1050.15,150.1289,P2000,87,97,-200.2058,19.31304,0,False,True,True,166.6406,35.15625
kucher,CounterTerrorist,2138.358,1052.217,150.1152,P2000,87,97,-216.9934,38.3471,0,False,True,True,159.2578,36.5625
kucher,CounterTerrorist,2126.162,1054.808,150.0162,P2000,87,97,-227.1373,53.61949,0,False,True,True,158.2031,37.26563
kucher,CounterTerrorist,2111.729,1058.576,149.8294,P2000,87,97,-231.3707,63.77788,0,False,True,True,160.3125,40.07813
kucher,CounterTerrorist,2097.311,1062.715,149.6055,P2000,87,97,-230.1841,67.93571,0,False,True,True,160.6641,41.83594
kucher,CounterTerrorist,2082.963,1067.087,149.3576,P2000,87,97,-229.1321,71.40352,0,False,True,True,159.9609,42.89063
kucher,CounterTerrorist,2066.977,1072.484,149.0717,P2000,87,97,-224.736,84.2244,0,False,True,True,145.1953,37.61719
kucher,CounterTerrorist,2054.686,1077.089,164.2198,P2000,87,97,-224.736,84.2244,255.1184,False,True,True,139.2188,34.80469
kucher,CounterTerrorist,2038.884,1083.011,180.1803,P2000,87,97,-224.736,84.2244,198.8684,False,True,True,150.4688,33.04688
kucher,CounterTerrorist,2026.234,1086.833,189.8597,Knife,87,97,-236.422,57.58261,155.1184,False,True,True,159.2578,31.64063
kucher,CounterTerrorist,2011.216,1089.719,197.9921,Knife,87,97,-242.5862,38.74407,105.1184,False,True,True,163.8281,29.53125
kucher,CounterTerrorist,1995.917,1091.616,202.9996,M4A1,87,97,-246.0716,24.97585,55.11838,False,True,True,167.3438,28.125
kucher,CounterTerrorist,1980.438,1092.672,204.882,M4A1,87,97,-249.1677,8.302836,5.118378,False,True,True,171.2109,28.125
kucher,CounterTerrorist,1964.798,1092.687,203.6395,M4A1,87,97,-250.5898,-2.810842,-44.88162,False,True,True,173.6719,29.17969
kucher,CounterTerrorist,1947.646,1096.115,198.5062,M4A1,87,97,-240.4725,73.36662,-101.1316,False,True,True,169.8047,28.82813
kucher,CounterTerrorist,1934.621,1100.724,191.7794,M4A1,87,97,-236.3569,91.7748,-144.8816,False,True,True,165.5859,28.125
kucher,CounterTerrorist,1920.024,1107.067,181.1618,M4A1,87,97,-231.3668,108.4318,-194.8816,False,True,True,161.7188,28.125
kucher,CounterTerrorist,1905.899,1114.714,167.4193,M4A1,87,97,-219.8302,136.6267,-244.8816,False,True,True,154.6875,27.07031
kucher,CounterTerrorist,1893.035,1124.77,150.5517,M4A1,87,97,-192.1973,181.1686,-294.8816,False,True,True,143.0859,24.96094
kucher,CounterTerrorist,1885.64,1133.638,153.755,M4A1,87,97,-79.12161,140.1306,233.0718,False,True,True,129.375,23.20313
